124551,2278,423430876
68685,99,24816390
264655,99,13940159
289732,99,18299103
265446,99,28444094
247801,99,25638267
36284,99,13651479
202476,99,19252925
60041,99,17967081
46645,99,17589162
70570,99,13730083
4633,99,36850567
17184,99,24315155
44414,99,14829049
46390,99,13510030
34095,99,16957666
117602,99,13115273
36379,99,13757013
32702,99,19071488
161707,99,14418941
134663,99,16016395
9598,99,20303690
66188,99,13839346
109897,99,13117520
-1,1,0
-1,0
-1,0
-1,0
-1,0
-1,0
-1,0
-1,0
34207,1461
35622,267
23545,419
17573,659
477226,49
261832,20
77697,47
6471,5896
-1,2500
53012,2224
28282,698
-1,0
19647,876
13753,1477
106257,813
-1,0
-1,0
-1,0
26639,1028
86711,604
141624,13
312702,7
175560,54
220488,332
356917,7
-1,0
37230,180
357289,10
128460,151
77541,114
16043,350
465999,11
697922,11
462215,11
140467,25
-1,0
-1,1
350449,59
211513,159
39622,602
232619,59
146602,124
79296,490
236184,1356
105788,147
168117,97
345680,35
-1,0
-1,0
58011,6
110997,136
-1,0
-1,0
2619,199
274957,6
27027,948
-1,1
227239,64
-1,0
392790,16
-1,0
-1,0
232,3000
113525,37
264939,42
-1,0
51058,144
-1,0
68603,52
-1,0
-1,0
48674,1437
66580,97
-1,4
-1,0
126358,11
-1,3
-1,1
259553,7
55340,1396
15289,896
-1,0
1543,3033
361419,188
