130627,2278,423430876
70374,99,24816390
271739,99,13940159
300460,99,18299103
273997,99,28444094
255170,99,25638267
37498,99,13651479
210050,99,19252925
61775,99,17967081
48402,99,17589162
72360,99,13730083
4722,99,36850567
17575,99,24315155
46661,99,14829049
47672,99,13510030
34996,99,16957666
120375,99,13115273
37187,99,13757013
33218,99,19071488
167697,99,14418941
138100,99,16016395
9867,99,20303690
68543,99,13839346
113046,99,13117520
-1,1,0
-1,0
-1,0
-1,0
-1,0
-1,0
-1,0
-1,0
35410,1461
37167,267
24204,419
17950,659
483957,49
266711,20
79504,47
6558,5896
-1,2500
53820,2224
29346,698
-1,0
21158,876
14274,1477
109291,813
-1,0
-1,0
-1,0
27135,1028
94113,604
143978,13
316637,7
180369,54
223914,332
362932,7
-1,0
37864,180
364368,10
130586,151
78078,114
16448,350
472169,11
709703,11
468133,11
145913,25
-1,0
-1,1
354848,59
215548,159
41751,602
237703,59
148359,124
79887,490
237496,1356
107015,147
171031,97
361516,35
-1,0
-1,0
59747,6
113530,136
-1,0
-1,0
2710,199
285590,6
28206,948
-1,1
232455,64
-1,0
400108,16
-1,0
-1,0
235,3000
115413,37
278810,42
-1,0
54439,144
-1,0
72319,52
-1,0
-1,0
49536,1437
67493,97
-1,4
-1,0
127391,11
-1,3
-1,1
264204,7
55989,1396
15563,896
-1,0
1587,3033
367242,188
