124785,2278,423430876
68751,99,24816390
264979,99,13940159
290231,99,18299103
265845,99,28444094
248065,99,25638267
36333,99,13651479
202768,99,19252925
60091,99,17967081
46724,99,17589162
70642,99,13730083
4634,99,36850567
17198,99,24315155
44624,99,14829049
46426,99,13510030
34133,99,16957666
117677,99,13115273
36403,99,13757013
32711,99,19071488
162073,99,14418941
134778,99,16016395
9605,99,20303690
66269,99,13839346
110018,99,13117520
-1,1,0
-1,0
-1,0
-1,0
-1,0
-1,0
-1,0
-1,0
34256,1461
35677,267
23567,419
17588,659
477457,49
261986,20
77767,47
6477,5896
-1,2500
52951,2224
28312,698
-1,0
19712,876
13767,1477
106352,813
-1,0
-1,0
-1,0
26657,1028
86986,604
141688,13
312798,7
175698,54
220614,332
357060,7
-1,0
37253,180
357497,10
128509,151
77541,114
16058,350
466174,11
698258,11
462393,11
140626,25
-1,0
-1,1
350517,59
211647,159
39716,602
232823,59
146671,124
79308,490
236214,1356
105820,147
168204,97
346202,35
-1,0
-1,0
58074,6
111078,136
-1,0
-1,0
2623,199
275292,6
27054,948
-1,1
227402,64
-1,0
392960,16
-1,0
-1,0
233,3000
113595,37
265667,42
-1,0
51197,144
-1,0
68728,52
-1,0
-1,0
48705,1437
66603,97
-1,4
-1,0
126400,11
-1,3
-1,1
259670,7
55358,1396
15299,896
-1,0
1544,3033
361578,188
