128094,2278,423430876
69679,99,24816390
268952,99,13940159
296284,99,18299103
270604,99,28444094
252105,99,25638267
37028,99,13651479
206980,99,19252925
60992,99,17967081
47670,99,17589162
71576,99,13730083
4678,99,36850567
17396,99,24315155
45855,99,14829049
47160,99,13510030
34623,99,16957666
119201,99,13115273
36870,99,13757013
32990,99,19071488
165543,99,14418941
136568,99,16016395
9754,99,20303690
67577,99,13839346
111727,99,13117520
-1,1,0
-1,0
-1,0
-1,0
-1,0
-1,0
-1,0
-1,0
34894,1461
36491,267
23875,419
17777,659
481163,49
264601,20
78691,47
6521,5896
-1,2500
53423,2224
28916,698
-1,0
20442,876
14046,1477
108016,813
-1,0
-1,0
-1,0
26917,1028
91107,604
142953,13
314932,7
178280,54
222371,332
360541,7
-1,0
37587,180
361137,10
129613,151
77825,114
16274,350
469279,11
704343,11
465383,11
143563,25
-1,0
-1,1
352818,59
213760,159
40919,602
235511,59
147472,124
79602,490
236882,1356
106454,147
169720,97
354681,35
-1,0
-1,0
58989,6
112423,136
-1,0
-1,0
2668,199
281031,6
27649,948
-1,1
230177,64
-1,0
396891,16
-1,0
-1,0
234,3000
114645,37
273672,42
-1,0
52991,144
-1,0
70713,52
-1,0
-1,0
49184,1437
67080,97
-1,4
-1,0
126961,11
-1,3
-1,1
262182,7
55734,1396
15424,896
-1,0
1565,3033
364429,188
