125312,2278,423430876
68923,99,24816390
265743,99,13940159
291309,99,18299103
266694,99,28444094
248722,99,25638267
36462,99,13651479
203448,99,19252925
60206,99,17967081
46888,99,17589162
70793,99,13730083
4638,99,36850567
17229,99,24315155
44885,99,14829049
46528,99,13510030
34210,99,16957666
117895,99,13115273
36486,99,13757013
32764,99,19071488
162781,99,14418941
135080,99,16016395
9614,99,20303690
66463,99,13839346
110277,99,13117520
-1,1,0
-1,0
-1,0
-1,0
-1,0
-1,0
-1,0
-1,0
34348,1461
35805,267
23616,419
17624,659
478084,49
262412,20
77922,47
6489,5896
-1,2500
53004,2224
28394,698
-1,0
19831,876
13813,1477
106625,813
-1,0
-1,0
-1,0
26708,1028
87693,604
141905,13
313130,7
176052,54
220905,332
357520,7
-1,0
37307,180
358096,10
128677,151
77580,114
16091,350
466637,11
699158,11
462837,11
141056,25
-1,0
-1,1
350881,59
211995,159
39913,602
233212,59
146807,124
79351,490
236337,1356
105927,147
168427,97
347522,35
-1,0
-1,0
58237,6
111336,136
-1,0
-1,0
2626,199
276263,6
27140,948
-1,1
227867,64
-1,0
393513,16
-1,0
-1,0
233,3000
113803,37
267253,42
-1,0
51484,144
-1,0
69035,52
-1,0
-1,0
48782,1437
66668,97
-1,4
-1,0
126491,11
-1,3
-1,1
260081,7
55426,1396
15316,896
-1,0
1545,3033
361982,188
