129812,2278,423430876
70143,99,24816390
270875,99,13940159
299092,99,18299103
272960,99,28444094
254282,99,25638267
37353,99,13651479
209110,99,19252925
61511,99,17967081
48180,99,17589162
72107,99,13730083
4706,99,36850567
17514,99,24315155
46419,99,14829049
47525,99,13510030
34855,99,16957666
120021,99,13115273
37150,99,13757013
33132,99,19071488
167027,99,14418941
137630,99,16016395
9830,99,20303690
68260,99,13839346
112658,99,13117520
-1,1,0
-1,0
-1,0
-1,0
-1,0
-1,0
-1,0
-1,0
35255,1461
36958,267
24078,419
17896,659
483067,49
266054,20
79244,47
6547,5896
-1,2500
53658,2224
29239,698
-1,0
20929,876
14204,1477
108891,813
-1,0
-1,0
-1,0
27059,1028
93130,604
143619,13
316043,7
179677,54
223430,332
362252,7
-1,0
37786,180
363394,10
130294,151
77994,114
16390,350
471308,11
708070,11
467317,11
145158,25
-1,0
-1,1
354243,59
215000,159
41509,602
236984,59
148079,124
79795,490
237313,1356
106851,147
170610,97
359370,35
-1,0
-1,0
59512,6
113196,136
-1,0
-1,0
2694,199
284183,6
28021,948
-1,1
231765,64
-1,0
399148,16
-1,0
-1,0
235,3000
115174,37
277261,42
-1,0
53972,144
-1,0
71803,52
-1,0
-1,0
49432,1437
67368,97
-1,4
-1,0
127269,11
-1,3
-1,1
263595,7
55926,1396
15498,896
-1,0
1574,3033
366371,188
