126785,2278,423430876
69311,99,24816390
267498,99,13940159
294025,99,18299103
268824,99,28444094
250502,99,25638267
36786,99,13651479
205391,99,19252925
60646,99,17967081
47283,99,17589162
71192,99,13730083
4653,99,36850567
17330,99,24315155
45432,99,14829049
46840,99,13510030
34422,99,16957666
118556,99,13115273
36696,99,13757013
32897,99,19071488
164414,99,14418941
135901,99,16016395
9678,99,20303690
66910,99,13839346
111044,99,13117520
-1,1,0
-1,0
-1,0
-1,0
-1,0
-1,0
-1,0
-1,0
34627,1461
36153,267
23740,419
17698,659
479740,49
263529,20
78349,47
6500,5896
-1,2500
53221,2224
28659,698
-1,0
20162,876
13936,1477
107333,813
-1,0
-1,0
-1,0
26820,1028
89616,604
142465,13
314014,7
177195,54
221627,332
359076,7
-1,0
37449,180
359593,10
129141,151
77681,114
16173,350
467892,11
701609,11
464018,11
142384,25
-1,0
-1,1
351791,59
212851,159
40472,602
234416,59
147128,124
79449,490
236559,1356
106196,147
169112,97
351237,35
-1,0
-1,0
58635,6
111858,136
-1,0
-1,0
2648,199
278798,6
27400,948
-1,1
229057,64
-1,0
395294,16
-1,0
-1,0
234,3000
114228,37
270815,42
-1,0
52327,144
-1,0
69924,52
-1,0
-1,0
48987,1437
66887,97
-1,4
-1,0
126719,11
-1,3
-1,1
261139,7
55567,1396
15359,896
-1,0
1560,3033
363152,188
