46828,2376,392528978
207486,99,16118745
178258,99,15458605
204878,99,23121592
181675,99,35375483
232152,99,26920328
212442,99,13035078
116694,99,24887395
147890,99,13966043
72357,99,15025645
103534,99,13361428
81756,99,13568932
158323,99,13300529
98511,99,13758443
73314,99,13222612
30784,99,17537773
88465,99,13225990
129635,99,13034797
197931,99,13035643
161399,99,14434282
106321,99,17421024
101554,99,13046805
103327,99,13155526
45456,99,13328523
31241,99,13187757
-1,0
-1,0
-1,0
-1,0
-1,0
-1,0
-1,0
94674,740
55998,170
69859,153
71485,276
266214,112
304342,16
186121,13
257951,581
-1,2500
-1,0
36589,595
186217,1698
41623,723
98135,494
71513,1163
62251,88
108356,500
115860,52
62510,714
444549,22
-1,1
289342,11
-1,0
167253,522
192872,71
-1,0
111747,51
701,1662
78353,300
-1,0
37189,193
33442,838
215326,249
174520,182
295581,25
-1,0
107470,200
82810,589
238079,129
297402,53
76125,117
38656,377
68350,553
550419,147
168585,52
65121,272
101198,228
-1,0
-1,0
168367,2
-1,0
-1,0
-1,0
99043,18
204409,47
222343,64
9857,645
500383,12
-1,0
103707,45
-1,0
-1,0
89419,261
75785,52
153505,224
161909,49
-1,1
195194,138
-1,1
-1,0
-1,0
332510,21
301578,11
-1,1
163342,1
86835,15
161177,24
63905,194
253654,8
533203,76
357997,435
-1,0
-1,0
75237,1615
