46387,2376,392528978
206865,99,16118745
177634,99,15458605
203753,99,23121592
180803,99,35375483
231330,99,26920328
211988,99,13035078
116036,99,24887395
147454,99,13966043
71883,99,15025645
103249,99,13361428
81562,99,13568932
158002,99,13300529
97973,99,13758443
73079,99,13222612
30671,99,17537773
88149,99,13225990
129269,99,13034797
197434,99,13035643
160721,99,14434282
105962,99,17421024
100991,99,13046805
102953,99,13155526
45207,99,13328523
30553,99,13187757
-1,0
-1,0
-1,0
-1,0
-1,0
-1,0
-1,0
94405,740
55753,170
69660,153
71334,276
265748,112
303694,16
185759,13
257733,581
-1,2500
-1,0
36479,595
185328,1698
41340,723
97676,494
71353,1163
61865,88
107711,500
115440,52
62349,714
437373,22
-1,1
288824,11
-1,0
166815,522
192558,71
-1,0
111543,51
700,1662
78169,300
-1,0
37081,193
33411,838
214906,249
174246,182
295078,25
-1,0
106716,200
82684,589
237548,129
296279,53
75920,117
38608,377
68265,553
549463,147
168282,52
64928,272
100378,228
168119,2
-1,0
-1,0
-1,0
-1,0
98848,18
203364,47
221379,64
9837,645
498695,12
-1,0
103531,45
-1,0
-1,0
89131,261
75546,52
152280,224
160900,49
-1,1
193406,138
-1,1
-1,0
-1,0
331792,21
300685,11
-1,1
163399,1
86717,15
160196,24
63791,194
253084,8
532321,76
357554,435
-1,0
-1,0
75145,1615
