49876,2376,400773781
205878,99,16327046
176006,99,15655470
181139,99,26035385
174935,99,36999015
234540,99,27399293
157203,99,13067153
113814,99,25784402
123833,99,14539913
75498,99,15031355
106219,99,13361428
74091,99,13861622
161748,99,13300529
100136,99,13790501
74924,99,13224180
31288,99,17625716
90573,99,13230469
129244,99,13035326
174116,99,13113289
147492,99,15167010
108891,99,17461436
100683,99,13055605
103834,99,13172973
47279,99,13330851
35324,99,13203814
-1,0
-1,0
-1,0
-1,0
-1,0
-1,0
-1,0
88993,794
58713,170
70616,157
61164,318
263172,116
281719,19
185172,14
259543,581
-1,2500
-1,0
38161,595
195263,1698
40484,744
102895,494
73791,1163
61046,95
85218,694
119137,52
63730,714
494521,25
463803,5
293124,11
-1,0
169656,525
196274,71
-1,0
113468,51
720,1662
79402,302
270179,5
38211,193
33728,838
218604,249
176348,182
300786,25
-1,0
114464,200
80799,609
243735,129
312016,53
78205,117
38874,379
67546,563
557993,147
170913,52
66484,272
109206,228
75961,50
68427,5
171037,2
-1,0
-1,0
-1,0
101196,18
211019,50
232871,64
10050,645
517350,12
-1,1
106238,45
-1,0
-1,0
91923,261
77059,52
159268,232
172024,49
-1,4
165557,188
-1,1
-1,0
-1,0
334395,24
305718,12
-1,1
162803,1
82002,16
169227,24
65065,194
258965,8
529160,84
362687,435
-1,3
-1,0
56138,2003
