49116,2376,400770487
205097,99,16327046
175183,99,15655470
179721,99,26035385
173726,99,36999015
233357,99,27399293
156638,99,13067153
112936,99,25782668
123126,99,14539913
74864,99,15031355
105690,99,13361428
73652,99,13861622
161170,99,13300529
99544,99,13790501
74724,99,13224180
31106,99,17625716
90012,99,13230469
128652,99,13035326
173583,99,13113289
146558,99,15167010
108265,99,17461436
100255,99,13055605
103578,99,13171413
46908,99,13330851
34515,99,13203814
-1,0
-1,0
-1,0
-1,0
-1,0
-1,0
-1,0
88379,794
58156,170
70138,157
60897,318
262261,116
280869,19
184688,14
259493,581
-1,2500
-1,0
37922,595
193812,1698
39936,744
101979,494
73406,1163
60371,95
84270,694
118501,52
63489,714
486435,25
462860,5
292925,11
-1,0
169052,525
195770,71
-1,0
113159,51
717,1662
79115,302
269725,5
37989,193
33676,838
217973,249
175986,182
299777,25
-1,0
113086,200
80540,609
242704,129
309852,53
77780,117
38783,379
67445,563
556500,147
170426,52
66203,272
107694,228
72532,50
66284,5
170536,2
-1,0
-1,0
-1,0
100777,18
209454,50
230781,64
10024,645
514483,12
-1,1
105778,45
-1,0
-1,0
91590,261
76859,52
157823,232
169961,49
-1,4
163220,188
-1,1
-1,0
-1,0
333262,24
304357,12
-1,1
163033,1
81943,16
167718,24
64918,194
258044,8
527577,84
362187,435
-1,3
-1,0
56037,2003
