50707,2376,400980808
206867,99,16327046
177074,99,15655470
182799,99,26035385
176387,99,36999015
236108,99,27399293
157845,99,13067153
114992,99,25784402
124665,99,14539913
72663,99,15237998
106801,99,13361428
74498,99,13861622
162517,99,13300529
100817,99,13790501
75371,99,13224180
31480,99,17625716
91197,99,13230469
129964,99,13035326
174809,99,13113586
148505,99,15167010
109606,99,17461436
101225,99,13055605
104493,99,13172973
47694,99,13330851
36222,99,13203901
-1,0
-1,0
-1,0
-1,0
-1,0
-1,0
-1,0
89684,794
59356,170
71138,157
61464,318
264185,116
282793,19
185856,14
259748,581
-1,2500
-1,0
38469,595
197113,1698
40977,745
103862,494
74208,1163
61682,95
86254,694
119904,52
64000,714
506006,25
464882,5
294215,11
-1,0
170301,525
196927,71
-1,0
113817,51
724,1662
79743,302
270779,5
38431,193
33779,838
219322,249
176731,182
301869,25
-1,0
115953,200
81040,609
244800,129
314242,53
78663,117
38951,379
67668,563
559721,147
171398,52
66747,272
110892,228
79251,50
70792,5
171661,2
-1,0
-1,0
-1,0
101698,18
212690,50
235109,64
10083,645
520484,12
-1,1
106767,45
-1,0
-1,0
92412,261
77329,52
160807,232
173944,49
-1,4
168092,188
-1,1
-1,0
-1,0
335653,24
307438,12
-1,1
162715,1
82075,16
170971,24
65293,194
260199,8
530992,84
363711,435
-1,3
-1,0
56261,2003
