48352,2376,397571554
210602,99,16123457
181396,99,15463342
184888,99,25294305
178333,99,36225853
234251,99,27129208
211874,99,13035423
117177,99,25182229
122039,99,14539913
73945,99,15031355
104902,99,13361428
72865,99,13861622
160087,99,13300529
98699,99,13788698
74165,99,13224150
30875,99,17612941
89785,99,13227400
129448,99,13035061
172643,99,13113289
154613,99,14802426
107353,99,17461436
100789,99,13051805
102647,99,13171069
46302,99,13330801
33133,99,13203814
-1,0
-1,0
-1,0
-1,0
-1,0
-1,0
-1,0
88357,789
57355,170
69531,157
61719,313
260915,116
279736,19
184040,14
258972,581
-1,2500
-1,0
37495,595
191278,1698
39893,740
100587,494
72768,1163
64161,88
82755,694
117569,52
63108,714
480161,22
-1,1
291686,11
-1,0
168170,525
194789,71
-1,0
112613,51
713,1662
79237,300
-1,0
37681,193
33581,838
216990,249
175425,182
298289,25
-1,0
111093,200
83460,589
241034,129
306003,53
77197,117
38856,377
68671,553
554182,147
169688,52
65776,272
105385,228
-1,1
-1,0
169758,2
-1,0
-1,0
-1,0
100198,18
209570,47
227680,64
9949,645
509447,12
-1,1
105058,45
-1,0
-1,0
90954,261
76513,52
155437,232
166724,49
-1,1
162695,184
-1,1
-1,0
-1,0
336527,21
306230,11
-1,1
163122,1
87201,15
165436,24
64572,194
256510,8
537593,76
360742,435
-1,3
-1,0
55930,2003
