48341,2376,396669152
210405,99,16122932
181233,99,15462816
189392,99,24861876
180011,99,35998582
235053,99,27031933
211721,99,13035423
118374,99,25038796
121896,99,14539913
73857,99,15031355
104807,99,13361428
72748,99,13861622
159967,99,13300529
98626,99,13787968
74108,99,13224137
30852,99,17612941
89695,99,13227400
130897,99,13034861
172517,99,13113289
154406,99,14802426
107244,99,17461436
100698,99,13051805
102511,99,13171069
46230,99,13330801
32984,99,13203814
-1,0
-1,0
-1,0
-1,0
-1,0
-1,0
-1,0
88264,789
57280,170
69466,157
61666,313
260760,116
279649,19
183990,14
258869,581
-1,2500
-1,0
37438,595
190902,1698
40631,736
100436,494
72693,1163
64018,88
82577,694
117463,52
63055,714
478039,22
-1,1
291525,11
-1,0
168062,525
194633,71
-1,0
112562,51
714,1662
79171,300
-1,0
37644,193
33568,838
216862,249
175363,182
298106,25
-1,0
110844,200
83409,589
240818,129
305529,53
77143,117
38836,377
68643,553
553895,147
169607,52
65743,272
105126,228
-1,1
-1,0
169660,2
-1,0
-1,0
-1,0
100125,18
209211,47
227257,64
9945,645
508752,12
-1,1
104963,45
-1,0
-1,0
90843,261
76470,52
155135,232
166344,49
-1,1
202352,138
-1,1
-1,0
-1,0
336268,21
305880,11
-1,1
163098,1
87179,15
165138,24
64528,194
256329,8
537271,76
360519,435
-1,0
-1,0
59681,1916
