48862,2376,400770487
204844,99,16327046
174876,99,15655470
179283,99,26035385
173391,99,36999015
232921,99,27399293
156416,99,13067153
112635,99,25782668
122925,99,14539913
74695,99,15031355
105535,99,13361428
73526,99,13861622
160942,99,13300529
99343,99,13790501
74591,99,13224180
31050,99,17625716
89875,99,13230469
128494,99,13035326
173392,99,13113289
146249,99,15167010
108111,99,17461436
100115,99,13055605
103398,99,13171413
46792,99,13330851
34278,99,13203814
-1,0
-1,0
-1,0
-1,0
-1,0
-1,0
-1,0
88209,794
57981,170
70017,157
60829,318
262026,116
280620,19
184525,14
259399,581
-1,2500
-1,0
37846,595
193344,1698
39786,744
101730,494
73268,1163
60141,95
83974,694
118332,52
63405,714
483344,25
462578,5
292642,11
-1,0
168853,525
195579,71
-1,0
113044,51
716,1662
79029,302
269551,5
37927,193
33658,838
217775,249
175847,182
299483,25
-1,0
112712,200
80462,609
242360,129
309129,53
77684,117
38765,379
67402,563
556053,147
170296,52
66106,272
107241,228
71391,50
65618,5
170385,2
-1,0
-1,0
-1,0
100685,18
208933,50
230205,64
10017,645
513528,12
-1,1
105635,45
-1,0
-1,0
91440,261
76788,52
157391,232
169237,49
-1,4
162464,188
-1,1
-1,0
-1,0
332873,24
303900,12
-1,1
163046,1
81918,16
167325,24
64840,194
257754,8
527126,84
361900,435
-1,3
-1,0
55994,2003
