46697,2376,392528978
207256,99,16118745
178058,99,15458605
204461,99,23121592
181395,99,35375483
231932,99,26920328
212296,99,13035078
116505,99,24887395
147787,99,13966043
72229,99,15025645
103468,99,13361428
81714,99,13568932
158239,99,13300529
98184,99,13758443
73243,99,13222612
30749,99,17537773
88378,99,13225990
129533,99,13034797
197810,99,13035643
161106,99,14434282
106225,99,17421024
101138,99,13046805
103179,99,13155526
45348,99,13328523
30855,99,13187757
-1,0
-1,0
-1,0
-1,0
-1,0
-1,0
-1,0
94593,740
55937,170
69804,153
71439,276
266055,112
304191,16
186030,13
257920,581
-1,2500
-1,0
36571,595
186013,1698
41504,723
98004,494
71471,1163
62170,88
108159,500
115756,52
62471,714
442498,22
-1,1
289253,11
-1,0
167143,522
192825,71
-1,0
111703,51
701,1662
78322,300
-1,0
37173,193
33439,838
215228,249
174469,182
295462,25
-1,0
107288,200
82792,589
237935,129
296926,53
76070,117
38652,377
68341,553
550221,147
168533,52
65094,272
100976,228
168308,2
-1,0
-1,0
-1,0
-1,0
99001,18
204141,47
222122,64
9855,645
499961,12
-1,0
103669,45
-1,0
-1,0
89343,261
75730,52
153174,224
161693,49
-1,1
194741,138
-1,1
-1,0
-1,0
332314,21
301383,11
-1,1
163401,1
86817,15
160938,24
63891,194
253554,8
533013,76
357901,435
-1,0
-1,0
75211,1615
