47299,2376,395310228
208632,99,16122930
179460,99,15462815
192948,99,24290271
179399,99,35804303
232919,99,27005642
210647,99,13035408
117257,99,24964716
132504,99,14271953
72971,99,15025915
104037,99,13361428
75140,99,13755542
158990,99,13300529
98586,99,13770478
73446,99,13224137
30952,99,17543081
88736,99,13227400
130119,99,13034825
171447,99,13113215
152698,99,14791226
106322,99,17461436
99780,99,13051805
103648,99,13156908
45521,99,13330801
31615,99,13203464
-1,0
-1,0
-1,0
-1,0
-1,0
-1,0
-1,0
93787,749
56468,170
70290,153
69071,285
267355,112
305509,16
186805,13
258393,581
-1,2500
-1,0
36928,595
187975,1698
41116,729
99078,494
72014,1163
62961,88
81058,694
116542,52
62738,714
458502,22
-1,1
290204,11
-1,0
167287,525
193453,71
-1,0
112081,51
707,1662
78686,300
-1,0
37364,193
33479,838
215919,249
174871,182
296548,25
-1,0
108790,200
83049,589
239217,129
301173,53
76512,117
38718,377
68481,553
551784,147
168992,52
65347,272
102730,228
-1,0
-1,0
168887,2
-1,0
-1,0
-1,0
99505,18
206311,47
224173,64
9890,645
503643,12
-1,0
104155,45
-1,0
-1,0
89958,261
76080,52
152348,232
163760,49
-1,1
198144,138
-1,1
-1,0
-1,0
334133,21
303306,11
-1,1
163290,1
86977,15
162778,24
64177,194
254666,8
534844,76
359029,435
-1,0
-1,0
73848,1640
