48836,2376,400342724
204758,99,16327046
174788,99,15655470
179664,99,25981843
174264,99,36879602
232801,99,27397522
156373,99,13067143
114261,99,25600627
122873,99,14539913
74638,99,15031355
105489,99,13361428
73476,99,13861622
160869,99,13300529
99282,99,13790501
74567,99,13224180
31027,99,17625716
89836,99,13230461
128502,99,13035315
173338,99,13113289
147914,99,15096043
108045,99,17461436
100079,99,13055605
103336,99,13171413
46753,99,13330851
34204,99,13203814
-1,0
-1,0
-1,0
-1,0
-1,0
-1,0
-1,0
88168,794
57933,170
69974,157
60803,318
261941,116
280531,19
184474,14
259362,581
-1,2500
-1,0
37822,595
193143,1698
39729,744
101635,494
73230,1163
60070,95
83883,694
118264,52
63379,714
482396,25
462501,5
292555,11
-1,0
168808,525
195522,71
-1,0
113017,51
716,1662
78993,302
269486,5
37913,193
33650,838
217727,249
175815,182
299393,25
-1,0
112610,200
80435,609
242265,129
308936,53
77653,117
38760,379
67395,563
555940,147
170253,52
66081,272
107105,228
71066,50
65417,5
170322,2
-1,0
-1,0
-1,0
100643,18
208771,50
230048,64
10014,645
513272,12
-1,1
105589,45
-1,0
-1,0
91419,261
76763,52
157249,232
169005,49
-1,4
162244,188
-1,1
-1,0
-1,0
332761,24
303769,12
-1,1
163043,1
81908,16
167180,24
64816,194
257663,8
526970,84
361825,435
-1,3
-1,0
55987,2003
