392539,2083,162281003
322214,99,14039959
386674,99,13150944
510462,99,13976931
519055,99,18593508
792424,96,10321520
375680,88,4675083
966789,92,7132329
1034301,80,2100353
531368,87,4360904
761053,82,2563693
678545,82,2619878
1324832,76,1337785
502769,86,3811772
1096280,72,919327
15827,99,23007098
828850,75,1216386
288837,86,3851006
219325,97,11253061
1591149,65,452433
945352,79,1910595
80060,99,13095552
532092,81,2357972
332150,85,3439449
240755,80,2093465
-1,0
-1,0
-1,0
-1,0
-1,0
-1,0
-1,0
621177,93
162825,54
411720,20
809283,11
976075,7
-1,0
567659,1
-1,469
-1,2500
-1,0
184556,241
-1,0
-1,186
-1,0
-1,0
309609,13
-1,0
-1,0
-1,0
-1,0
-1,0
-1,0
-1,0
-1,0
-1,1
-1,0
-1,0
-1,0
-1,0
-1,0
-1,0
-1,0
-1,0
-1,0
-1,0
-1,0
-1,0
-1,0
-1,0
-1,0
-1,2
-1,0
-1,0
-1,0
-1,0
-1,0
14691,447
-1,0
-1,0
-1,0
-1,0
-1,0
-1,0
-1,0
-1,0
-1,0
-1,0
-1,0
-1,0
-1,0
-1,0
-1,0
-1,0
-1,1
319999,19
-1,4
-1,0
354900,40
-1,0
-1,0
-1,0
-1,0
-1,0
-1,0
-1,0
-1,0
-1,0
-1,0
-1,0
-1,0
1807562,10
-1,0
-1,0
-1,0
