392336,2083,162236515
322107,99,14039631
386541,99,13150944
510916,99,13971021
519026,99,18588664
792195,96,10321520
375581,88,4675083
967301,92,7119050
1034141,80,2099903
531185,87,4359994
761322,82,2560743
678376,82,2619558
1324507,76,1337785
502665,86,3811002
1096943,72,918557
15814,99,23006838
828637,75,1216326
288735,86,3850921
219250,97,11253061
1590796,65,452433
947031,79,1897323
80011,99,13095552
531958,81,2357692
332026,85,3439449
240443,80,2093465
-1,0
-1,0
-1,0
-1,0
-1,0
-1,0
-1,0
621038,93
162748,54
411649,20
809121,11
975943,7
-1,0
567642,1
-1,469
-1,2500
-1,0
184439,241
-1,0
-1,186
-1,0
-1,0
309380,13
-1,0
-1,0
-1,0
-1,0
-1,0
-1,0
-1,0
-1,0
-1,1
-1,0
-1,0
-1,0
-1,0
-1,0
-1,0
-1,0
-1,0
-1,0
-1,0
-1,0
-1,0
-1,0
-1,0
-1,0
-1,2
-1,0
-1,0
-1,0
-1,0
-1,0
14675,447
-1,0
-1,0
-1,0
-1,0
-1,0
-1,0
-1,0
-1,0
-1,0
-1,0
-1,0
-1,0
-1,0
-1,0
-1,0
-1,0
-1,1
324291,17
-1,4
-1,0
354557,40
-1,0
-1,0
-1,0
-1,0
-1,0
-1,0
-1,0
-1,0
-1,0
-1,0
-1,0
-1,0
1807148,10
-1,0
-1,0
-1,0
