441642,2044,153502592
460141,99,13081834
382978,99,13129438
574162,99,13441940
528466,99,17913191
779717,96,10241994
381483,88,4392368
1037899,91,5926455
1033101,80,2045298
522323,87,4282249
752323,82,2539113
682755,82,2528646
1323149,75,1288795
496025,86,3733758
1184029,71,848723
16023,99,22600636
1191430,69,704420
299807,86,3645094
216417,97,10915036
1619692,63,394433
1181208,72,948249
81837,99,13081614
552930,80,2187312
343262,85,3349202
423309,60,282794
-1,0
-1,0
-1,0
-1,0
-1,0
-1,0
-1,0
803259,53
235648,33
549673,13
961205,7
-1,0
-1,0
-1,0
-1,469
-1,2500
-1,0
175252,241
-1,0
-1,140
-1,0
-1,0
-1,0
-1,0
-1,0
-1,0
-1,0
-1,0
-1,0
-1,0
-1,0
-1,1
-1,0
-1,0
-1,0
-1,0
-1,0
-1,0
-1,0
-1,0
-1,0
-1,0
-1,0
-1,0
-1,0
-1,0
-1,0
-1,0
-1,0
-1,0
-1,0
-1,0
-1,0
-1,0
-1,0
-1,0
-1,0
-1,0
-1,0
-1,0
-1,0
-1,0
-1,0
-1,0
-1,0
-1,0
-1,0
-1,0
-1,0
-1,0
-1,0
-1,0
-1,0
-1,0
386393,22
-1,0
-1,0
-1,0
-1,0
-1,0
-1,0
-1,0
-1,0
-1,0
-1,0
-1,0
-1,0
1779602,10
-1,0
-1,0
-1,0
