396089,2079,159093198
451502,99,13123927
385646,99,13148061
532411,99,13772291
532494,99,18131989
791611,96,10269901
385331,88,4413385
987700,92,6765580
1043218,80,2056808
531022,87,4313357
760284,82,2549947
678935,82,2601873
1320320,76,1337785
502171,86,3784682
1196225,71,856009
15802,99,22946685
855033,74,1103365
293311,86,3774855
218396,97,11227152
1586536,65,452433
994158,77,1611352
79531,99,13095552
544870,81,2271195
338913,85,3391549
236505,80,2093465
-1,0
-1,0
-1,0
-1,0
-1,0
-1,0
-1,0
644777,86
171727,50
461555,17
807099,11
973817,7
-1,0
567131,1
-1,469
-1,2500
-1,0
182664,241
-1,0
-1,173
-1,0
-1,0
305862,13
-1,0
-1,0
-1,0
-1,0
-1,0
-1,0
-1,0
-1,0
-1,1
-1,0
-1,0
-1,0
-1,0
-1,0
-1,0
-1,0
-1,0
-1,0
-1,0
-1,0
-1,0
-1,0
-1,0
-1,0
-1,0
-1,0
-1,0
-1,0
-1,0
-1,0
-1,1
-1,0
-1,0
-1,0
-1,0
-1,0
-1,0
-1,0
-1,0
-1,0
-1,0
-1,0
-1,0
-1,0
-1,0
-1,0
-1,0
-1,0
-1,0
-1,0
-1,0
404936,22
-1,0
-1,0
-1,0
-1,0
-1,0
-1,0
-1,0
-1,0
-1,0
-1,0
-1,0
-1,0
1802428,10
-1,0
-1,0
-1,0
