404250,2072,157805496
449258,99,13123313
389156,99,13130447
530451,99,13762733
531971,99,18060841
788900,96,10254097
383795,88,4413381
1012477,91,6388486
1042951,80,2046918
528620,87,4305322
757811,82,2549652
679366,82,2584153
1318482,75,1330645
501549,86,3759378
1197081,71,850767
15700,99,22929884
893527,72,976621
292239,86,3769421
218314,97,11053994
1586740,64,447433
1071125,75,1279497
80204,99,13091719
554171,81,2213430
337445,85,3389899
232225,80,2093465
-1,0
-1,0
-1,0
-1,0
-1,0
-1,0
-1,0
662648,81
176111,48
479902,16
838979,10
1006517,6
-1,0
566790,1
-1,469
-1,2500
-1,0
180751,241
-1,0
-1,161
-1,0
-1,0
301991,13
-1,0
-1,0
-1,0
-1,0
-1,0
-1,0
-1,0
-1,0
-1,1
-1,0
-1,0
-1,0
-1,0
-1,0
-1,0
-1,0
-1,0
-1,0
-1,0
-1,0
-1,0
-1,0
-1,0
-1,0
-1,0
-1,0
-1,0
-1,0
-1,0
-1,0
-1,1
-1,0
-1,0
-1,0
-1,0
-1,0
-1,0
-1,0
-1,0
-1,0
-1,0
-1,0
-1,0
-1,0
-1,0
-1,0
-1,0
-1,0
-1,0
-1,0
-1,0
399958,22
-1,0
-1,0
-1,0
-1,0
-1,0
-1,0
-1,0
-1,0
-1,0
-1,0
-1,0
-1,0
1796739,10
-1,0
-1,0
-1,0
