456479,2034,153305710
458206,99,13081834
381198,99,13129438
571315,99,13441712
526287,99,17911650
777417,96,10241994
380632,88,4391801
1035908,91,5919136
1031002,80,2045298
520581,87,4281999
750895,82,2539113
681145,82,2528646
1319851,75,1288795
493129,86,3733698
1180659,71,848571
15954,99,22600544
1189741,69,698730
298944,86,3645094
215827,97,10915036
1616620,63,394433
1178518,72,948249
81357,99,13081614
550937,80,2187280
342290,85,3348452
518307,50,102593
-1,0
-1,0
-1,0
-1,0
-1,0
-1,0
-1,0
877419,43
260612,29
816723,7
959772,7
-1,0
-1,0
-1,0
-1,469
-1,2500
-1,0
174328,241
-1,0
-1,133
-1,0
-1,0
-1,0
-1,0
-1,0
-1,0
-1,0
-1,0
-1,0
-1,0
-1,0
-1,1
-1,0
-1,0
-1,0
-1,0
-1,0
-1,0
-1,0
-1,0
-1,0
-1,0
-1,0
-1,0
-1,0
-1,0
-1,0
-1,0
-1,0
-1,0
-1,0
-1,0
-1,0
-1,0
-1,0
-1,0
-1,0
-1,0
-1,0
-1,0
-1,0
-1,0
-1,0
-1,0
-1,0
-1,0
-1,0
-1,0
-1,0
-1,0
-1,0
-1,0
-1,0
-1,0
383427,22
-1,0
-1,0
-1,0
-1,0
-1,0
-1,0
-1,0
-1,0
-1,0
-1,0
-1,0
-1,0
1775179,10
-1,0
-1,0
-1,0
