413400,2064,155559159
464511,99,13081834
386850,99,13129438
579826,99,13442432
533700,99,17913355
785278,96,10241994
383913,88,4392368
1024320,91,6162233
1038934,80,2045298
526476,87,4285862
756242,82,2539113
688187,82,2528646
1331035,75,1288795
500529,86,3733758
1191174,71,850038
16128,99,22612465
1195753,69,724420
302714,86,3645100
217992,97,10915036
1627376,63,394433
1174864,72,975055
82905,99,13081614
557636,80,2187376
344767,85,3354046
230023,80,2034450
-1,0
-1,0
-1,0
-1,0
-1,0
-1,0
-1,0
788050,56
232228,34
500055,15
965148,7
-1,0
-1,0
-1,0
-1,469
-1,2500
-1,0
178235,241
-1,0
-1,143
-1,0
-1,0
-1,0
-1,0
-1,0
-1,0
-1,0
-1,0
-1,0
-1,0
-1,0
-1,1
-1,0
-1,0
-1,0
-1,0
-1,0
-1,0
-1,0
-1,0
-1,0
-1,0
-1,0
-1,0
-1,0
-1,0
-1,0
-1,0
-1,0
-1,0
-1,0
-1,0
-1,0
-1,0
-1,0
-1,0
-1,0
-1,0
-1,0
-1,0
-1,0
-1,0
-1,0
-1,0
-1,0
-1,0
-1,0
-1,0
-1,0
-1,0
-1,0
-1,0
-1,0
-1,0
393916,22
-1,0
-1,0
-1,0
-1,0
-1,0
-1,0
-1,0
-1,0
-1,0
-1,0
-1,0
-1,0
1789308,10
-1,0
-1,0
-1,0
