397458,2078,159040290
451312,99,13123927
385503,99,13148061
532202,99,13772291
532266,99,18131989
791387,96,10269901
385202,88,4413385
987850,92,6762577
1042930,80,2056808
530786,87,4313357
760095,82,2549947
678720,82,2601873
1320094,76,1337785
502293,86,3780682
1195908,71,856009
15786,99,22946685
867220,73,1059206
293199,86,3774855
218315,97,11227152
1586247,65,452433
994216,77,1609606
79493,99,13095552
544704,81,2271195
338776,85,3391549
236170,80,2093465
-1,0
-1,0
-1,0
-1,0
-1,0
-1,0
-1,0
644618,86
171635,50
461448,17
806966,11
973681,7
-1,0
567086,1
-1,469
-1,2500
-1,0
182515,241
-1,0
-1,173
-1,0
-1,0
305596,13
-1,0
-1,0
-1,0
-1,0
-1,0
-1,0
-1,0
-1,0
-1,1
-1,0
-1,0
-1,0
-1,0
-1,0
-1,0
-1,0
-1,0
-1,0
-1,0
-1,0
-1,0
-1,0
-1,0
-1,0
-1,0
-1,0
-1,0
-1,0
-1,0
-1,0
-1,1
-1,0
-1,0
-1,0
-1,0
-1,0
-1,0
-1,0
-1,0
-1,0
-1,0
-1,0
-1,0
-1,0
-1,0
-1,0
-1,0
-1,0
-1,0
-1,0
-1,0
404613,22
-1,0
-1,0
-1,0
-1,0
-1,0
-1,0
-1,0
-1,0
-1,0
-1,0
-1,0
-1,0
1802200,10
-1,0
-1,0
-1,0
