397188,2079,159646818
414322,99,13261556
386059,99,13148390
530693,99,13791352
529810,99,18228552
792191,96,10269901
385820,88,4413385
971135,92,7016227
1042236,80,2063778
532104,87,4313357
761200,82,2549947
679371,82,2604571
1321535,76,1337785
502441,86,3792832
1197599,71,856009
15834,99,22946685
855878,74,1104119
293663,86,3774855
218725,97,11227152
1587879,65,452433
995027,77,1613206
79692,99,13095552
540027,81,2300160
339495,85,3391549
237927,80,2093465
-1,0
-1,0
-1,0
-1,0
-1,0
-1,0
-1,0
645580,86
172168,50
462106,17
807755,11
974497,7
-1,0
567242,1
-1,469
-1,2500
-1,0
183230,241
-1,0
-1,176
-1,0
-1,0
307186,13
-1,0
-1,0
-1,0
-1,0
-1,0
-1,0
-1,0
-1,0
-1,1
-1,0
-1,0
-1,0
-1,0
-1,0
-1,0
-1,0
-1,0
-1,0
-1,0
-1,0
-1,0
-1,0
-1,0
-1,0
-1,0
-1,0
-1,0
-1,0
-1,0
-1,0
268963,71
-1,0
-1,0
-1,0
-1,0
-1,0
-1,0
-1,0
-1,0
-1,0
-1,0
-1,0
-1,0
-1,0
-1,0
-1,0
-1,0
-1,0
-1,0
-1,0
-1,0
406521,22
-1,0
-1,0
-1,0
-1,0
-1,0
-1,0
-1,0
-1,0
-1,0
-1,0
-1,0
-1,0
1803655,10
-1,0
-1,0
-1,0
