404022,2072,157726653
449254,99,13123313
389178,99,13130447
530442,99,13762641
531876,99,18060811
788722,96,10254097
383698,88,4413381
1012289,91,6387985
1042721,80,2046918
528382,87,4305322
757626,82,2549652
679119,82,2584153
1318133,75,1330645
501368,86,3759378
1196769,71,850767
15699,99,22929884
935628,72,902242
292125,86,3769421
218264,97,11053994
1586483,64,447433
1072055,75,1275656
80163,99,13091719
554031,81,2213430
337321,85,3389899
231872,80,2093465
-1,0
-1,0
-1,0
-1,0
-1,0
-1,0
-1,0
662498,81
176021,48
479792,16
838846,10
1006440,6
-1,0
566792,1
-1,469
-1,2500
-1,0
180624,241
-1,0
-1,161
-1,0
-1,0
301695,13
-1,0
-1,0
-1,0
-1,0
-1,0
-1,0
-1,0
-1,0
-1,1
-1,0
-1,0
-1,0
-1,0
-1,0
-1,0
-1,0
-1,0
-1,0
-1,0
-1,0
-1,0
-1,0
-1,0
-1,0
-1,0
-1,0
-1,0
-1,0
-1,0
-1,0
-1,1
-1,0
-1,0
-1,0
-1,0
-1,0
-1,0
-1,0
-1,0
-1,0
-1,0
-1,0
-1,0
-1,0
-1,0
-1,0
-1,0
-1,0
-1,0
-1,0
-1,0
399581,22
-1,0
-1,0
-1,0
-1,0
-1,0
-1,0
-1,0
-1,0
-1,0
-1,0
-1,0
-1,0
1796338,10
-1,0
-1,0
-1,0
