457616,2034,153308045
458948,99,13081834
381882,99,13129438
572525,99,13441712
527146,99,17911650
778241,96,10241994
380975,88,4391819
1036907,91,5919314
1031688,80,2045298
521238,87,4281999
751388,82,2539113
681676,82,2528646
1321004,75,1288795
494401,86,3733698
1181767,71,848701
15976,99,22600544
1190741,69,698730
299307,86,3645094
216069,97,10915036
1617656,63,394433
1179477,72,948249
81592,99,13081614
551657,80,2187280
342733,85,3348452
521115,50,104602
-1,0
-1,0
-1,0
-1,0
-1,0
-1,0
-1,0
870247,44
254269,30
817353,7
960287,7
-1,0
-1,0
-1,0
-1,469
-1,2500
-1,0
174636,241
-1,0
-1,133
-1,0
-1,0
-1,0
-1,0
-1,0
-1,0
-1,0
-1,0
-1,0
-1,0
-1,0
-1,1
-1,0
-1,0
-1,0
-1,0
-1,0
-1,0
-1,0
-1,0
-1,0
-1,0
-1,0
-1,0
-1,0
-1,0
-1,0
-1,0
-1,0
-1,0
-1,0
-1,0
-1,0
-1,0
-1,0
-1,0
-1,0
-1,0
-1,0
-1,0
-1,0
-1,0
-1,0
-1,0
-1,0
-1,0
-1,0
-1,0
-1,0
-1,0
-1,0
-1,0
-1,0
-1,0
384481,22
-1,0
-1,0
-1,0
-1,0
-1,0
-1,0
-1,0
-1,0
-1,0
-1,0
-1,0
-1,0
1776813,10
-1,0
-1,0
-1,0
