396236,2080,160207539
372597,99,13523987
386517,99,13148390
527033,99,13824624
527030,99,18326943
793054,96,10269901
382596,88,4469311
971973,92,7017359
1039961,80,2074111
532822,87,4313607
761767,82,2550114
679413,82,2608458
1322714,76,1337785
503047,86,3793117
1198886,71,856009
15853,99,22950845
843745,74,1149742
294013,86,3774855
218879,97,11243621
1589045,65,452433
990669,78,1641347
79836,99,13095552
540569,81,2300414
339929,85,3391549
238905,80,2093465
-1,0
-1,0
-1,0
-1,0
-1,0
-1,0
-1,0
642544,87
169133,51
462465,17
808268,11
975013,7
-1,0
567395,1
-1,469
-1,2500
-1,0
183691,241
-1,0
-1,177
-1,0
-1,0
308062,13
-1,0
-1,0
-1,0
-1,0
-1,0
-1,0
-1,0
-1,0
-1,1
-1,0
-1,0
-1,0
-1,0
-1,0
-1,0
-1,0
-1,0
-1,0
-1,0
-1,0
-1,0
-1,0
-1,0
-1,0
-1,0
-1,0
-1,0
-1,0
-1,0
-1,0
127463,205
-1,0
-1,0
-1,0
-1,0
-1,0
-1,0
-1,0
-1,0
-1,0
-1,0
-1,0
-1,0
-1,0
-1,0
-1,0
-1,0
-1,0
-1,0
-1,0
-1,0
407646,22
-1,0
-1,0
-1,0
-1,0
-1,0
-1,0
-1,0
-1,0
-1,0
-1,0
-1,0
-1,0
1805016,10
-1,0
-1,0
-1,0
