771784,1881,99349380
463500,99,13088165
519366,96,9860048
616288,99,13305434
613367,99,15859034
779381,96,10458606
787492,78,1657164
960128,92,7116173
1521149,71,852469
382041,92,7026698
-1,55,167688
1945531,63,394532
-1,61,310443
1366455,70,774536
1228878,71,830516
1363924,72,901653
1239086,67,572255
884363,75,1229726
898278,75,1210721
1186186,73,1081896
847215,82,2439734
1469983,52,125452
1317180,68,610283
619036,83,2720450
129632,92,6755704
-1,0
-1,0
-1,0
-1,0
-1,0
-1,0
-1,0
1449887,11
1094613,4
988868,5
-1,0
1376222,1
790542,1
-1,0
-1,368
-1,2500
-1,0
1077590,11
-1,0
-1,103
-1,0
-1,0
-1,0
-1,0
-1,0
843546,42
-1,0
-1,0
-1,0
-1,0
-1,0
-1,0
-1,0
-1,0
-1,0
-1,0
-1,0
-1,0
-1,0
-1,0
-1,0
-1,0
-1,0
-1,0
215243,189
-1,0
-1,0
762897,9
-1,0
-1,0
-1,0
-1,0
-1,0
-1,0
-1,0
-1,0
-1,0
-1,0
-1,0
-1,0
-1,0
-1,0
-1,0
-1,0
-1,0
-1,0
-1,2
-1,0
-1,0
-1,4
-1,0
-1,0
-1,0
-1,0
-1,0
-1,0
-1,0
-1,0
-1,0
-1,0
-1,0
-1,0
-1,1
-1,0
-1,0
-1,0
356046,223
1842059,8
124275,72
-1,0
-1,1
