773383,1881,99349380
464299,99,13088165
520235,96,9860048
617399,99,13305434
614376,99,15859034
780505,96,10458606
788732,78,1657164
961396,92,7116173
1523120,71,852469
382769,92,7026698
-1,55,167688
1947716,63,394532
-1,61,310443
1368397,70,774536
1230807,71,830516
1366002,72,901653
1240875,67,572255
885873,75,1229726
899905,75,1210721
1187763,73,1081896
848431,82,2439734
1472046,52,125452
1318881,68,610283
620173,83,2720450
130394,92,6755704
-1,0
-1,0
-1,0
-1,0
-1,0
-1,0
-1,0
1451643,11
1096189,4
989892,5
-1,0
1377711,1
791471,1
-1,0
-1,368
-1,2500
-1,0
1079939,11
-1,0
-1,103
-1,0
-1,0
-1,0
-1,0
-1,0
844774,42
-1,0
-1,0
-1,0
-1,0
-1,0
-1,0
-1,0
-1,0
-1,0
-1,0
-1,0
-1,0
-1,0
-1,0
-1,0
-1,0
-1,0
-1,0
215515,189
-1,0
-1,0
763869,9
-1,0
-1,0
-1,0
-1,0
-1,0
-1,0
-1,0
-1,0
-1,0
-1,0
-1,0
-1,0
-1,0
-1,0
-1,0
-1,0
-1,0
-1,0
-1,2
-1,0
-1,0
-1,4
-1,0
-1,0
-1,0
-1,0
-1,0
-1,0
-1,0
-1,0
-1,0
-1,0
-1,0
-1,0
-1,1
-1,0
-1,0
-1,0
356427,223
1844352,8
124958,72
-1,0
-1,1
