779451,1881,99349380
467203,99,13088165
523278,96,9860048
621449,99,13305434
618224,99,15859034
784081,96,10458606
792793,78,1657164
964868,92,7116173
1529840,71,852469
385744,92,7026698
-1,55,167688
1954628,63,394532
-1,61,310443
1374834,70,774536
1237015,71,830516
1372863,72,901653
1246317,67,572255
890312,75,1229726
905130,75,1210721
1193258,73,1081896
852712,82,2439734
1478452,52,125452
1324425,68,610283
623924,83,2720450
133615,92,6755704
-1,0
-1,0
-1,0
-1,0
-1,0
-1,0
-1,0
1457658,11
1101390,4
993507,5
-1,0
1382529,1
794590,1
-1,0
-1,368
-1,2500
-1,0
1087058,11
-1,0
-1,103
-1,0
-1,0
-1,0
-1,0
-1,0
848993,42
-1,0
-1,0
-1,0
-1,0
-1,0
-1,0
-1,0
-1,0
-1,0
-1,0
-1,0
-1,0
-1,0
-1,0
-1,0
-1,0
-1,0
-1,0
216441,189
-1,0
-1,0
767746,9
-1,0
-1,0
-1,0
-1,0
-1,0
-1,0
-1,0
-1,0
-1,0
-1,0
-1,0
-1,0
-1,0
-1,0
-1,0
-1,0
-1,0
-1,0
-1,2
-1,0
-1,0
-1,4
-1,0
-1,0
-1,0
-1,0
-1,0
-1,0
-1,0
-1,0
-1,0
-1,0
-1,0
-1,0
-1,1
-1,0
-1,0
-1,0
357895,223
1851084,8
127313,72
-1,0
-1,1
