781514,1881,99349380
468222,99,13088165
524550,96,9860048
622973,99,13305434
619625,99,15859034
785664,96,10458606
794298,78,1657164
966416,92,7116173
1532283,71,852469
386822,92,7026698
-1,55,167688
1957223,63,394532
-1,61,310443
1377138,70,774536
1239476,71,830516
1375573,72,901653
1248490,67,572255
892029,75,1229726
906985,75,1210721
1195199,73,1081896
854261,82,2439734
1481055,52,125452
1326692,68,610283
625192,83,2720450
134718,92,6755704
-1,0
-1,0
-1,0
-1,0
-1,0
-1,0
-1,0
1459704,11
1103190,4
994791,5
-1,0
1384221,1
795782,1
-1,0
-1,368
-1,2500
-1,0
1089815,11
-1,0
-1,103
-1,0
-1,0
-1,0
-1,0
-1,0
850395,42
-1,0
-1,0
-1,0
-1,0
-1,0
-1,0
-1,0
-1,0
-1,0
-1,0
-1,0
-1,0
-1,0
-1,0
-1,0
-1,0
-1,0
-1,0
216780,189
-1,0
-1,0
769056,9
-1,0
-1,0
-1,0
-1,0
-1,0
-1,0
-1,0
-1,0
-1,0
-1,0
-1,0
-1,0
-1,0
-1,0
-1,0
-1,0
-1,0
-1,0
-1,2
-1,0
-1,0
-1,4
-1,0
-1,0
-1,0
-1,0
-1,0
-1,0
-1,0
-1,0
-1,0
-1,0
-1,0
-1,0
-1,1
-1,0
-1,0
-1,0
358415,223
1853749,8
128092,72
-1,0
-1,1
