776437,1881,99349380
465926,99,13088165
521910,96,9860048
619611,99,13305434
616518,99,15859034
782650,96,10458606
790842,78,1657164
963813,92,7116173
1526675,71,852469
384234,92,7026698
-1,55,167688
1951573,63,394532
-1,61,310443
1371911,70,774536
1234302,71,830516
1369853,72,901653
1243771,67,572255
888293,75,1229726
902623,75,1210721
1190529,73,1081896
850638,82,2439734
1475565,52,125452
1322064,68,610283
622171,83,2720450
131971,92,6755704
-1,0
-1,0
-1,0
-1,0
-1,0
-1,0
-1,0
1454734,11
1098854,4
991737,5
-1,0
1380153,1
793117,1
-1,0
-1,368
-1,2500
-1,0
1083831,11
-1,0
-1,103
-1,0
-1,0
-1,0
-1,0
-1,0
846805,42
-1,0
-1,0
-1,0
-1,0
-1,0
-1,0
-1,0
-1,0
-1,0
-1,0
-1,0
-1,0
-1,0
-1,0
-1,0
-1,0
-1,0
-1,0
215953,189
-1,0
-1,0
765730,9
-1,0
-1,0
-1,0
-1,0
-1,0
-1,0
-1,0
-1,0
-1,0
-1,0
-1,0
-1,0
-1,0
-1,0
-1,0
-1,0
-1,0
-1,0
-1,2
-1,0
-1,0
-1,4
-1,0
-1,0
-1,0
-1,0
-1,0
-1,0
-1,0
-1,0
-1,0
-1,0
-1,0
-1,0
-1,1
-1,0
-1,0
-1,0
357142,223
1848295,8
126132,72
-1,0
-1,1
