777099,1881,99349380
466249,99,13088165
522226,96,9860048
620036,99,13305434
616948,99,15859034
783009,96,10458606
791231,78,1657164
964013,92,7116173
1527281,71,852469
384576,92,7026698
-1,55,167688
1952214,63,394532
-1,61,310443
1372465,70,774536
1234917,71,830516
1370617,72,901653
1244300,67,572255
888785,75,1229726
903172,75,1210721
1191100,73,1081896
851084,82,2439734
1476128,52,125452
1322576,68,610283
622527,83,2720450
132333,92,6755704
-1,0
-1,0
-1,0
-1,0
-1,0
-1,0
-1,0
1455335,11
1099387,4
992106,5
-1,0
1380627,1
793408,1
-1,0
-1,368
-1,2500
-1,0
1084477,11
-1,0
-1,103
-1,0
-1,0
-1,0
-1,0
-1,0
847229,42
-1,0
-1,0
-1,0
-1,0
-1,0
-1,0
-1,0
-1,0
-1,0
-1,0
-1,0
-1,0
-1,0
-1,0
-1,0
-1,0
-1,0
-1,0
216040,189
-1,0
-1,0
766150,9
-1,0
-1,0
-1,0
-1,0
-1,0
-1,0
-1,0
-1,0
-1,0
-1,0
-1,0
-1,0
-1,0
-1,0
-1,0
-1,0
-1,0
-1,0
-1,2
-1,0
-1,0
-1,4
-1,0
-1,0
-1,0
-1,0
-1,0
-1,0
-1,0
-1,0
-1,0
-1,0
-1,0
-1,0
-1,1
-1,0
-1,0
-1,0
357315,223
1848928,8
126388,72
-1,0
-1,1
