774179,1881,99349380
464655,99,13088165
520668,96,9860048
617974,99,13305434
614938,99,15859034
781079,96,10458606
789233,78,1657164
962026,92,7116173
1524041,71,852469
383139,92,7026698
-1,55,167688
1948753,63,394532
-1,61,310443
1369297,70,774536
1231680,71,830516
1366969,72,901653
1241656,67,572255
886553,75,1229726
900591,75,1210721
1188438,73,1081896
848976,82,2439734
1472922,52,125452
1319700,68,610283
620699,83,2720450
130851,92,6755704
-1,0
-1,0
-1,0
-1,0
-1,0
-1,0
-1,0
1452430,11
1096873,4
990346,5
-1,0
1378308,1
791847,1
-1,0
-1,368
-1,2500
-1,0
1080840,11
-1,0
-1,103
-1,0
-1,0
-1,0
-1,0
-1,0
845244,42
-1,0
-1,0
-1,0
-1,0
-1,0
-1,0
-1,0
-1,0
-1,0
-1,0
-1,0
-1,0
-1,0
-1,0
-1,0
-1,0
-1,0
-1,0
215621,189
-1,0
-1,0
764343,9
-1,0
-1,0
-1,0
-1,0
-1,0
-1,0
-1,0
-1,0
-1,0
-1,0
-1,0
-1,0
-1,0
-1,0
-1,0
-1,0
-1,0
-1,0
-1,2
-1,0
-1,0
-1,4
-1,0
-1,0
-1,0
-1,0
-1,0
-1,0
-1,0
-1,0
-1,0
-1,0
-1,0
-1,0
-1,1
-1,0
-1,0
-1,0
356594,223
1845294,8
125228,72
-1,0
-1,1
