780956,1881,99349380
467961,99,13088165
524183,96,9860048
622537,99,13305434
619239,99,15859034
785248,96,10458606
793901,78,1657164
966059,92,7116173
1531592,71,852469
386476,92,7026698
-1,55,167688
1956487,63,394532
-1,61,310443
1376524,70,774536
1238823,71,830516
1374829,72,901653
1247959,67,572255
891601,75,1229726
906474,75,1210721
1194636,73,1081896
853837,82,2439734
1480375,52,125452
1326068,68,610283
624887,83,2720450
134360,92,6755704
-1,0
-1,0
-1,0
-1,0
-1,0
-1,0
-1,0
1459134,11
1102687,4
994423,5
-1,0
1383781,1
795476,1
-1,0
-1,368
-1,2500
-1,0
1089034,11
-1,0
-1,103
-1,0
-1,0
-1,0
-1,0
-1,0
850019,42
-1,0
-1,0
-1,0
-1,0
-1,0
-1,0
-1,0
-1,0
-1,0
-1,0
-1,0
-1,0
-1,0
-1,0
-1,0
-1,0
-1,0
-1,0
216689,189
-1,0
-1,0
768675,9
-1,0
-1,0
-1,0
-1,0
-1,0
-1,0
-1,0
-1,0
-1,0
-1,0
-1,0
-1,0
-1,0
-1,0
-1,0
-1,0
-1,0
-1,0
-1,2
-1,0
-1,0
-1,4
-1,0
-1,0
-1,0
-1,0
-1,0
-1,0
-1,0
-1,0
-1,0
-1,0
-1,0
-1,0
-1,1
-1,0
-1,0
-1,0
358264,223
1853035,8
127883,72
-1,0
-1,1
