782947,1881,99349380
469063,99,13088165
525437,96,9860048
624168,99,13305434
620752,99,15859034
786793,96,10458606
795443,78,1657164
967688,92,7116173
1534090,71,852469
387479,92,7026698
-1,55,167688
1959153,63,394532
-1,61,310443
1378851,70,774536
1241397,71,830516
1377532,72,901653
1250132,67,572255
893315,75,1229726
908249,75,1210721
1196573,73,1081896
855306,82,2439734
1482962,52,125452
1328302,68,610283
626170,83,2720450
135431,92,6755704
-1,0
-1,0
-1,0
-1,0
-1,0
-1,0
-1,0
1461161,11
1104533,4
995637,5
-1,0
1385395,1
796576,1
-1,0
-1,368
-1,2500
-1,0
1091804,11
-1,0
-1,103
-1,0
-1,0
-1,0
-1,0
-1,0
851424,42
-1,0
-1,0
-1,0
-1,0
-1,0
-1,0
-1,0
-1,0
-1,0
-1,0
-1,0
-1,0
-1,0
-1,0
-1,0
-1,0
-1,0
-1,0
217027,189
-1,0
-1,0
769880,9
-1,0
-1,0
-1,0
-1,0
-1,0
-1,0
-1,0
-1,0
-1,0
-1,0
-1,0
-1,0
-1,0
-1,0
-1,0
-1,0
-1,0
-1,0
-1,2
-1,0
-1,0
-1,4
-1,0
-1,0
-1,0
-1,0
-1,0
-1,0
-1,0
-1,0
-1,0
-1,0
-1,0
-1,0
-1,1
-1,0
-1,0
-1,0
358798,223
1855636,8
128684,72
-1,0
-1,1
