770318,1881,99349380
462764,99,13088165
518522,96,9860048
615195,99,13305434
612357,99,15859034
778456,96,10458606
786502,78,1657164
959224,92,7116173
1519519,71,852469
381340,92,7026698
-1,55,167688
1943847,63,394532
-1,61,310443
1364922,70,774536
1227415,71,830516
1362217,72,901653
1237702,67,572255
883188,75,1229726
896994,75,1210721
1184825,73,1081896
846097,82,2439734
1468373,52,125452
1315751,68,610283
618154,83,2720450
128803,92,6755704
-1,0
-1,0
-1,0
-1,0
-1,0
-1,0
-1,0
1448359,11
1093285,4
987956,5
-1,0
1375073,1
789804,1
-1,0
-1,368
-1,2500
-1,0
1075891,11
-1,0
-1,103
-1,0
-1,0
-1,0
-1,0
-1,0
842476,42
-1,0
-1,0
-1,0
-1,0
-1,0
-1,0
-1,0
-1,0
-1,0
-1,0
-1,0
-1,0
-1,0
-1,0
-1,0
-1,0
-1,0
-1,0
215021,189
-1,0
-1,0
761961,9
-1,0
-1,0
-1,0
-1,0
-1,0
-1,0
-1,0
-1,0
-1,0
-1,0
-1,0
-1,0
-1,0
-1,0
-1,0
-1,0
-1,0
-1,0
-1,2
-1,0
-1,0
-1,4
-1,0
-1,0
-1,0
-1,0
-1,0
-1,0
-1,0
-1,0
-1,0
-1,0
-1,0
-1,0
-1,1
-1,0
-1,0
-1,0
355690,223
1840422,8
123691,72
-1,0
-1,1
