782222,1881,99349380
468662,99,13088165
524993,96,9860048
623596,99,13305434
620206,99,15859034
786248,96,10458606
794852,78,1657164
967070,92,7116173
1533196,71,852469
387142,92,7026698
-1,55,167688
1958158,63,394532
-1,61,310443
1377947,70,774536
1240465,71,830516
1376517,72,901653
1249281,67,572255
892673,75,1229726
907616,75,1210721
1195850,73,1081896
854795,82,2439734
1482004,52,125452
1327509,68,610283
625715,83,2720450
135063,92,6755704
-1,0
-1,0
-1,0
-1,0
-1,0
-1,0
-1,0
1460455,11
1103822,4
995246,5
-1,0
1384836,1
796176,1
-1,0
-1,368
-1,2500
-1,0
1090751,11
-1,0
-1,103
-1,0
-1,0
-1,0
-1,0
-1,0
850919,42
-1,0
-1,0
-1,0
-1,0
-1,0
-1,0
-1,0
-1,0
-1,0
-1,0
-1,0
-1,0
-1,0
-1,0
-1,0
-1,0
-1,0
-1,0
216912,189
-1,0
-1,0
769453,9
-1,0
-1,0
-1,0
-1,0
-1,0
-1,0
-1,0
-1,0
-1,0
-1,0
-1,0
-1,0
-1,0
-1,0
-1,0
-1,0
-1,0
-1,0
-1,2
-1,0
-1,0
-1,4
-1,0
-1,0
-1,0
-1,0
-1,0
-1,0
-1,0
-1,0
-1,0
-1,0
-1,0
-1,0
-1,1
-1,0
-1,0
-1,0
358639,223
1854657,8
128389,72
-1,0
-1,1
