767582,1881,99349380
461281,99,13088165
516865,96,9860048
612997,99,13305434
610324,99,15859034
776345,96,10458606
784486,78,1657164
956854,92,7116173
1516133,71,852469
380145,92,7026698
-1,55,167688
1940193,63,394532
-1,61,310443
1361734,70,774536
1223994,71,830516
1358720,72,901653
1234733,67,572255
880758,75,1229726
894551,75,1210721
1182272,73,1081896
844113,82,2439734
1464684,52,125452
1312697,68,610283
616375,83,2720450
127511,92,6755704
-1,0
-1,0
-1,0
-1,0
-1,0
-1,0
-1,0
1445745,11
1090957,4
986389,5
-1,0
1372894,1
788394,1
-1,0
-1,368
-1,2500
-1,0
1072120,11
-1,0
-1,103
-1,0
-1,0
-1,0
-1,0
-1,0
840836,42
-1,0
-1,0
-1,0
-1,0
-1,0
-1,0
-1,0
-1,0
-1,0
-1,0
-1,0
-1,0
-1,0
-1,0
-1,0
-1,0
-1,0
-1,0
214559,189
-1,0
-1,0
760300,9
-1,0
-1,0
-1,0
-1,0
-1,0
-1,0
-1,0
-1,0
-1,0
-1,0
-1,0
-1,0
-1,0
-1,0
-1,0
-1,0
-1,0
-1,0
-1,2
-1,0
-1,0
-1,4
-1,0
-1,0
-1,0
-1,0
-1,0
-1,0
-1,0
-1,0
-1,0
-1,0
-1,0
-1,0
-1,1
-1,0
-1,0
-1,0
355029,223
1836563,8
122718,72
-1,0
-1,1
