47812,2376,418302872
214665,99,16098648
17958,99,32081806
328919,99,17398648
149431,99,40613267
219614,99,28901972
70647,99,13359451
108147,99,26525693
97080,99,15483857
66743,99,15655177
93923,99,13469234
53248,99,14882139
61443,99,15114084
135028,99,13410679
60053,99,13331513
110595,99,13540354
41572,99,13955109
26417,99,14234725
60548,99,15437956
170607,99,14389779
142815,99,15885522
112162,99,13040459
70818,99,13780004
32467,99,13450247
19555,99,14262549
-1,0
-1,0
-1,0
-1,0
-1,0
-1,0
-1,0
15509,2362
8242,625
13145,612
33801,466
28474,466
31831,145
79397,48
351854,523
-1,2230
150603,534
290578,186
-1,0
27543,827
297770,50
158329,500
-1,0
-1,0
-1,0
104707,548
-1,0
23771,74
267776,18
-1,1
257666,239
44224,553
-1,3
260536,13
397863,8
-1,1
-1,0
177771,51
237359,118
87038,527
145621,233
136494,27
-1,0
-1,0
-1,3
8867,3528
405837,20
176782,74
51166,303
695439,16
5946,7292
-1,1
96721,190
-1,0
-1,0
-1,0
72837,5
-1,0
-1,0
-1,0
133745,14
-1,0
355724,29
301511,6
556426,10
-1,0
21835,77
-1,0
-1,0
427519,79
234242,17
87828,414
-1,0
-1,0
-1,0
-1,0
121308,7
-1,0
77395,1029
-1,2
-1,1
-1,0
-1,3
-1,0
-1,2
-1,1
247999,398
477365,293
-1,0
242702,39
233685,532
