44794,2376,418290410
210719,99,16098648
17404,99,32081806
319721,99,17396438
144639,99,40610345
214025,99,28897568
69198,99,13359451
104127,99,26524257
94635,99,15482387
64521,99,15655177
91909,99,13469234
51691,99,14882139
60233,99,15114084
131851,99,13410679
58799,99,13331513
107586,99,13540354
40197,99,13955109
25892,99,14234705
59561,99,15437956
166096,99,14389779
139543,99,15885522
109584,99,13040459
68753,99,13780004
31164,99,13450247
17753,99,14262549
-1,0
-1,0
-1,0
-1,0
-1,0
-1,0
-1,0
14921,2362
7859,625
12664,612
33101,466
27422,466
30756,145
77796,48
350070,523
-1,2230
149257,534
280683,186
-1,0
25870,827
289917,50
154252,500
-1,0
-1,0
-1,0
103169,548
-1,0
23214,74
264940,18
-1,1
253745,239
43831,553
-1,3
255884,13
390962,8
-1,1
-1,0
175243,51
234845,118
86265,527
144488,233
131699,27
-1,0
-1,0
-1,3
8710,3528
394188,20
173158,74
50778,303
688532,16
5881,7292
-1,1
95220,190
-1,0
-1,0
-1,0
71041,5
-1,0
-1,0
-1,0
131697,14
-1,0
344005,29
297041,6
542502,10
-1,0
21093,77
-1,0
-1,0
417670,79
230044,17
84594,414
-1,0
-1,0
-1,0
-1,0
118550,7
-1,0
76357,1029
-1,2
-1,1
-1,0
-1,3
-1,0
-1,2
-1,1
244934,398
472238,293
-1,0
238235,39
230633,532
