46033,2376,418290410
212506,99,16098648
17639,99,32081806
323653,99,17396438
146622,99,40610345
216487,99,28897568
69850,99,13359451
105818,99,26524257
95682,99,15482387
65405,99,15655177
92759,99,13469234
52405,99,14882139
60709,99,15114084
133242,99,13410679
59361,99,13331513
108737,99,13540354
40767,99,13955109
26171,99,14234705
59965,99,15437956
168052,99,14389779
140913,99,15885522
110803,99,13040459
69760,99,13780004
31702,99,13450247
18473,99,14262549
-1,0
-1,0
-1,0
-1,0
-1,0
-1,0
-1,0
15144,2362
8021,625
12831,612
33375,466
27833,466
31197,145
78463,48
351194,523
-1,2230
149868,534
285051,186
-1,0
26563,827
293229,50
156060,500
-1,0
-1,0
-1,0
103793,548
-1,0
23432,74
266293,18
-1,1
255290,239
44012,553
-1,3
257965,13
394081,8
-1,1
-1,0
176281,51
235853,118
86599,527
144940,233
133630,27
-1,0
-1,0
-1,3
8781,3528
399476,20
174630,74
50938,303
691553,16
5908,7292
-1,1
95881,190
-1,0
-1,0
-1,0
71798,5
-1,0
-1,0
-1,0
132508,14
-1,0
348950,29
299018,6
548742,10
-1,0
21394,77
-1,0
-1,0
422027,79
231916,17
85993,414
-1,0
-1,0
-1,0
-1,0
119625,7
-1,0
76798,1029
-1,2
-1,1
-1,0
-1,3
-1,0
-1,2
-1,1
246180,398
474556,293
-1,0
240101,39
231836,532
