44655,2376,418290410
210499,99,16098648
17371,99,32081806
319196,99,17396438
144398,99,40610345
213716,99,28897568
69126,99,13359451
103942,99,26524257
94516,99,15482387
64420,99,15655177
91827,99,13469234
51608,99,14882139
60176,99,15114084
131679,99,13410679
58743,99,13331513
107452,99,13540354
40138,99,13955109
25869,99,14234705
59504,99,15437956
165871,99,14389779
139393,99,15885522
109421,99,13040459
68549,99,13780004
31085,99,13450247
17667,99,14262549
-1,0
-1,0
-1,0
-1,0
-1,0
-1,0
-1,0
14892,2362
7845,625
12650,612
33067,466
27374,466
30714,145
77723,48
349887,523
-1,2230
149178,534
280043,186
-1,0
25802,827
289541,50
154041,500
-1,0
-1,0
-1,0
103085,548
-1,0
23194,74
264757,18
-1,1
253572,239
43799,553
-1,3
255631,13
390631,8
-1,1
-1,0
175128,51
234697,118
86228,527
144424,233
131472,27
-1,0
-1,0
-1,3
8703,3528
393590,20
172982,74
50756,303
688143,16
5878,7292
-1,1
95143,190
-1,0
-1,0
-1,0
70951,5
-1,0
-1,0
-1,0
131581,14
-1,0
343404,29
296808,6
541678,10
-1,0
21068,77
-1,0
-1,0
417088,79
229833,17
84423,414
-1,0
-1,0
-1,0
-1,0
118387,7
-1,0
76314,1029
-1,2
-1,1
-1,0
-1,3
-1,0
-1,2
-1,1
244775,398
471968,293
-1,0
237991,39
230480,532
