35941,2376,497417340
70722,99,24848423
23377,99,29507001
98232,99,39842070
66155,99,62738579
63349,99,63850420
219718,99,13034858
87091,99,29278439
120361,99,14653899
172943,99,13268148
275466,99,13036645
126814,99,13121403
128089,99,13552436
90602,99,13955648
85280,99,13181113
159376,99,13121483
76417,99,13326764
117450,99,13043849
191033,99,13051424
133745,99,15790058
159614,99,15326417
20523,99,15911670
136355,99,13047039
17534,99,13717315
35820,99,13212239
-1,0
-1,0
-1,0
-1,0
-1,0
-1,0
-1,0
256246,321
-1,0
1138276,3
157748,134
200182,150
304996,16
158585,18
-1,0
-1,2020
-1,0
343790,161
31920,41359
-1,371
50257,822
202759,302
79718,75
144953,346
-1,0
16323,1236
-1,0
337002,5
233843,28
-1,0
65883,1225
12600,1192
53144,57
123886,46
245948,25
31562,698
-1,2
365031,25
156522,218
58531,690
167794,195
174331,25
12852,463
144699,118
95557,529
256228,118
348105,43
244537,58
331628,12
619899,25
513809,258
42562,478
122233,145
-1,1
-1,0
-1,0
160080,2
-1,0
-1,0
-1,0
369529,5
102445,178
384395,25
181709,25
-1,0
-1,0
371968,18
15090,23
-1,0
140916,197
-1,1
84977,423
-1,0
-1,1
-1,0
-1,1
81010,54
-1,0
225383,218
125228,58
86884,102
43430,1
191195,7
20856,1681
31148,458
-1,1
398923,180
282496,522
87065,189
156163,95
129717,1059
