34904,2376,497055288
70140,99,24848423
23074,99,29507001
96599,99,39811290
65122,99,62692062
62567,99,63742310
218373,99,13034858
85519,99,29276135
118943,99,14653593
170912,99,13268148
273882,99,13036645
188055,99,13035310
127059,99,13552436
89503,99,13955648
84622,99,13181113
157474,99,13121483
75468,99,13326254
116282,99,13043849
189687,99,13051424
132072,99,15790058
157968,99,15326417
20263,99,15911670
135085,99,13047039
17212,99,13717315
39912,99,13124807
-1,0
-1,0
-1,0
-1,0
-1,0
-1,0
-1,0
253846,321
-1,0
1132442,3
156285,134
198607,150
302694,16
157330,18
-1,0
-1,2020
-1,0
339259,161
31208,41359
-1,371
49403,822
200422,302
78063,75
142055,346
-1,0
16170,1236
-1,0
334490,5
232972,28
-1,0
65451,1225
12564,1192
52191,57
123224,46
244374,25
31310,698
-1,2
362347,25
155864,218
58324,690
167118,195
171956,25
12618,452
141575,118
94995,529
254080,118
343683,43
242311,58
329554,12
617484,25
511374,258
42323,478
121424,145
-1,1
-1,0
-1,0
158792,2
-1,0
-1,0
-1,0
367249,5
100679,178
378929,25
180703,25
-1,0
-1,0
369276,18
14776,23
-1,0
139677,197
-1,1
83544,423
-1,0
-1,1
-1,0
-1,1
80127,54
-1,0
224038,218
124388,58
85458,102
43086,1
190423,7
20343,1681
30948,458
-1,1
396697,180
281447,522
84776,189
154868,95
129019,1059
