32537,2376,496918533
68581,99,24848423
22234,99,29507001
92145,99,39790236
62391,99,62658367
60248,99,63662772
215235,99,13034858
81627,99,29273667
115875,99,14653593
166549,99,13268148
270213,99,13036645
183897,99,13035310
124798,99,13552436
86755,99,13955648
82823,99,13181113
153127,99,13121483
73393,99,13326254
113877,99,13043849
186613,99,13051424
127455,99,15790058
154296,99,15326417
19732,99,15911670
131789,99,13047039
16523,99,13717315
35273,99,13124807
-1,0
-1,0
-1,0
-1,0
-1,0
-1,0
-1,0
248843,321
-1,0
1117325,3
153307,134
194866,150
297691,16
154613,18
-1,0
-1,2020
-1,0
328496,161
29760,41359
-1,371
47466,822
194648,302
74458,75
135091,346
-1,0
15904,1236
-1,0
329292,5
230118,28
-1,0
64587,1225
12458,1192
49783,57
121704,46
240978,25
30708,698
-1,2
356569,25
154551,218
57895,690
165823,195
166979,25
11586,442
134769,118
93768,529
249155,118
330678,43
237456,58
325459,12
612397,25
506499,258
41846,478
119533,145
-1,1
-1,0
-1,0
156040,2
-1,0
-1,0
-1,0
362082,5
96376,178
367153,25
178679,25
-1,0
-1,0
362842,18
14145,23
-1,0
136403,197
-1,1
80148,423
-1,0
-1,1
-1,0
-1,1
78376,54
-1,0
220844,218
122428,58
82753,102
42301,1
188774,7
19289,1681
30427,458
-1,1
392034,180
278201,522
79654,189
151895,95
127739,1059
