779979,1876,55854129
1753768,75,1213911
1648630,74,1137536
1445961,86,3872487
1479080,86,3712225
1312488,86,3742447
796968,77,1620268
1671836,80,2046574
1091888,79,1878482
494576,88,4772720
650988,85,3460639
925629,78,1636503
838270,85,3385519
833468,78,1690518
722362,77,1612249
308739,93,7211997
1195742,69,724457
1415796,70,757379
1494710,61,304623
1089191,76,1337438
1273541,71,820820
728846,69,702413
225447,92,6572654
978261,71,895602
312506,70,744668
-1,0
-1,0
-1,0
-1,0
-1,0
-1,0
-1,0
689143,74
696601,8
987115,5
624837,18
516300,43
-1,0
-1,0
-1,0
-1,2500
-1,0
479781,93
-1,0
-1,189
-1,0
-1,0
-1,0
-1,0
-1,0
447979,146
-1,0
-1,2
-1,0
-1,0
-1,0
-1,0
-1,0
-1,0
-1,0
-1,0
-1,0
562173,10
-1,0
-1,0
-1,0
-1,0
-1,0
-1,0
-1,0
633403,9
-1,1
-1,0
-1,0
-1,0
-1,0
-1,0
-1,0
198781,114
-1,0
-1,0
-1,0
-1,0
-1,0
-1,0
423838,5
-1,0
-1,0
-1,0
608805,6
-1,0
-1,0
-1,0
-1,0
-1,1
-1,0
-1,0
-1,0
-1,0
-1,0
-1,0
-1,0
-1,0
-1,0
-1,0
-1,0
-1,0
-1,0
-1,0
-1,0
-1,0
-1,0
1258225,59
-1,0
-1,0
-1,0
