794408,1876,55854129
1770740,75,1213911
1664389,74,1137536
1462033,86,3872487
1494348,86,3712225
1325368,86,3742447
807178,77,1620268
1685838,80,2046574
1103370,79,1878482
503049,88,4772720
658061,85,3460639
936335,78,1636503
848029,85,3385519
845885,78,1690518
732330,77,1612249
314988,93,7211997
1209485,69,724457
1431386,70,757379
1512161,61,304623
1101418,76,1337438
1287930,71,820820
738722,69,702413
229621,92,6572654
990564,71,895602
331178,70,744668
-1,0
-1,0
-1,0
-1,0
-1,0
-1,0
-1,0
697051,74
706191,8
995689,5
632204,18
521453,43
-1,0
-1,0
-1,0
-1,2500
-1,0
489841,93
-1,0
-1,189
-1,0
-1,0
-1,0
-1,0
-1,0
453159,146
-1,0
-1,2
-1,0
-1,0
-1,0
-1,0
-1,0
-1,0
-1,0
-1,0
-1,0
570406,10
-1,0
-1,0
-1,0
-1,0
-1,0
-1,0
-1,0
644633,9
-1,1
-1,0
-1,0
-1,0
-1,0
-1,0
-1,0
207049,114
-1,0
-1,0
-1,0
-1,0
-1,0
-1,0
427630,5
-1,0
-1,0
-1,0
622381,6
-1,0
-1,0
-1,0
-1,0
-1,1
-1,0
-1,0
-1,0
-1,0
-1,0
-1,0
-1,0
-1,0
-1,0
-1,0
-1,0
-1,0
-1,0
-1,0
-1,0
-1,0
-1,0
1268847,59
-1,0
-1,0
-1,0
