767257,1876,55854129
1739227,75,1213911
1635460,74,1137536
1432465,86,3872487
1466188,86,3712225
1301808,86,3742447
789182,77,1620268
1659670,80,2046574
1083490,79,1878482
488438,88,4772720
646042,85,3460639
917355,78,1636503
830898,85,3385519
820774,78,1690518
714415,77,1612249
303973,93,7211997
1185105,69,724457
1403752,70,757379
1479241,61,304623
1079221,76,1337438
1263107,71,820820
721030,69,702413
222130,92,6572654
968687,71,895602
295586,70,744668
-1,0
-1,0
-1,0
-1,0
-1,0
-1,0
-1,0
683419,74
689182,8
979589,5
619698,18
512378,43
-1,0
-1,0
-1,0
-1,2500
-1,0
472065,93
-1,0
-1,189
-1,0
-1,0
-1,0
-1,0
-1,0
444587,146
-1,0
-1,2
-1,0
-1,0
-1,0
-1,0
-1,0
-1,0
-1,0
-1,0
-1,0
556114,10
-1,0
-1,0
-1,0
-1,0
-1,0
-1,0
-1,0
625068,9
-1,1
-1,0
-1,0
-1,0
-1,0
-1,0
-1,0
192596,114
-1,0
-1,0
-1,0
-1,0
-1,0
420911,5
-1,0
-1,0
-1,0
598297,6
-1,0
-1,0
-1,0
-1,0
-1,1
-1,0
-1,0
-1,0
-1,0
-1,0
-1,0
-1,0
-1,0
-1,0
-1,0
-1,0
-1,0
-1,0
-1,0
-1,0
-1,0
-1,0
1249309,59
-1,0
-1,0
-1,0
