778110,1876,55854129
1751314,75,1213911
1646395,74,1137536
1443705,86,3872487
1476835,86,3712225
1310622,86,3742447
795525,77,1620268
1669640,80,2046574
1090345,79,1878482
493604,88,4772720
650083,85,3460639
924113,78,1636503
836914,85,3385519
831875,78,1690518
721002,77,1612249
307964,93,7211997
1193889,69,724457
1413524,70,757379
1492175,61,304623
1087599,76,1337438
1271722,71,820820
727380,69,702413
224875,92,6572654
976528,71,895602
310238,70,744668
-1,0
-1,0
-1,0
-1,0
-1,0
-1,0
-1,0
688221,74
695420,8
985994,5
624019,18
515680,43
-1,0
-1,0
-1,0
-1,2500
-1,0
478239,93
-1,0
-1,189
-1,0
-1,0
-1,0
-1,0
-1,0
447413,146
-1,0
-1,2
-1,0
-1,0
-1,0
-1,0
-1,0
-1,0
-1,0
-1,0
-1,0
561137,10
-1,0
-1,0
-1,0
-1,0
-1,0
-1,0
-1,0
631991,9
-1,1
-1,0
-1,0
-1,0
-1,0
-1,0
-1,0
197798,114
-1,0
-1,0
-1,0
-1,0
-1,0
-1,0
423351,5
-1,0
-1,0
-1,0
607089,6
-1,0
-1,0
-1,0
-1,0
-1,1
-1,0
-1,0
-1,0
-1,0
-1,0
-1,0
-1,0
-1,0
-1,0
-1,0
-1,0
-1,0
-1,0
-1,0
-1,0
-1,0
-1,0
1256629,59
-1,0
-1,0
-1,0
