791704,1876,55854129
1768353,75,1213911
1662282,74,1137536
1459774,86,3872487
1492348,86,3712225
1323458,86,3742447
805345,77,1620268
1683890,80,2046574
1101235,79,1878482
501295,88,4772720
656710,85,3460639
934435,78,1636503
846357,85,3385519
843667,78,1690518
730562,77,1612249
313792,93,7211997
1207036,69,724457
1428990,70,757379
1509706,61,304623
1099219,76,1337438
1285480,71,820820
736958,69,702413
228920,92,6572654
988380,71,895602
327771,70,744668
-1,0
-1,0
-1,0
-1,0
-1,0
-1,0
-1,0
695561,74
704387,8
994062,5
630882,18
520443,43
-1,0
-1,0
-1,0
-1,2500
-1,0
488008,93
-1,0
-1,189
-1,0
-1,0
-1,0
-1,0
-1,0
452183,146
-1,0
-1,2
-1,0
-1,0
-1,0
-1,0
-1,0
-1,0
-1,0
-1,0
-1,0
568889,10
-1,0
-1,0
-1,0
-1,0
-1,0
-1,0
-1,0
642631,9
-1,1
-1,0
-1,0
-1,0
-1,0
-1,0
-1,0
205447,114
-1,0
-1,0
-1,0
-1,0
-1,0
-1,0
426874,5
-1,0
-1,0
-1,0
619951,6
-1,0
-1,0
-1,0
-1,0
-1,1
-1,0
-1,0
-1,0
-1,0
-1,0
-1,0
-1,0
-1,0
-1,0
-1,0
-1,0
-1,0
-1,0
-1,0
-1,0
-1,0
-1,0
1267104,59
-1,0
-1,0
-1,0
