791059,1876,55854129
1767749,75,1213911
1661907,74,1137536
1459259,86,3872487
1492198,86,3712225
1323273,86,3742447
804946,77,1620268
1683563,80,2046574
1100697,79,1878482
500860,88,4772720
656395,85,3460639
933968,78,1636503
845947,85,3385519
843111,78,1690518
730216,77,1612249
313533,93,7211997
1206498,69,724457
1428458,70,757379
1509147,61,304623
1098671,76,1337438
1284827,71,820820
736483,69,702413
228705,92,6572654
987845,71,895602
326907,70,744668
-1,0
-1,0
-1,0
-1,0
-1,0
-1,0
-1,0
695222,74
703959,8
993685,5
630546,18
520242,43
-1,0
-1,0
-1,0
-1,2500
-1,0
487541,93
-1,0
-1,189
-1,0
-1,0
-1,0
-1,0
-1,0
451947,146
-1,0
-1,2
-1,0
-1,0
-1,0
-1,0
-1,0
-1,0
-1,0
-1,0
-1,0
568544,10
-1,0
-1,0
-1,0
-1,0
-1,0
-1,0
-1,0
642197,9
-1,1
-1,0
-1,0
-1,0
-1,0
-1,0
-1,0
205057,114
-1,0
-1,0
-1,0
-1,0
-1,0
-1,0
426725,5
-1,0
-1,0
-1,0
619433,6
-1,0
-1,0
-1,0
-1,0
-1,1
-1,0
-1,0
-1,0
-1,0
-1,0
-1,0
-1,0
-1,0
-1,0
-1,0
-1,0
-1,0
-1,0
-1,0
-1,0
-1,0
-1,0
1266707,59
-1,0
-1,0
-1,0
