784161,1876,55854129
1759213,75,1213911
1653902,74,1137536
1451092,86,3872487
1484339,86,3712225
1316618,86,3742447
799978,77,1620268
1676559,80,2046574
1095259,79,1878482
496927,88,4772720
653028,85,3460639
928891,78,1636503
841198,85,3385519
837099,78,1690518
725377,77,1612249
310458,93,7211997
1200003,69,724457
1420750,70,757379
1500421,61,304623
1092950,76,1337438
1277809,71,820820
731786,69,702413
226737,92,6572654
981904,71,895602
318068,70,744668
-1,0
-1,0
-1,0
-1,0
-1,0
-1,0
-1,0
691420,74
699222,8
989591,5
626963,18
517695,43
-1,0
-1,0
-1,0
-1,2500
-1,0
482793,93
-1,0
-1,189
-1,0
-1,0
-1,0
-1,0
-1,0
449347,146
-1,0
-1,2
-1,0
-1,0
-1,0
-1,0
-1,0
-1,0
-1,0
-1,0
-1,0
564598,10
-1,0
-1,0
-1,0
-1,0
-1,0
-1,0
-1,0
636756,9
-1,1
-1,0
-1,0
-1,0
-1,0
-1,0
-1,0
201103,114
-1,0
-1,0
-1,0
-1,0
-1,0
-1,0
424916,5
-1,0
-1,0
-1,0
612985,6
-1,0
-1,0
-1,0
-1,0
-1,1
-1,0
-1,0
-1,0
-1,0
-1,0
-1,0
-1,0
-1,0
-1,0
-1,0
-1,0
-1,0
-1,0
-1,0
-1,0
-1,0
-1,0
1261544,59
-1,0
-1,0
-1,0
