784595,1876,55854129
1759825,75,1213911
1654452,74,1137536
1451650,86,3872487
1484894,86,3712225
1317074,86,3742447
800307,77,1620268
1677153,80,2046574
1095623,79,1878482
497155,88,4772720
653225,85,3460639
929216,78,1636503
841518,85,3385519
837491,78,1690518
725719,77,1612249
310632,93,7211997
1200487,69,724457
1421336,70,757379
1501037,61,304623
1093330,76,1337438
1278277,71,820820
732062,69,702413
226852,92,6572654
982269,71,895602
318555,70,744668
-1,0
-1,0
-1,0
-1,0
-1,0
-1,0
-1,0
691699,74
699490,8
989850,5
627187,18
517847,43
-1,0
-1,0
-1,0
-1,2500
-1,0
483086,93
-1,0
-1,189
-1,0
-1,0
-1,0
-1,0
-1,0
449562,146
-1,0
-1,2
-1,0
-1,0
-1,0
-1,0
-1,0
-1,0
-1,0
-1,0
-1,0
564868,10
-1,0
-1,0
-1,0
-1,0
-1,0
-1,0
-1,0
637131,9
-1,1
-1,0
-1,0
-1,0
-1,0
-1,0
-1,0
201333,114
-1,0
-1,0
-1,0
-1,0
-1,0
-1,0
425060,5
-1,0
-1,0
-1,0
613465,6
-1,0
-1,0
-1,0
-1,0
-1,1
-1,0
-1,0
-1,0
-1,0
-1,0
-1,0
-1,0
-1,0
-1,0
-1,0
-1,0
-1,0
-1,0
-1,0
-1,0
-1,0
-1,0
1261928,59
-1,0
-1,0
-1,0
