770474,1876,55854129
1742314,75,1213911
1638231,74,1137536
1435458,86,3872487
1468891,86,3712225
1304199,86,3742447
790779,77,1620268
1662434,80,2046574
1085044,79,1878482
489672,88,4772720
647006,85,3460639
918713,78,1636503
832341,85,3385519
824797,78,1690518
715897,77,1612249
304994,93,7211997
1187185,69,724457
1406193,70,757379
1482669,61,304623
1081451,76,1337438
1265230,71,820820
722586,69,702413
222799,92,6572654
970567,71,895602
299540,70,744668
-1,0
-1,0
-1,0
-1,0
-1,0
-1,0
-1,0
684605,74
690771,8
981419,5
620701,18
513227,43
-1,0
-1,0
-1,0
-1,2500
-1,0
473379,93
-1,0
-1,189
-1,0
-1,0
-1,0
-1,0
-1,0
445296,146
-1,0
-1,2
-1,0
-1,0
-1,0
-1,0
-1,0
-1,0
-1,0
-1,0
-1,0
557401,10
-1,0
-1,0
-1,0
-1,0
-1,0
-1,0
-1,0
626845,9
-1,1
-1,0
-1,0
-1,0
-1,0
-1,0
-1,0
193820,114
-1,0
-1,0
-1,0
-1,0
-1,0
-1,0
421536,5
-1,0
-1,0
-1,0
600541,6
-1,0
-1,0
-1,0
-1,0
-1,1
-1,0
-1,0
-1,0
-1,0
-1,0
-1,0
-1,0
-1,0
-1,0
-1,0
-1,0
-1,0
-1,0
-1,0
-1,0
-1,0
-1,0
1251228,59
-1,0
-1,0
-1,0
