788341,1876,55854129
1764271,75,1213911
1658599,74,1137536
1455951,86,3872487
1488987,86,3712225
1320662,86,3742447
802905,77,1620268
1681237,80,2046574
1098579,79,1878482
499164,88,4772720
654984,85,3460639
931968,78,1636503
844081,85,3385519
840762,78,1690518
728341,77,1612249
312195,93,7211997
1203991,69,724457
1425444,70,757379
1505713,61,304623
1096384,76,1337438
1282049,71,820820
734576,69,702413
227883,92,6572654
985472,71,895602
323363,70,744668
-1,0
-1,0
-1,0
-1,0
-1,0
-1,0
-1,0
693685,74
702060,8
992045,5
629088,18
519196,43
-1,0
-1,0
-1,0
-1,2500
-1,0
485691,93
-1,0
-1,189
-1,0
-1,0
-1,0
-1,0
-1,0
450897,146
-1,0
-1,2
-1,0
-1,0
-1,0
-1,0
-1,0
-1,0
-1,0
-1,0
-1,0
566966,10
-1,0
-1,0
-1,0
-1,0
-1,0
-1,0
-1,0
639978,9
-1,1
-1,0
-1,0
-1,0
-1,0
-1,0
-1,0
203445,114
-1,0
-1,0
-1,0
-1,0
-1,0
-1,0
425991,5
-1,0
-1,0
-1,0
616887,6
-1,0
-1,0
-1,0
-1,0
-1,1
-1,0
-1,0
-1,0
-1,0
-1,0
-1,0
-1,0
-1,0
-1,0
-1,0
-1,0
-1,0
-1,0
-1,0
-1,0
-1,0
-1,0
1264866,59
-1,0
-1,0
-1,0
