795572,1876,55854129
1772360,75,1213911
1665796,74,1137536
1463453,86,3872487
1495724,86,3712225
1326584,86,3742447
808076,77,1620268
1687419,80,2046574
1104340,79,1878482
503741,88,4772720
658662,85,3460639
937191,78,1636503
848860,85,3385519
846869,78,1690518
733225,77,1612249
315441,93,7211997
1210766,69,724457
1432784,70,757379
1513730,61,304623
1102406,76,1337438
1289028,71,820820
739548,69,702413
230007,92,6572654
991613,71,895602
332496,70,744668
-1,0
-1,0
-1,0
-1,0
-1,0
-1,0
-1,0
697688,74
706964,8
996316,5
632796,18
521850,43
-1,0
-1,0
-1,0
-1,2500
-1,0
490726,93
-1,0
-1,189
-1,0
-1,0
-1,0
-1,0
-1,0
453603,146
-1,0
-1,2
-1,0
-1,0
-1,0
-1,0
-1,0
-1,0
-1,0
-1,0
-1,0
571060,10
-1,0
-1,0
-1,0
-1,0
-1,0
-1,0
-1,0
645500,9
-1,1
-1,0
-1,0
-1,0
-1,0
-1,0
-1,0
207689,114
-1,0
-1,0
-1,0
-1,0
-1,0
-1,0
427940,5
-1,0
-1,0
-1,0
623432,6
-1,0
-1,0
-1,0
-1,0
-1,1
-1,0
-1,0
-1,0
-1,0
-1,0
-1,0
-1,0
-1,0
-1,0
-1,0
-1,0
-1,0
-1,0
-1,0
-1,0
-1,0
-1,0
1269788,59
-1,0
-1,0
-1,0
