779090,1876,55854129
1752735,75,1213911
1647624,74,1137536
1444974,86,3872487
1478064,86,3712225
1311632,86,3742447
796356,77,1620268
1670997,80,2046574
1091129,79,1878482
494099,88,4772720
650549,85,3460639
924871,78,1636503
837626,85,3385519
832721,78,1690518
721726,77,1612249
308340,93,7211997
1194923,69,724457
1414788,70,757379
1493555,61,304623
1088438,76,1337438
1272708,71,820820
728164,69,702413
225179,92,6572654
977471,71,895602
311340,70,744668
-1,0
-1,0
-1,0
-1,0
-1,0
-1,0
-1,0
688707,74
696066,8
986589,5
624432,18
516014,43
-1,0
-1,0
-1,0
-1,2500
-1,0
479078,93
-1,0
-1,189
-1,0
-1,0
-1,0
-1,0
-1,0
447755,146
-1,0
-1,2
-1,0
-1,0
-1,0
-1,0
-1,0
-1,0
-1,0
-1,0
-1,0
561722,10
-1,0
-1,0
-1,0
-1,0
-1,0
-1,0
-1,0
632791,9
-1,1
-1,0
-1,0
-1,0
-1,0
-1,0
-1,0
198348,114
-1,0
-1,0
-1,0
-1,0
-1,0
-1,0
423629,5
-1,0
-1,0
-1,0
608138,6
-1,0
-1,0
-1,0
-1,0
-1,1
-1,0
-1,0
-1,0
-1,0
-1,0
-1,0
-1,0
-1,0
-1,0
-1,0
-1,0
-1,0
-1,0
-1,0
-1,0
-1,0
-1,0
1257519,59
-1,0
-1,0
-1,0
