167051,2240,397820496
107420,99,20872929
87598,99,19248744
147742,99,28978639
75023,99,57120353
73800,99,57021091
235353,96,10633972
35629,99,41392997
264961,99,13166473
478514,89,4991556
350808,95,8944080
230912,96,9692132
476054,95,9306860
263558,97,10854745
229693,90,5869184
222167,97,10707042
77922,99,13291467
257136,87,4241528
230011,95,9321768
25646,99,28510072
101972,99,17712662
188619,90,5611680
228768,91,6341690
271516,86,3914381
560774,46,74451
-1,0
-1,0
-1,0
-1,0
-1,0
-1,0
-1,0
46930,1202
26863,347
117000,89
40481,414
103907,239
94208,62
72582,51
-1,489
-1,2522
17469,8721
349079,150
151770,5619
35222,757
80376,581
35493,1825
-1,0
159485,233
-1,0
76393,645
-1,0
9645,136
157155,78
175952,54
49327,1448
87390,277
-1,0
78723,81
14544,400
181558,81
175561,25
15305,360
116412,300
127985,392
111057,311
15712,103
-1,0
247937,6
42207,946
33913,1400
159401,160
201771,66
63694,260
97929,409
22482,4834
38878,509
59836,292
334307,39
-1,0
-1,0
67585,5
198004,22
-1,4
-1,0
112368,16
36737,425
65332,360
49430,142
234663,61
-1,0
29788,69
-1,0
121303,45
89512,261
3189,272
84765,407
274171,19
-1,2
-1,0
-1,3
108994,11
-1,0
27386,2044
28440,154
142521,34
-1,0
-1,3
-1,1
123258,68
197624,20
415265,158
908393,113
-1,0
30479,491
169913,797
