169560,2240,397820496
108367,99,20872929
88623,99,19248744
150304,99,28978639
76380,99,57120353
74904,99,57021091
236454,96,10633972
36392,99,41392997
266910,99,13166473
482035,89,4991556
352225,95,8944080
232441,96,9692132
478765,95,9306860
265265,97,10854745
231421,90,5869184
224002,97,10707042
78703,99,13291467
259116,87,4241528
231384,95,9321768
26230,99,28510072
102910,99,17712662
190052,90,5611680
230718,91,6341690
273578,86,3914381
584659,46,74451
-1,0
-1,0
-1,0
-1,0
-1,0
-1,0
-1,0
47459,1202
27282,347
118014,89
40777,414
104915,239
94999,62
73193,51
-1,489
-1,2522
17599,8721
352693,150
154141,5619
36046,757
81519,581
35813,1825
-1,0
162539,233
-1,0
76766,645
-1,0
9729,136
157923,78
177578,54
49551,1448
87742,277
-1,0
79067,81
14639,400
182530,81
176111,25
15427,360
116692,300
128395,392
111311,311
16020,103
-1,0
251558,6
42332,946
34070,1400
162569,160
203226,66
63831,260
98106,409
22541,4834
39027,509
60210,292
339526,39
-1,0
-1,0
68263,5
199660,22
-1,4
-1,0
113055,16
37398,425
66121,360
49663,142
236493,61
-1,0
30153,69
-1,0
122321,45
90334,261
3196,272
86176,407
278885,19
-1,2
-1,0
-1,3
109938,11
-1,0
27588,2044
28559,154
144158,34
-1,0
-1,3
-1,1
123882,68
198821,20
416838,158
912015,113
-1,0
30737,491
170506,797
