171942,2240,397820496
109230,99,20872929
89590,99,19248744
152483,99,28978639
77498,99,57120353
75886,99,57021091
237716,96,10633972
37077,99,41392997
268838,99,13166473
485832,89,4991556
353808,95,8944080
234295,96,9692132
481673,95,9306860
266923,97,10854745
233122,90,5869184
225973,97,10707042
79483,99,13291467
261166,87,4241528
232913,95,9321768
26686,99,28510072
103763,99,17712662
191966,90,5611680
233051,91,6341690
275747,86,3914381
601446,46,74451
-1,0
-1,0
-1,0
-1,0
-1,0
-1,0
-1,0
47993,1202
27709,347
118903,89
41039,414
105824,239
95793,62
73745,51
-1,489
-1,2522
17777,8721
357192,150
156847,5619
36829,757
82620,581
36122,1825
-1,0
165267,233
-1,0
77201,645
-1,0
9809,136
158757,78
179241,54
49793,1448
88195,277
-1,0
79485,81
14743,400
183558,81
176728,25
15562,360
117075,300
128875,392
111647,311
16291,103
-1,0
255220,6
42537,946
34282,1400
165135,160
204730,66
64016,260
98362,409
22614,4834
39196,509
60527,292
344821,39
-1,0
-1,0
68940,5
201365,22
-1,4
-1,0
113742,16
38007,425
66964,360
49890,142
238492,61
-1,0
30489,69
-1,0
123500,45
91145,261
3211,272
87472,407
283498,19
-1,2
-1,0
-1,3
110861,11
-1,0
27754,2044
28694,154
145774,34
-1,0
-1,3
-1,1
124464,68
200131,20
418877,158
916234,113
-1,0
30988,491
171197,797
