166747,2240,397820496
107289,99,20872929
87475,99,19248744
147372,99,28978639
74869,99,57120353
73662,99,57021091
235199,96,10633972
35529,99,41392997
264745,99,13166473
478141,89,4991556
350634,95,8944080
230745,96,9692132
475742,95,9306860
263332,97,10854745
229522,90,5869184
221947,97,10707042
77824,99,13291467
256962,87,4241528
229837,95,9321768
25544,99,28510072
101885,99,17712662
188472,90,5611680
228529,91,6341690
271268,86,3914381
556780,46,74451
-1,0
-1,0
-1,0
-1,0
-1,0
-1,0
-1,0
46871,1202
26821,347
116905,89
40453,414
103784,239
94103,62
72523,51
-1,489
-1,2522
17552,8721
348716,150
151476,5619
35099,757
80260,581
35452,1825
-1,0
159127,233
-1,0
76342,645
-1,0
9640,136
157014,78
175795,54
49288,1448
87345,277
-1,0
78670,81
14527,400
181441,81
175478,25
15278,360
116371,300
127935,392
111016,311
15680,103
-1,0
247559,6
42178,946
33887,1400
159009,160
201595,66
63677,260
97897,409
22468,4834
38836,509
59795,292
333726,39
-1,0
-1,0
67504,5
197780,22
-1,4
-1,0
112269,16
36676,425
65253,360
49395,142
234440,61
-1,0
29746,69
-1,0
121164,45
89418,261
3187,272
84574,407
273625,19
-1,2
-1,0
-1,3
108853,11
-1,0
27357,2044
28427,154
142320,34
-1,0
-1,3
-1,1
123197,68
197463,20
415016,158
907910,113
-1,0
30443,491
169817,797
