175359,2240,397820496
110170,99,20872929
90669,99,19248744
155496,99,28978639
79027,99,57120353
77261,99,57021091
239406,96,10633972
38046,99,41392997
271562,99,13166473
491487,89,4991556
356139,95,8944080
236728,96,9692132
485514,95,9306860
269227,97,10854745
235343,90,5869184
229017,97,10707042
80669,99,13291467
263875,87,4241528
235191,95,9321768
27272,99,28510072
105097,99,17712662
194499,90,5611680
235780,91,6341690
278816,86,3914381
624137,46,74451
-1,0
-1,0
-1,0
-1,0
-1,0
-1,0
-1,0
48802,1202
28378,347
120593,89
41511,414
107084,239
96987,62
74630,51
-1,489
-1,2522
17861,8721
362780,150
159998,5619
38097,757
84334,581
36577,1825
-1,0
169187,233
-1,0
77878,645
-1,0
9955,136
159310,78
181736,54
50137,1448
88695,277
-1,0
80035,81
14940,400
185122,81
177703,25
15788,360
117625,300
129647,392
112091,311
16738,103
-1,0
260863,6
42837,946
34599,1400
168595,160
207051,66
64303,260
98764,409
22710,4834
39461,509
61156,292
352745,39
-1,0
-1,0
69961,5
203780,22
-1,4
-1,0
114785,16
38936,425
68426,360
50282,142
241010,61
-1,0
30982,69
-1,0
125350,45
92029,261
3234,272
89265,407
291414,19
-1,2
-1,0
-1,3
112219,11
-1,0
28016,2044
28878,154
148336,34
-1,0
-1,3
-1,1
125290,68
201901,20
421605,158
921013,113
-1,0
31420,491
172350,797
