170122,2240,397820496
108561,99,20872929
88878,99,19248744
150856,99,28978639
76668,99,57120353
75157,99,57021091
236735,96,10633972
36558,99,41392997
267411,99,13166473
482955,89,4991556
352581,95,8944080
232911,96,9692132
479449,95,9306860
265669,97,10854745
231830,90,5869184
224464,97,10707042
78893,99,13291467
259603,87,4241528
231730,95,9321768
26330,99,28510072
103124,99,17712662
190560,90,5611680
231294,91,6341690
274106,86,3914381
588963,46,74451
-1,0
-1,0
-1,0
-1,0
-1,0
-1,0
-1,0
47602,1202
27383,347
118215,89
40848,414
105148,239
95194,62
73339,51
-1,489
-1,2522
17636,8721
353922,150
154883,5619
36223,757
81815,581
35885,1825
-1,0
163208,233
-1,0
76872,645
-1,0
9748,136
158163,78
178017,54
49610,1448
87873,277
-1,0
79163,81
14672,400
182791,81
176260,25
15463,360
116786,300
128505,392
111383,311
16097,103
-1,0
252412,6
42378,946
34120,1400
163213,160
203603,66
63879,260
98161,409
22555,4834
39071,509
60299,292
340820,39
-1,0
-1,0
68431,5
200081,22
-1,4
-1,0
113252,16
37537,425
66341,360
49715,142
237004,61
-1,0
30228,69
-1,0
122629,45
90534,261
3200,272
86503,407
279882,19
-1,2
-1,0
-1,3
110171,11
-1,0
27630,2044
28593,154
144534,34
-1,0
-1,3
-1,1
124029,68
199134,20
417331,158
913059,113
-1,0
30806,491
170708,797
