176330,2240,397820496
110476,99,20872929
91045,99,19248744
156437,99,28978639
79489,99,57120353
77657,99,57021091
239880,96,10633972
38355,99,41392997
272390,99,13166473
493255,89,4991556
356898,95,8944080
237499,96,9692132
486760,95,9306860
269907,97,10854745
236081,90,5869184
229890,97,10707042
81049,99,13291467
264655,87,4241528
235887,95,9321768
27419,99,28510072
105510,99,17712662
195243,90,5611680
236640,91,6341690
279680,86,3914381
630316,46,74451
-1,0
-1,0
-1,0
-1,0
-1,0
-1,0
-1,0
49088,1202
28594,347
121129,89
41648,414
107460,239
97363,62
74892,51
-1,489
-1,2522
17959,8721
364458,150
161067,5619
38452,757
84805,581
36701,1825
-1,0
170329,233
-1,0
78072,645
-1,0
10001,136
159790,78
182476,54
50237,1448
88829,277
-1,0
80176,81
14987,400
185547,81
177970,25
15855,360
117759,300
129878,392
112207,311
16873,103
-1,0
262421,6
42938,946
34687,1400
169444,160
207723,66
64403,260
98855,409
22736,4834
39540,509
61301,292
355055,39
-1,0
-1,0
70249,5
204398,22
-1,4
-1,0
115107,16
39194,425
68860,360
50413,142
241676,61
-1,0
31119,69
-1,0
125903,45
92326,261
3248,272
89785,407
293304,19
-1,2
-1,0
-1,3
112691,11
-1,0
28076,2044
28945,154
149039,34
-1,0
-1,3
-1,1
125554,68
202521,20
422452,158
922523,113
-1,0
31539,491
172672,797
