172220,2240,397820496
109316,99,20872929
89697,99,19248744
152761,99,28978639
77666,99,57120353
76033,99,57021091
237851,96,10633972
37149,99,41392997
269087,99,13166473
486265,89,4991556
354018,95,8944080
234477,96,9692132
481994,95,9306860
267109,97,10854745
233303,90,5869184
226162,97,10707042
79586,99,13291467
261417,87,4241528
233084,95,9321768
26735,99,28510072
103870,99,17712662
192164,90,5611680
233269,91,6341690
276012,86,3914381
603258,46,74451
-1,0
-1,0
-1,0
-1,0
-1,0
-1,0
-1,0
48067,1202
27770,347
119050,89
41088,414
105932,239
95890,62
73823,51
-1,489
-1,2522
17743,8721
357637,150
157066,5619
36964,757
82780,581
36162,1825
-1,0
165611,233
-1,0
77259,645
-1,0
9819,136
158864,78
179442,54
49832,1448
88254,277
-1,0
79548,81
14759,400
183698,81
176848,25
15579,360
117128,300
128941,392
111688,311
16329,103
-1,0
255716,6
42563,946
34306,1400
165463,160
204931,66
64041,260
98404,409
22624,4834
39222,509
60584,292
345457,39
-1,0
-1,0
69030,5
201599,22
-1,4
-1,0
113852,16
38085,425
67086,360
49929,142
238671,61
-1,0
30531,69
-1,0
123657,45
91211,261
3214,272
87621,407
284189,19
-1,2
-1,0
-1,3
110979,11
-1,0
27776,2044
28709,154
145979,34
-1,0
-1,3
-1,1
124554,68
200295,20
419142,158
916537,113
-1,0
31030,491
171305,797
