174941,2240,397820496
110035,99,20872929
90516,99,19248744
155142,99,28978639
78832,99,57120353
77099,99,57021091
239194,96,10633972
37928,99,41392997
271270,99,13166473
490775,89,4991556
355847,95,8944080
236415,96,9692132
485001,95,9306860
268917,97,10854745
235024,90,5869184
228622,97,10707042
80513,99,13291467
263542,87,4241528
234912,95,9321768
27209,99,28510072
104952,99,17712662
194194,90,5611680
235433,91,6341690
278483,86,3914381
621549,46,74451
-1,0
-1,0
-1,0
-1,0
-1,0
-1,0
-1,0
48707,1202
28304,347
120373,89
41458,414
106958,239
96848,62
74498,51
-1,489
-1,2522
17830,8721
362077,150
159645,5619
37957,757
84156,581
36520,1825
-1,0
168765,233
-1,0
77789,645
-1,0
9943,136
159115,78
181437,54
50108,1448
88624,277
-1,0
79971,81
14915,400
184940,81
177576,25
15760,360
117556,300
129557,392
112032,311
16690,103
-1,0
260203,6
42787,946
34551,1400
168224,160
206773,66
64272,260
98717,409
22702,4834
39434,509
61075,292
351842,39
-1,0
-1,0
69854,5
203503,22
-1,4
-1,0
114651,16
38845,425
68205,360
50224,142
240717,61
-1,0
30920,69
-1,0
125137,45
91922,261
3230,272
89053,407
290634,19
-1,2
-1,0
-1,3
112056,11
-1,0
27992,2044
28858,154
148067,34
-1,0
-1,3
-1,1
125171,68
201675,20
421259,158
920368,113
-1,0
31369,491
172215,797
