168448,2240,397820496
107978,99,20872929
88153,99,19248744
149177,99,28978639
75776,99,57120353
74384,99,57021091
235966,96,10633972
36042,99,41392997
266045,99,13166473
480405,89,4991556
351638,95,8944080
231688,96,9692132
477542,95,9306860
264517,97,10854745
230658,90,5869184
223156,97,10707042
78299,99,13291467
257973,87,4241528
230779,95,9321768
25992,99,28510072
102496,99,17712662
189433,90,5611680
229845,91,6341690
272660,86,3914381
575140,46,74451
-1,0
-1,0
-1,0
-1,0
-1,0
-1,0
-1,0
47207,1202
27072,347
117544,89
40635,414
104467,239
94653,62
72916,51
-1,489
-1,2522
17555,8721
351035,150
153088,5619
35663,757
81008,581
35680,1825
-1,0
161226,233
-1,0
76591,645
-1,0
9695,136
157594,78
176834,54
49468,1448
87537,277
-1,0
78926,81
14598,400
182126,81
175917,25
15361,360
116587,300
128221,392
111219,311
15879,103
-1,0
249969,6
42291,946
34003,1400
161248,160
202542,66
63772,260
98052,409
22512,4834
38967,509
60041,292
337162,39
-1,0
-1,0
67975,5
198942,22
-1,4
-1,0
112777,16
37126,425
65740,360
49573,142
235670,61
-1,0
29988,69
-1,0
121870,45
89957,261
3193,272
85481,407
276793,19
-1,2
-1,0
-1,3
109556,11
-1,0
27504,2044
28508,154
143420,34
-1,0
-1,3
-1,1
123613,68
198294,20
416170,158
910628,113
-1,0
30610,491
170292,797
