175693,2240,397820496
110285,99,20872929
90810,99,19248744
155810,99,28978639
79200,99,57120353
77383,99,57021091
239557,96,10633972
38150,99,41392997
271821,99,13166473
492159,89,4991556
356389,95,8944080
236992,96,9692132
485931,95,9306860
269458,97,10854745
235614,90,5869184
229365,97,10707042
80783,99,13291467
264117,87,4241528
235429,95,9321768
27326,99,28510072
105241,99,17712662
194774,90,5611680
236067,91,6341690
279105,86,3914381
626228,46,74451
-1,0
-1,0
-1,0
-1,0
-1,0
-1,0
-1,0
48890,1202
28460,347
120781,89
41561,414
107205,239
97137,62
74722,51
-1,489
-1,2522
17912,8721
363385,150
160330,5619
38227,757
84488,581
36629,1825
-1,0
169580,233
-1,0
77939,645
-1,0
9972,136
159459,78
182001,54
50171,1448
88739,277
-1,0
80092,81
14953,400
185266,81
177808,25
15815,360
117664,300
129726,392
112129,311
16800,103
-1,0
261378,6
42870,946
34634,1400
168880,160
207297,66
64338,260
98790,409
22718,4834
39484,509
61207,292
353534,39
-1,0
-1,0
70064,5
203976,22
-1,4
-1,0
114884,16
39032,425
68578,360
50324,142
241232,61
-1,0
31022,69
-1,0
125537,45
92135,261
3238,272
89448,407
291982,19
-1,2
-1,0
-1,3
112377,11
-1,0
28037,2044
28909,154
148555,34
-1,0
-1,3
-1,1
125369,68
202109,20
421901,158
921521,113
-1,0
31460,491
172462,797
