125484,2278,542677314
127695,99,19663475
74369,99,20450185
51265,99,59639463
68200,99,61201795
59696,99,65338371
18416,99,14343516
134488,99,23755027
47874,99,20008362
161842,99,13324861
95273,99,13446715
28134,99,17940725
39799,99,16983264
64005,99,14456440
46647,99,13533832
20490,99,20625998
71158,99,13361802
11708,99,16155158
30134,99,19913343
46400,99,23451113
132010,99,16259111
16433,99,16937630
12291,99,28666401
71755,99,13220727
-1,1,0
-1,0
-1,0
-1,0
-1,0
-1,0
-1,0
-1,0
15850,2310
27667,350
8676,801
12262,811
265409,114
201806,29
14016,205
142542,731
-1,2500
-1,128
23998,791
-1,0
21711,870
22547,1204
50568,1504
-1,0
-1,0
-1,0
41416,869
-1,0
345647,5
81604,250
223860,28
95880,941
255370,32
-1,0
127614,44
228260,26
200028,66
37166,276
106669,80
51114,621
36847,929
41663,725
151968,25
-1,0
72295,423
178717,256
141120,307
51809,510
175401,74
140623,134
408406,69
148278,2031
168536,53
178290,89
-1,0
-1,0
-1,0
49666,7
107290,155
83275,26
-1,0
2809,195
5415,1091
8189,2500
230906,17
30101,511
-1,0
68387,53
-1,0
160571,20
460710,71
67299,56
252590,63
-1,0
10690,1271
-1,0
45420,169
74502,69
-1,0
16997,2653
66622,98
186125,15
-1,0
9388,46
7011,2740
71225,171
17110,532
110759,874
1473011,36
-1,0
311718,22
56375,2000
