127270,2278,542677314
128413,99,19663475
74969,99,20450185
51947,99,59639463
69024,99,61201795
60391,99,65338371
18593,99,14343516
136052,99,23755027
48261,99,20008362
163297,99,13324861
95942,99,13446715
28366,99,17940725
40076,99,16983264
64601,99,14456440
46875,99,13533832
20674,99,20625998
71844,99,13361802
11763,99,16155158
30258,99,19913343
47001,99,23451113
133066,99,16259111
16599,99,16937630
12351,99,28666401
72494,99,13220727
-1,1,0
-1,0
-1,0
-1,0
-1,0
-1,0
-1,0
-1,0
16058,2310
28087,350
8799,801
12346,811
266819,114
203037,29
14172,205
142587,731
-1,2500
-1,128
24211,791
-1,0
22180,870
22816,1204
50932,1504
-1,0
-1,0
-1,0
41671,869
-1,0
347453,5
81518,250
225657,28
96339,941
256349,32
-1,0
128118,44
229271,26
200932,66
37286,276
107327,80
51207,621
36935,929
41735,725
153848,25
-1,0
73581,423
179470,256
141844,307
52553,510
176616,74
141176,134
409238,69
148542,2031
169230,53
179266,89
-1,0
-1,0
-1,0
50136,7
107977,155
84016,26
-1,0
2843,195
5484,1091
8327,2500
232136,17
30184,511
-1,0
68924,53
-1,0
161909,20
464010,71
67557,56
255745,63
-1,0
10927,1271
-1,0
46294,169
75111,69
-1,0
17103,2653
66895,98
188058,15
-1,0
9440,46
7149,2740
71496,171
17153,532
111162,874
1477494,36
-1,0
313935,22
56517,2000
