125806,2278,542677314
127808,99,19663475
74484,99,20450185
51381,99,59639463
68331,99,61201795
59787,99,65338371
18435,99,14343516
134745,99,23755027
47940,99,20008362
162088,99,13324861
95371,99,13446715
28163,99,17940725
39857,99,16983264
64097,99,14456440
46692,99,13533832
20522,99,20625998
71259,99,13361802
11699,99,16155158
30164,99,19913343
46504,99,23451113
132183,99,16259111
16452,99,16937630
12299,99,28666401
71859,99,13220727
-1,1,0
-1,0
-1,0
-1,0
-1,0
-1,0
-1,0
-1,0
15883,2310
27731,350
8693,801
12277,811
265608,114
202016,29
14042,205
142534,731
-1,2500
-1,128
24009,791
-1,0
21802,870
22585,1204
50629,1504
-1,0
-1,0
-1,0
41453,869
-1,0
345887,5
81644,250
224165,28
95945,941
255521,32
-1,0
127671,44
228392,26
200128,66
37185,276
106745,80
51120,621
36858,929
41669,725
152237,25
-1,0
72529,423
178827,256
141216,307
51923,510
175607,74
140712,134
408498,69
148311,2031
168629,53
178422,89
-1,0
-1,0
-1,0
49723,7
107359,155
83388,26
-1,0
2820,195
5427,1091
8209,2500
231078,17
30094,511
-1,0
68486,53
-1,0
160783,20
461263,71
67346,56
253128,63
-1,0
10741,1271
-1,0
45560,169
74566,69
-1,0
17008,2653
66662,98
186414,15
-1,0
9392,46
7034,2740
71274,171
17113,532
110814,874
1473730,36
-1,0
312036,22
56384,2000
