121882,2278,542677314
126065,99,19663475
73074,99,20450185
49721,99,59639463
66462,99,61201795
58257,99,65338371
18070,99,14343516
131304,99,23755027
47075,99,20008362
159180,99,13324861
94007,99,13446715
27577,99,17940725
39256,99,16983264
62678,99,14456440
45898,99,13533832
20220,99,20625998
69896,99,13361802
11564,99,16155158
29891,99,19913343
45200,99,23451113
130070,99,16259111
16133,99,16937630
12002,99,28666401
70333,99,13220727
-1,1,0
-1,0
-1,0
-1,0
-1,0
-1,0
-1,0
-1,0
15495,2310
26933,350
8505,801
12119,811
262742,114
199424,29
13709,205
141914,731
-1,2500
-1,128
23507,791
-1,0
20750,870
22073,1204
49873,1504
-1,0
-1,0
-1,0
40997,869
-1,0
342425,5
80871,250
220586,28
95059,941
252887,32
-1,0
126520,44
226293,26
198073,66
37036,276
105619,80
50877,621
36660,929
41477,725
148771,25
-1,0
69904,423
177211,256
139719,307
50341,510
173099,74
139558,134
406612,69
147765,2031
167273,53
176470,89
-1,0
-1,0
-1,0
48716,7
105839,155
81782,26
-1,0
2752,195
5288,1091
7940,2500
228283,17
29898,511
-1,0
67433,53
-1,0
158025,20
453439,71
66727,56
245909,63
-1,0
10234,1271
-1,0
43814,169
73486,69
-1,0
16769,2653
66083,98
182576,15
-1,0
9308,46
6745,2740
70605,171
17040,532
109950,874
1461718,36
-1,0
307285,22
56076,2000
