122024,2278,542677314
126130,99,19663475
73115,99,20450185
49753,99,59639463
66519,99,61201795
58308,99,65338371
18074,99,14343516
131413,99,23755027
47107,99,20008362
159271,99,13324861
94040,99,13446715
27601,99,17940725
39276,99,16983264
62720,99,14456440
45930,99,13533832
20187,99,20625998
69939,99,13361802
11569,99,16155158
29889,99,19913343
45249,99,23451113
130127,99,16259111
16142,99,16937630
12014,99,28666401
70386,99,13220727
-1,1,0
-1,0
-1,0
-1,0
-1,0
-1,0
-1,0
-1,0
15506,2310
26955,350
8509,801
12119,811
262814,114
199502,29
13717,205
141917,731
-1,2500
-1,128
23518,791
-1,0
20775,870
22085,1204
49887,1504
-1,0
-1,0
-1,0
41006,869
-1,0
342550,5
80859,250
220679,28
95073,941
252960,32
-1,0
126555,44
226348,26
198119,66
37037,276
105645,80
50883,621
36659,929
41479,725
148882,25
-1,0
69988,423
177246,256
139766,307
50394,510
173177,74
139587,134
406660,69
147775,2031
167300,53
176518,89
-1,0
-1,0
-1,0
48749,7
105865,155
81852,26
-1,0
2755,195
5291,1091
7950,2500
228373,17
29900,511
-1,0
67460,53
-1,0
158098,20
453648,71
66755,56
246138,63
-1,0
10247,1271
-1,0
43877,169
73516,69
-1,0
16777,2653
66095,98
182688,15
-1,0
9310,46
6754,2740
70615,171
17037,532
109970,874
1461981,36
-1,0
307422,22
56076,2000
