124502,2278,542677314
127376,99,19663475
74117,99,20450185
50875,99,59639463
67723,99,61201795
59329,99,65338371
18300,99,14343516
133602,99,23755027
47624,99,20008362
161116,99,13324861
94953,99,13446715
28001,99,17940725
39632,99,16983264
63636,99,14456440
46470,99,13533832
20395,99,20625998
70785,99,13361802
11689,99,16155158
30080,99,19913343
46111,99,23451113
131419,99,16259111
16366,99,16937630
12227,99,28666401
71362,99,13220727
-1,1,0
-1,0
-1,0
-1,0
-1,0
-1,0
-1,0
-1,0
15749,2310
27461,350
8619,801
12222,811
264694,114
201159,29
13939,205
142448,731
-1,2500
-1,128
23879,791
-1,0
21431,870
22425,1204
50373,1504
-1,0
-1,0
-1,0
41305,869
-1,0
344783,5
81443,250
222941,28
95654,941
254775,32
-1,0
127322,44
227723,26
199449,66
37140,276
106345,80
51058,621
36802,929
41608,725
151080,25
-1,0
71631,423
178311,256
140766,307
51420,510
174712,74
140283,134
407903,69
148155,2031
168187,53
177746,89
-1,0
-1,0
-1,0
49404,7
106930,155
82873,26
-1,0
2794,195
5378,1091
8122,2500
230195,17
30051,511
-1,0
68103,53
-1,0
159851,20
458808,71
67150,56
250896,63
-1,0
10549,1271
-1,0
44990,169
74237,69
-1,0
16934,2653
66483,98
185145,15
-1,0
9358,46
6930,2740
71052,171
17077,532
110560,874
1469923,36
-1,0
310576,22
56331,2000
