119648,2278,542677314
124964,99,19663475
72215,99,20450185
48691,99,59639463
65275,99,61201795
57282,99,65338371
17839,99,14343516
129145,99,23755027
46694,99,20008362
157663,99,13324861
93336,99,13446715
27369,99,17940725
39011,99,16983264
61716,99,14456440
45451,99,13533832
20014,99,20625998
69182,99,13361802
11476,99,16155158
29713,99,19913343
44139,99,23451113
128882,99,16259111
15998,99,16937630
11881,99,28666401
69374,99,13220727
-1,1,0
-1,0
-1,0
-1,0
-1,0
-1,0
-1,0
-1,0
15282,2310
26515,350
8421,801
12046,811
261025,114
198060,29
13535,205
141722,731
-1,2500
-1,128
23181,791
-1,0
20234,870
21753,1204
49426,1504
-1,0
-1,0
-1,0
40769,869
-1,0
340552,5
80341,250
218721,28
94606,941
251445,32
-1,0
126019,44
225277,26
197077,66
36959,276
105084,80
50770,621
36589,929
41397,725
146912,25
-1,0
68522,423
176477,256
139010,307
49290,510
171776,74
139065,134
405993,69
147512,2031
166729,53
175466,89
-1,0
-1,0
-1,0
48190,7
105043,155
80882,26
-1,0
2724,195
5219,1091
7825,2500
226911,17
29789,511
-1,0
66819,53
-1,0
156708,20
449286,71
66371,56
240903,63
-1,0
9947,1271
-1,0
42831,169
72888,69
-1,0
16617,2653
65788,98
180554,15
-1,0
9266,46
6612,2740
70190,171
16949,532
109534,874
1455247,36
-1,0
304779,22
55888,2000
