123020,2280,270639101
255208,99,15129846
209391,99,14935513
346747,99,16841609
377043,99,23453480
497785,99,15383202
49324,99,13505829
391743,99,14505493
175946,99,13673480
243792,99,13052754
296001,99,13034632
220411,97,11114761
1009686,82,2431840
228678,99,13053896
311925,88,4582375
76730,99,14203330
382486,87,4383187
294849,86,3777806
233518,95,9585968
658615,87,4302527
235756,99,13805407
92093,99,13069271
623401,80,1987260
183038,93,7763312
66314,99,13062323
-1,0
-1,0
-1,0
-1,0
-1,0
-1,0
-1,0
-1,0
-1,0
-1,0
-1,0
-1,0
-1,0
-1,0
-1,0
-1,2500
-1,0
-1,0
-1,0
-1,202
-1,0
-1,0
-1,0
-1,0
-1,1
1232053,8
-1,0
-1,0
-1,0
-1,1
-1,0
231490,45
-1,0
-1,1
-1,2
-1,1
-1,1
-1,1
-1,2
-1,2
-1,3
-1,0
-1,0
-1,1
-1,1
-1,1
360230,37
259820,55
127948,153
-1,0
568029,120
-1,1
-1,1
-1,1
-1,0
-1,0
-1,0
-1,0
-1,0
-1,0
-1,0
-1,0
-1,0
-1,1
-1,0
-1,0
610962,7
-1,0
-1,1
980157,15
-1,0
-1,0
-1,0
-1,1
-1,0
-1,1
-1,0
-1,0
-1,0
357681,6
-1,0
-1,0
166449,9
-1,1
-1,0
-1,0
599321,54
1094571,80
-1,0
-1,0
-1,1
