135033,2276,267241139
247595,99,15129846
202240,99,14935513
332203,99,16841497
363902,99,23450872
484131,99,15383202
47501,99,13505829
379144,99,14492646
170100,99,13673480
235682,99,13052754
309147,99,13034432
243467,95,8874316
989387,82,2431840
222577,99,13053881
304098,88,4576870
74294,99,14187963
384356,87,4084758
372777,84,3029753
227610,95,9585968
641674,87,4302527
228498,99,13803851
88423,99,13069271
607370,80,1987260
177451,93,7716235
82100,99,13036575
-1,0
-1,0
-1,0
-1,0
-1,0
-1,0
-1,0
-1,0
-1,0
-1,0
-1,0
-1,0
-1,0
-1,0
-1,0
-1,2500
-1,0
-1,0
-1,0
-1,189
-1,0
-1,0
-1,0
-1,0
-1,1
1207234,8
-1,0
-1,0
-1,0
-1,1
-1,0
226678,45
-1,0
-1,1
-1,2
-1,1
-1,1
-1,1
-1,2
-1,2
-1,3
-1,0
-1,0
-1,1
-1,1
-1,1
342912,37
252504,55
125962,153
-1,0
558719,120
-1,1
-1,1
-1,1
-1,0
-1,0
-1,0
-1,0
-1,0
-1,0
-1,0
-1,0
-1,0
-1,1
-1,0
-1,0
596397,7
-1,0
-1,1
949846,15
-1,0
-1,0
-1,0
-1,1
-1,0
-1,1
-1,0
-1,0
-1,0
344943,6
-1,0
-1,0
165101,9
-1,1
-1,0
-1,0
588081,54
1077873,80
-1,0
-1,0
-1,1
