139199,2278,269085136
253657,99,15129846
207847,99,14935513
343530,99,16841609
374052,99,23453480
494978,99,15383202
48932,99,13505829
388957,99,14505363
174545,99,13673480
241809,99,13052754
294714,99,13034632
237890,95,9563239
1005013,82,2431840
227346,99,13053896
310050,88,4582375
75964,99,14203330
379901,87,4383187
293066,86,3777806
232072,95,9585968
654894,87,4302527
233916,99,13805407
91346,99,13069271
619923,80,1987260
181611,93,7763312
65371,99,13060010
-1,0
-1,0
-1,0
-1,0
-1,0
-1,0
-1,0
-1,0
-1,0
-1,0
-1,0
-1,0
-1,0
-1,0
-1,0
-1,2500
-1,0
-1,0
-1,0
-1,202
-1,0
-1,0
-1,0
-1,0
-1,1
1226030,8
-1,0
-1,0
-1,0
-1,1
-1,0
230444,45
-1,0
-1,1
-1,2
-1,1
-1,1
-1,1
-1,2
-1,2
-1,3
-1,0
-1,0
-1,1
-1,1
-1,1
356838,37
257981,55
127415,153
-1,0
565594,120
-1,1
-1,1
-1,1
-1,0
-1,0
-1,0
-1,0
-1,0
-1,0
-1,0
-1,0
-1,0
-1,1
-1,0
-1,0
607590,7
-1,0
-1,1
973551,15
-1,0
-1,0
-1,0
-1,1
-1,0
-1,1
-1,0
-1,0
-1,0
354538,6
-1,0
-1,0
166152,9
-1,1
-1,0
-1,0
596492,54
1090906,80
-1,0
-1,0
-1,1
