122917,2280,270586578
255099,99,15129846
209285,99,14935513
346549,99,16841609
376864,99,23453480
497617,99,15383202
49302,99,13505829
391588,99,14505493
175859,99,13673480
243686,99,13052754
295917,99,13034632
220790,97,11062363
1009409,82,2431840
228616,99,13053896
311816,88,4582375
76697,99,14203330
382336,87,4383187
294736,86,3777806
233427,95,9585968
658397,87,4302527
235645,99,13805407
92037,99,13069271
623198,80,1987260
182958,93,7763312
66273,99,13062198
-1,0
-1,0
-1,0
-1,0
-1,0
-1,0
-1,0
-1,0
-1,0
-1,0
-1,0
-1,0
-1,0
-1,0
-1,0
-1,2500
-1,0
-1,0
-1,0
-1,202
-1,0
-1,0
-1,0
-1,0
-1,1
1231697,8
-1,0
-1,0
-1,0
-1,1
-1,0
231414,45
-1,0
-1,1
-1,2
-1,1
-1,1
-1,1
-1,2
-1,2
-1,3
-1,0
-1,0
-1,1
-1,1
-1,1
360047,37
259715,55
127921,153
-1,0
567887,120
-1,1
-1,1
-1,1
-1,0
-1,0
-1,0
-1,0
-1,0
-1,0
-1,0
-1,0
-1,0
-1,1
-1,0
-1,0
610769,7
-1,0
-1,1
979778,15
-1,0
-1,0
-1,0
-1,1
-1,0
-1,1
-1,0
-1,0
-1,0
357516,6
-1,0
-1,0
166425,9
-1,1
-1,0
-1,0
599174,54
1094344,80
-1,0
-1,0
-1,1
