134659,2278,268178162
248736,99,15129846
203351,99,14935513
334524,99,16841497
365765,99,23450872
485861,99,15383202
47840,99,13505829
381007,99,14492864
170939,99,13673480
236776,99,13052754
290961,99,13034632
244314,95,8874316
991709,82,2431840
223367,99,13053896
305058,88,4576945
74730,99,14187963
376239,87,4273220
287360,86,3777806
228294,95,9585968
644070,87,4302527
229559,99,13803851
88988,99,13069271
609594,80,1987260
178033,93,7716235
84280,99,13036575
-1,0
-1,0
-1,0
-1,0
-1,0
-1,0
-1,0
-1,0
-1,0
-1,0
-1,0
-1,0
-1,0
-1,0
-1,0
-1,2500
-1,0
-1,0
-1,0
-1,190
-1,0
-1,0
-1,0
-1,0
-1,1
1209543,8
-1,0
-1,0
-1,0
-1,1
-1,0
227126,45
-1,0
-1,1
-1,2
-1,1
-1,1
-1,1
-1,2
-1,2
-1,3
-1,0
-1,0
-1,1
-1,1
-1,1
346224,37
253502,55
126129,153
-1,0
559405,120
-1,1
-1,1
-1,1
-1,0
-1,0
-1,0
-1,0
-1,0
-1,0
-1,0
-1,0
-1,0
-1,1
-1,0
-1,0
598075,7
-1,0
-1,1
954074,15
-1,0
-1,0
-1,0
-1,1
-1,0
-1,1
-1,0
-1,0
-1,0
346415,6
-1,0
-1,0
165069,9
-1,1
-1,0
-1,0
588663,54
1079709,80
-1,0
-1,0
-1,1
