138898,2278,269031344
253302,99,15129846
207493,99,14935513
342859,99,16841609
373439,99,23453480
494354,99,15383202
48855,99,13505829
388337,99,14505363
174319,99,13673480
241418,99,13052754
294470,99,13034632
238212,95,9509611
1004146,82,2431840
227053,99,13053896
309676,88,4582375
75808,99,14203330
379444,87,4383187
292697,86,3777806
231767,95,9585968
654113,87,4302527
233584,99,13805407
91185,99,13069271
619222,80,1987260
181368,93,7763312
65038,99,13059846
-1,0
-1,0
-1,0
-1,0
-1,0
-1,0
-1,0
-1,0
-1,0
-1,0
-1,0
-1,0
-1,0
-1,0
-1,0
-1,2500
-1,0
-1,0
-1,0
-1,202
-1,0
-1,0
-1,0
-1,0
-1,1
1224794,8
-1,0
-1,0
-1,0
-1,1
-1,0
230218,45
-1,0
-1,1
-1,2
-1,1
-1,1
-1,1
-1,2
-1,2
-1,3
-1,0
-1,0
-1,1
-1,1
-1,1
356123,37
257656,55
127328,153
-1,0
565118,120
-1,1
-1,1
-1,1
-1,0
-1,0
-1,0
-1,0
-1,0
-1,0
-1,0
-1,0
-1,0
-1,1
-1,0
-1,0
606928,7
-1,0
-1,1
972276,15
-1,0
-1,0
-1,0
-1,1
-1,0
-1,1
-1,0
-1,0
-1,0
353909,6
-1,0
-1,0
166076,9
-1,1
-1,0
-1,0
595938,54
1090245,80
-1,0
-1,0
-1,1
