607572,1961,127718118
1022338,85,3536659
1050921,83,2688070
652403,99,13202828
618352,99,15779342
412392,99,17584389
540135,82,2572663
727250,96,9701733
189808,99,13522885
85111,99,14534947
443702,91,6272717
1460448,70,740670
757631,87,4079752
564580,85,3269412
691773,78,1747082
698081,82,2479113
502955,83,2810472
574282,79,1964763
1030434,73,1003104
785205,84,2972951
707267,86,3723896
739173,69,689491
908346,73,1035914
818303,79,1805265
-1,1,0
-1,0
-1,0
-1,0
-1,0
-1,0
-1,0
-1,0
434707,165
139370,64
255231,36
404906,38
726051,19
484564,6
401854,2
-1,0
-1,2500
168354,467
1073631,11
-1,0
-1,287
-1,0
-1,0
-1,0
-1,0
-1,0
578246,100
-1,0
-1,0
213643,37
-1,0
-1,0
225680,48
-1,2
16226,343
162314,41
179803,86
-1,0
491284,17
269862,91
332505,151
315800,59
428639,7
-1,0
-1,1
224158,176
18719,2231
255273,80
569279,19
-1,2
458664,54
-1,0
-1,0
235575,49
-1,0
-1,0
-1,0
-1,0
-1,0
-1,0
-1,0
408930,5
176927,68
177067,98
-1,1
127104,128
-1,0
451737,13
-1,0
-1,0
510359,62
10940,150
152647,242
-1,0
-1,1
-1,0
104378,7
110030,12
-1,0
-1,0
51803,114
71780,129
-1,0
-1,2
-1,1
-1,0
-1,0
579281,58
1366106,47
-1,0
157246,92
289756,353
