612078,1961,127718118
1026700,85,3536659
1054897,83,2688070
656041,99,13202828
621663,99,15779342
414607,99,17584389
542633,82,2572663
730035,96,9701733
191001,99,13522885
85975,99,14534947
445444,91,6272717
1465259,70,740670
760770,87,4079752
567674,85,3269412
695029,78,1747082
702049,82,2479113
505581,83,2810472
576868,79,1964763
1035456,73,1003104
789003,84,2972951
710731,86,3723896
742703,69,689491
912452,73,1035914
822002,79,1805265
-1,1,0
-1,0
-1,0
-1,0
-1,0
-1,0
-1,0
-1,0
436864,165
140740,64
256866,36
406975,38
728555,19
486679,6
403489,2
-1,0
-1,2500
168620,467
1079909,11
-1,0
-1,287
-1,0
-1,0
-1,0
-1,0
-1,0
580789,100
-1,0
-1,0
213838,37
-1,0
-1,0
226533,48
-1,2
16298,343
162960,41
180636,86
-1,0
494030,17
270823,91
334051,151
316867,59
432411,7
-1,0
-1,1
225020,176
18823,2231
257891,80
571957,19
-1,2
459635,54
-1,0
-1,0
236744,49
-1,0
-1,0
-1,0
-1,0
-1,0
-1,0
-1,0
410313,5
178878,68
179192,98
-1,1
127636,128
-1,0
454055,13
-1,0
-1,0
513619,62
10975,150
154488,242
-1,0
-1,1
-1,0
105699,7
110809,12
-1,0
-1,0
51969,114
72530,129
-1,0
-1,2
-1,1
-1,0
-1,0
581640,58
1369897,47
-1,0
158138,92
291151,353
