612440,1961,127718118
1027096,85,3536659
1055290,83,2688070
656390,99,13202828
621954,99,15779342
414817,99,17584389
542846,82,2572663
730345,96,9701733
191064,99,13522885
86044,99,14534947
445589,91,6272717
1465703,70,740670
761076,87,4079752
567904,85,3269412
695314,78,1747082
702396,82,2479113
505835,83,2810472
577125,79,1964763
1035879,73,1003104
789317,84,2972951
710985,86,3723896
743046,69,689491
912836,73,1035914
822333,79,1805265
-1,1,0
-1,0
-1,0
-1,0
-1,0
-1,0
-1,0
-1,0
437036,165
140855,64
256991,36
407139,38
728764,19
486847,6
403634,2
-1,0
-1,2500
168659,467
1080487,11
-1,0
-1,287
-1,0
-1,0
-1,0
-1,0
-1,0
581001,100
-1,0
-1,0
213926,37
-1,0
-1,0
226617,48
-1,2
16309,343
163024,41
180700,86
-1,0
494277,17
270908,91
334172,151
316979,59
432737,7
-1,0
-1,1
225099,176
18830,2231
258057,80
572179,19
-1,2
459742,54
-1,0
-1,0
236836,49
-1,0
-1,0
-1,0
-1,0
-1,0
-1,0
-1,0
410438,5
179036,68
179376,98
-1,1
127691,128
-1,0
454258,13
-1,0
-1,0
513886,62
10982,150
154629,242
-1,0
-1,1
-1,0
105827,7
110886,12
-1,0
-1,0
51990,114
72583,129
-1,0
-1,2
-1,1
-1,0
-1,0
581867,58
1370259,47
-1,0
158221,92
291269,353
