613054,1961,127718118
1027705,85,3536659
1055918,83,2688070
656893,99,13202828
622407,99,15779342
415153,99,17584389
543194,82,2572663
730778,96,9701733
191230,99,13522885
86181,99,14534947
445834,91,6272717
1466392,70,740670
761543,87,4079752
568340,85,3269412
695783,78,1747082
703094,82,2479113
506156,83,2810472
577532,79,1964763
1036586,73,1003104
789776,84,2972951
711459,86,3723896
743553,69,689491
913395,73,1035914
822809,79,1805265
-1,1,0
-1,0
-1,0
-1,0
-1,0
-1,0
-1,0
-1,0
437302,165
141031,64
257191,36
407418,38
729053,19
487111,6
403848,2
-1,0
-1,2500
168752,467
1081383,11
-1,0
-1,287
-1,0
-1,0
-1,0
-1,0
-1,0
581326,100
-1,0
-1,0
214061,37
-1,0
-1,0
226739,48
-1,2
16318,343
163128,41
180820,86
-1,0
494614,17
271023,91
334360,151
317104,59
433226,7
-1,0
-1,1
225211,176
18841,2231
258382,80
572530,19
-1,2
459866,54
-1,0
-1,0
236968,49
-1,0
-1,0
-1,0
-1,0
-1,0
-1,0
-1,0
410608,5
179272,68
179693,98
-1,1
127768,128
-1,0
454540,13
-1,0
-1,0
514310,62
10984,150
154854,242
-1,0
-1,1
-1,0
106016,7
110979,12
-1,0
-1,0
52014,114
72658,129
-1,0
-1,2
-1,1
-1,0
-1,0
582156,58
1370844,47
-1,0
158328,92
291429,353
