610040,1961,127718118
1025025,85,3536659
1053477,83,2688070
654615,99,13202828
620403,99,15779342
413721,99,17584389
541512,82,2572663
729072,96,9701733
190428,99,13522885
85606,99,14534947
444667,91,6272717
1463208,70,740670
759577,87,4079752
566315,85,3269412
693729,78,1747082
700617,82,2479113
504321,83,2810472
575860,79,1964763
1033327,73,1003104
787325,84,2972951
709187,86,3723896
741161,69,689491
910788,73,1035914
820345,79,1805265
-1,1,0
-1,0
-1,0
-1,0
-1,0
-1,0
-1,0
-1,0
435919,165
140109,64
256131,36
406041,38
727446,19
485726,6
402797,2
-1,0
-1,2500
168598,467
1077305,11
-1,0
-1,287
-1,0
-1,0
-1,0
-1,0
-1,0
579650,100
-1,0
-1,0
214043,37
-1,0
-1,0
226198,48
-1,2
16264,343
162648,41
180239,86
-1,0
492809,17
270374,91
333347,151
316348,59
430705,7
-1,0
-1,1
224640,176
18782,2231
256735,80
570746,19
-1,2
459204,54
-1,0
-1,0
236241,49
-1,0
-1,0
-1,0
-1,0
-1,0
-1,0
-1,0
409699,5
178022,68
178159,98
-1,1
127402,128
-1,0
453005,13
-1,0
-1,0
512223,62
10959,150
153646,242
-1,0
-1,1
-1,0
105083,7
110439,12
-1,0
-1,0
51893,114
72181,129
-1,0
-1,2
-1,1
-1,0
-1,0
580589,58
1368464,47
-1,0
157714,92
290485,353
