614189,1961,127718118
1029050,85,3536659
1057123,83,2688070
657901,99,13202828
623389,99,15779342
415843,99,17584389
543853,82,2572663
731725,96,9701733
191548,99,13522885
86414,99,14534947
446291,91,6272717
1467705,70,740670
762430,87,4079752
569090,85,3269412
696703,78,1747082
704294,82,2479113
506818,83,2810472
578294,79,1964763
1037942,73,1003104
790725,84,2972951
712304,86,3723896
744453,69,689491
914523,73,1035914
823772,79,1805265
-1,1,0
-1,0
-1,0
-1,0
-1,0
-1,0
-1,0
-1,0
437879,165
141384,64
257621,36
407993,38
729667,19
487720,6
404294,2
-1,0
-1,2500
168912,467
1083105,11
-1,0
-1,287
-1,0
-1,0
-1,0
-1,0
-1,0
581957,100
-1,0
-1,0
214302,37
-1,0
-1,0
227010,48
-1,2
16339,343
163306,41
181045,86
-1,0
495317,17
271238,91
334736,151
317390,59
434148,7
-1,0
-1,1
225437,176
18869,2231
258971,80
573207,19
-1,2
460077,54
-1,0
-1,0
237253,49
-1,0
-1,0
-1,0
-1,0
-1,0
-1,0
-1,0
411014,5
179752,68
180182,98
-1,1
127939,128
-1,0
455083,13
-1,0
-1,0
515206,62
11000,150
155333,242
-1,0
-1,1
-1,0
106370,7
111216,12
-1,0
-1,0
52077,114
72888,129
-1,0
-1,2
-1,1
-1,0
-1,0
582754,58
1371981,47
-1,0
158558,92
291764,353
