606250,1961,127718118
1021160,85,3536659
1049742,83,2688070
651543,99,13202828
617459,99,15779342
411726,99,17584389
539447,82,2572663
726191,96,9701733
189439,99,13522885
84840,99,14534947
443277,91,6272717
1458745,70,740670
756638,87,4079752
563659,85,3269412
690694,78,1747082
696911,82,2479113
502203,83,2810472
573369,79,1964763
1028947,73,1003104
784131,84,2972951
706331,86,3723896
738161,69,689491
907147,73,1035914
817208,79,1805265
-1,1,0
-1,0
-1,0
-1,0
-1,0
-1,0
-1,0
-1,0
434098,165
139045,64
254751,36
404282,38
725348,19
484016,6
401438,2
-1,0
-1,2500
168250,467
1071785,11
-1,0
-1,287
-1,0
-1,0
-1,0
-1,0
-1,0
577578,100
-1,0
-1,0
213486,37
-1,0
-1,0
225437,48
-1,2
16199,343
162157,41
179578,86
-1,0
490534,17
269650,91
332124,151
315569,59
427670,7
-1,0
-1,1
223952,176
18690,2231
254538,80
568519,19
-1,2
458441,54
-1,0
-1,0
235305,49
-1,0
-1,0
-1,0
-1,0
-1,0
-1,0
-1,0
408539,5
176380,68
176575,98
-1,1
126965,128
-1,0
451128,13
-1,0
-1,0
509443,62
10933,150
152097,242
-1,0
-1,1
-1,0
104021,7
109871,12
-1,0
-1,0
51767,114
71619,129
-1,0
-1,2
-1,1
-1,0
-1,0
578692,58
1364782,47
-1,0
157050,92
289410,353
