593166,1961,127717808
1007741,85,3536659
1037054,83,2688070
640488,99,13202828
606994,99,15779342
404762,99,17584389
532583,82,2572663
716237,96,9701698
186137,99,13522885
82724,99,14534947
438978,91,6272717
1444619,70,740670
747690,87,4079752
554376,85,3269412
681284,78,1746807
685850,82,2479113
495101,83,2810472
565130,79,1964763
1014663,73,1003104
773508,84,2972951
697763,86,3723896
728190,69,689491
894339,73,1035914
807012,79,1805265
-1,1,0
-1,0
-1,0
-1,0
-1,0
-1,0
-1,0
-1,0
428659,165
135950,64
250944,36
399110,38
718763,19
478906,6
397427,2
-1,0
-1,2500
167081,467
1052837,11
-1,0
-1,287
-1,0
-1,0
-1,0
-1,0
-1,0
571872,100
-1,0
-1,0
211433,37
-1,0
-1,0
222744,48
-1,2
15996,343
160647,41
177477,86
-1,0
483371,17
267577,91
328657,151
313250,59
417546,7
-1,0
-1,1
221763,176
18467,2231
246638,80
561867,19
-1,2
456372,54
-1,0
-1,0
232768,49
-1,0
-1,0
-1,0
-1,0
-1,0
-1,0
-1,0
404757,5
171230,68
171660,98
-1,1
125333,128
-1,0
445063,13
-1,0
-1,0
499605,62
10818,150
146667,242
-1,0
-1,1
-1,0
100725,7
107972,12
-1,0
-1,0
51298,114
69869,129
-1,0
-1,2
-1,1
-1,0
-1,0
573019,58
1352468,47
-1,0
154748,92
286429,353
