603711,1961,127717808
1018568,85,3536659
1047333,83,2688070
649305,99,13202828
615503,99,15779342
410383,99,17584389
538026,82,2572663
724309,96,9701698
188753,99,13522885
84430,99,14534947
442381,91,6272717
1456036,70,740670
754851,87,4079752
561964,85,3269412
688900,78,1746807
694841,82,2479113
500757,83,2810472
571716,79,1964763
1026014,73,1003104
782031,84,2972951
704592,86,3723896
736201,69,689491
904648,73,1035914
815192,79,1805265
-1,1,0
-1,0
-1,0
-1,0
-1,0
-1,0
-1,0
-1,0
432948,165
138417,64
253921,36
403157,38
723940,19
482921,6
400617,2
-1,0
-1,2500
168046,467
1068147,11
-1,0
-1,287
-1,0
-1,0
-1,0
-1,0
-1,0
576192,100
-1,0
-1,0
213108,37
-1,0
-1,0
224932,48
-1,2
16157,343
161820,41
179153,86
-1,0
488967,17
269158,91
331324,151
315031,59
425467,7
-1,0
-1,1
223474,176
18648,2231
253112,80
567130,19
-1,2
457951,54
-1,0
-1,0
234732,49
-1,0
-1,0
-1,0
-1,0
-1,0
-1,0
-1,0
407736,5
175299,68
175508,98
-1,1
126657,128
-1,0
449870,13
-1,0
-1,0
507523,62
10902,150
151121,242
-1,0
-1,1
-1,0
103308,7
109492,12
-1,0
-1,0
51661,114
71235,129
-1,0
-1,2
-1,1
-1,0
-1,0
577416,58
1362461,47
-1,0
156568,92
288774,353
