611548,1961,127718118
1026603,85,3536659
1054924,83,2688070
655854,99,13202828
621536,99,15779342
414451,99,17584389
542363,82,2572663
730047,96,9701733
190849,99,13522885
85902,99,14534947
445241,91,6272717
1464879,70,740670
760622,87,4079752
567329,85,3269412
694691,78,1747082
701897,82,2479113
505219,83,2810472
576794,79,1964763
1035022,73,1003104
788548,84,2972951
710326,86,3723896
742430,69,689491
912162,73,1035914
821602,79,1805265
-1,1,0
-1,0
-1,0
-1,0
-1,0
-1,0
-1,0
-1,0
436598,165
140541,64
256621,36
406690,38
728276,19
486392,6
403323,2
-1,0
-1,2500
168663,467
1079486,11
-1,0
-1,287
-1,0
-1,0
-1,0
-1,0
-1,0
580448,100
-1,0
-1,0
214002,37
-1,0
-1,0
226450,48
-1,2
16288,343
162892,41
180518,86
-1,0
493705,17
270691,91
333863,151
316694,59
431926,7
-1,0
-1,1
224920,176
18819,2231
257590,80
571672,19
-1,2
459555,54
-1,0
-1,0
236597,49
-1,0
-1,0
-1,0
-1,0
-1,0
-1,0
-1,0
410126,5
178627,68
178866,98
-1,1
127602,128
-1,0
453774,13
-1,0
-1,0
513298,62
10974,150
154225,242
-1,0
-1,1
-1,0
105518,7
110695,12
-1,0
-1,0
51952,114
72430,129
-1,0
-1,2
-1,1
-1,0
-1,0
581387,58
1369749,47
-1,0
158016,92
290974,353
