601017,1961,127717808
1015463,85,3536659
1044444,83,2688070
646849,99,13202828
613156,99,15779342
408838,99,17584389
536415,82,2572663
721970,96,9701698
188057,99,13522885
83979,99,14534947
441353,91,6272717
1452704,70,740670
752705,87,4079752
560053,85,3269412
686663,78,1746807
692300,82,2479113
499150,83,2810472
569753,79,1964763
1022704,73,1003104
779772,84,2972951
702631,86,3723896
733910,69,689491
901789,73,1035914
812731,79,1805265
-1,1,0
-1,0
-1,0
-1,0
-1,0
-1,0
-1,0
-1,0
431834,165
137771,64
253066,36
401975,38
722453,19
481760,6
399749,2
-1,0
-1,2500
167736,467
1063784,11
-1,0
-1,287
-1,0
-1,0
-1,0
-1,0
-1,0
574985,100
-1,0
-1,0
212634,37
-1,0
-1,0
224340,48
-1,2
16117,343
161449,41
178659,86
-1,0
487328,17
268658,91
330549,151
314489,59
423259,7
-1,0
-1,1
222944,176
18591,2231
251562,80
565657,19
-1,2
457371,54
-1,0
-1,0
234189,49
-1,0
-1,0
-1,0
-1,0
-1,0
-1,0
-1,0
406911,5
174214,68
174380,98
-1,1
126331,128
-1,0
448522,13
-1,0
-1,0
505369,62
10885,150
150013,242
-1,0
-1,1
-1,0
102632,7
109073,12
-1,0
-1,0
51540,114
70850,129
-1,0
-1,2
-1,1
-1,0
-1,0
576034,58
1359535,47
-1,0
156105,92
288068,353
