602210,1961,127717808
1016764,85,3536659
1045659,83,2688070
647844,99,13202828
614104,99,15779342
409535,99,17584389
537060,82,2572663
722909,96,9701698
188317,99,13522885
84158,99,14534947
441779,91,6272717
1454106,70,740670
753582,87,4079752
560834,85,3269412
687568,78,1746807
693422,82,2479113
499873,83,2810472
570553,79,1964763
1024050,73,1003104
780734,84,2972951
703489,86,3723896
734899,69,689491
903012,73,1035914
813723,79,1805265
-1,1,0
-1,0
-1,0
-1,0
-1,0
-1,0
-1,0
-1,0
432294,165
138055,64
253418,36
402478,38
723095,19
482232,6
400088,2
-1,0
-1,2500
167847,467
1065534,11
-1,0
-1,287
-1,0
-1,0
-1,0
-1,0
-1,0
575466,100
-1,0
-1,0
212818,37
-1,0
-1,0
224580,48
-1,2
16129,343
161593,41
178846,86
-1,0
488004,17
268855,91
330883,151
314709,59
424145,7
-1,0
-1,1
223149,176
18611,2231
252166,80
566289,19
-1,2
457612,54
-1,0
-1,0
234397,49
-1,0
-1,0
-1,0
-1,0
-1,0
-1,0
-1,0
407244,5
174685,68
174844,98
-1,1
126426,128
-1,0
449049,13
-1,0
-1,0
506240,62
10897,150
150486,242
-1,0
-1,1
-1,0
102926,7
109218,12
-1,0
-1,0
51588,114
71011,129
-1,0
-1,2
-1,1
-1,0
-1,0
576649,58
1360719,47
-1,0
156311,92
288348,353
