598605,1961,127717808
1012862,85,3536659
1041933,83,2688070
644835,99,13202828
611242,99,15779342
407524,99,17584389
535088,82,2572663
720040,96,9701698
187462,99,13522885
83594,99,14534947
440533,91,6272717
1449813,70,740670
750837,87,4079752
558322,85,3269412
684878,78,1746807
690272,82,2479113
497785,83,2810472
568204,79,1964763
1020006,73,1003104
777793,84,2972951
700959,86,3723896
731793,69,689491
899242,73,1035914
810671,79,1805265
-1,1,0
-1,0
-1,0
-1,0
-1,0
-1,0
-1,0
-1,0
430863,165
137195,64
252408,36
401049,38
721216,19
480805,6
398962,2
-1,0
-1,2500
167504,467
1060003,11
-1,0
-1,287
-1,0
-1,0
-1,0
-1,0
-1,0
573891,100
-1,0
-1,0
212226,37
-1,0
-1,0
223777,48
-1,2
16081,343
161187,41
178265,86
-1,0
486035,17
268256,91
329877,151
314014,59
421499,7
-1,0
-1,1
222509,176
18540,2231
250270,80
564412,19
-1,2
456910,54
-1,0
-1,0
233687,49
-1,0
-1,0
-1,0
-1,0
-1,0
-1,0
-1,0
406188,5
173241,68
173443,98
-1,1
125980,128
-1,0
447441,13
-1,0
-1,0
503384,62
10868,150
148938,242
-1,0
-1,1
-1,0
102069,7
108716,12
-1,0
-1,0
51448,114
70521,129
-1,0
-1,2
-1,1
-1,0
-1,0
574919,58
1357019,47
-1,0
155681,92
287471,353
