588741,1961,127717808
1003758,85,3536659
1033291,83,2688070
636769,99,13202828
603890,99,15779342
402747,99,17584389
530639,82,2572663
713380,96,9701698
185323,99,13522885
81958,99,14534947
437759,91,6272717
1441036,70,740670
745400,87,4079752
550787,85,3269412
678818,78,1746807
682539,82,2479113
493241,83,2810472
563216,79,1964763
1010694,73,1003104
770453,84,2972951
695532,86,3723896
725659,69,689491
890667,73,1035914
804399,79,1805265
-1,1,0
-1,0
-1,0
-1,0
-1,0
-1,0
-1,0
-1,0
427102,165
135100,64
249881,36
397840,38
717088,19
477504,6
396357,2
-1,0
-1,2500
166899,467
1047400,11
-1,0
-1,287
-1,0
-1,0
-1,0
-1,0
-1,0
570246,100
-1,0
-1,0
210758,37
-1,0
-1,0
222104,48
-1,2
15943,343
160171,41
176907,86
-1,0
481299,17
266943,91
327688,151
312543,59
414864,7
-1,0
-1,1
221225,176
18408,2231
244212,80
559991,19
-1,2
455722,54
-1,0
-1,0
232081,49
-1,0
-1,0
-1,0
-1,0
-1,0
-1,0
403638,5
169749,68
170431,98
-1,1
124884,128
-1,0
443650,13
-1,0
-1,0
497168,62
10776,150
144893,242
-1,0
-1,1
-1,0
99780,7
107399,12
-1,0
-1,0
51143,114
69314,129
-1,0
-1,2
-1,1
-1,0
-1,0
571441,58
1348935,47
-1,0
154084,92
285621,353
