315926,2132,151932873
760401,91,6422044
461016,99,13034589
780535,99,13038656
558943,99,17517362
584048,99,13863666
590362,81,2309767
618700,98,12008815
829385,85,3511140
335548,95,9218343
397394,93,7355553
806540,80,2086911
533473,93,7481539
382718,91,6022844
599706,81,2309910
540218,85,3489198
401986,87,3989760
219402,90,5387220
688932,78,1690109
637273,88,4542312
601129,89,5344977
389356,80,2176514
495973,82,2596031
285287,86,3797231
217523,83,2738382
-1,0
-1,0
-1,0
-1,0
-1,0
-1,0
-1,0
430082,170
-1,0
-1,0
1180621,4
187983,159
536672,5
431449,2
-1,493
-1,1815
-1,0
269824,196
-1,0
-1,353
-1,0
-1,0
226047,24
-1,0
-1,0
277648,260
-1,0
-1,1
-1,0
-1,0
-1,0
-1,0
-1,0
-1,1
236486,26
-1,0
-1,0
95867,89
254719,104
73984,590
223163,127
320329,25
-1,0
-1,0
-1,0
268371,108
-1,0
274785,53
-1,1
753020,11
611185,26
-1,0
-1,0
82091,269
141474,7
-1,0
-1,0
-1,0
-1,0
-1,0
-1,1
-1,0
-1,2
-1,1
475037,16
114143,100
614150,7
-1,0
-1,0
512696,63
280209,13
125369,312
143410,64
-1,0
24739,553
-1,0
-1,0
-1,0
-1,0
-1,0
-1,0
-1,0
-1,1
-1,0
-1,0
-1,0
763968,21
822710,138
-1,0
-1,0
518444,31
