320083,2128,148640243
758340,91,6412684
459284,99,13034589
777898,99,13038656
570158,99,17180222
586402,99,13808596
594416,81,2278651
653886,97,11084307
827213,85,3511140
336309,95,9095251
400325,93,7255780
817448,80,2043183
580720,91,6201239
381768,91,6014524
597767,81,2309835
540661,85,3471428
411178,86,3818874
219059,90,5380894
686800,78,1690109
636165,88,4533058
600086,89,5319374
393715,80,2124245
494346,82,2596031
294900,86,3699191
215034,83,2738382
-1,0
-1,0
-1,0
-1,0
-1,0
-1,0
-1,0
428793,170
-1,0
-1,0
1178432,4
187409,159
535511,5
430707,2
-1,493
-1,1815
-1,0
268056,196
-1,0
-1,353
-1,0
-1,0
224288,24
-1,0
-1,0
276938,260
-1,0
-1,1
-1,0
-1,0
-1,0
-1,0
-1,0
-1,1
235914,26
-1,0
-1,0
95546,89
254187,104
73855,590
222757,127
319549,25
-1,0
-1,0
-1,0
267464,108
-1,0
279820,52
-1,1
751672,11
609686,26
-1,0
-1,0
81182,269
137113,7
-1,0
-1,0
-1,0
-1,0
-1,0
-1,1
-1,0
-1,2
-1,1
473038,16
112013,100
612509,7
-1,0
-1,0
510677,63
279374,13
124528,312
142221,64
-1,0
24404,553
-1,0
-1,0
-1,0
-1,0
-1,0
-1,0
-1,0
-1,1
-1,0
-1,0
-1,0
761743,21
860431,127
-1,0
-1,0
558179,13
