337499,2109,128888072
747984,91,6340362
647270,92,6517314
763803,99,13038360
726383,99,13247843
794300,96,9941197
626991,80,2098631
681088,96,10294800
833143,85,3350195
345489,94,8240817
427018,92,6536960
845119,79,1950574
614988,90,5522796
425952,89,5005946
600086,81,2199860
535613,85,3429217
404025,86,3807267
214873,90,5377437
687457,78,1635133
624324,88,4533058
605348,89,5001949
388137,80,2101151
487526,82,2573779
298325,86,3646903
205967,82,2496523
-1,0
-1,0
-1,0
-1,0
-1,0
-1,0
-1,0
421580,170
-1,0
-1,0
1166163,4
184019,159
529352,5
426883,2
-1,493
-1,1815
-1,0
258228,196
-1,0
-1,347
-1,0
-1,0
213549,24
-1,0
-1,0
275877,257
-1,0
-1,1
-1,0
-1,0
-1,0
-1,0
-1,0
-1,1
232899,26
-1,0
-1,0
93995,89
251527,104
73231,590
220783,127
315328,25
-1,0
-1,0
-1,0
262117,108
-1,0
345669,41
-1,1
744438,11
601354,26
-1,0
-1,0
76040,269
94415,6
-1,0
-1,0
-1,0
-1,0
-1,0
-1,1
-1,0
-1,2
-1,1
460436,16
96414,100
602684,7
-1,0
-1,0
498463,63
274322,13
303115,20
135151,64
-1,0
22610,553
-1,0
-1,0
-1,0
-1,0
-1,0
-1,0
-1,0
-1,1
-1,0
-1,0
-1,0
749973,21
866624,123
-1,0
-1,0
548801,13
