318486,2130,150341922
759794,91,6422044
460625,99,13034589
779909,99,13038656
571313,99,17193412
585469,99,13838862
595813,81,2278651
654316,97,11108677
828873,85,3511140
335286,95,9214410
397428,93,7347908
806010,80,2086911
536146,93,7372759
382457,91,6022844
599222,81,2309835
541516,85,3477488
412129,86,3820560
219247,90,5386564
688410,78,1690109
636833,88,4542312
600738,89,5344977
389022,80,2176514
495613,82,2596031
285744,86,3788287
216963,83,2738382
-1,0
-1,0
-1,0
-1,0
-1,0
-1,0
-1,0
429773,170
-1,0
-1,0
1180134,4
187843,159
536417,5
431304,2
-1,493
-1,1815
-1,0
269411,196
-1,0
-1,353
-1,0
-1,0
225658,24
-1,0
-1,0
277487,260
-1,0
-1,1
-1,0
-1,0
-1,0
-1,0
-1,0
-1,1
236366,26
-1,0
-1,0
95807,89
254601,104
73970,590
223078,127
320187,25
-1,0
-1,0
-1,0
268194,108
-1,0
274634,53
-1,1
752674,11
610834,26
-1,0
-1,0
81872,269
140327,7
-1,0
-1,0
-1,0
-1,0
-1,0
-1,1
-1,0
-1,2
-1,1
474579,16
113653,100
613738,7
-1,0
-1,0
512222,63
280011,13
125181,312
143143,64
-1,0
24656,553
-1,0
-1,0
-1,0
-1,0
-1,0
-1,0
-1,0
-1,1
-1,0
-1,0
-1,0
763444,21
825738,137
-1,0
-1,0
559478,13
