341612,2104,126827661
745219,91,6309495
643384,92,6517314
776422,99,13034933
730874,99,13123398
798905,96,9773184
624244,80,2098497
684588,96,10168417
832444,85,3336125
353493,93,7806000
425808,92,6535616
843637,79,1941374
612550,90,5522796
445902,88,4434986
652603,79,1930014
534161,85,3417987
402168,86,3805557
213966,90,5377407
684482,78,1635133
620740,88,4533058
606816,89,4938375
386855,80,2096151
516239,81,2364406
297320,86,3643571
202669,82,2483867
-1,0
-1,0
-1,0
-1,0
-1,0
-1,0
-1,0
419793,170
-1,0
-1,0
1163198,4
183024,159
528015,5
426009,2
-1,493
-1,1815
-1,0
256281,196
-1,0
-1,342
-1,0
-1,0
211114,24
-1,0
-1,0
275055,257
-1,0
-1,1
-1,0
-1,0
-1,0
-1,0
-1,0
-1,1
232199,26
-1,0
-1,0
93614,89
250955,104
73100,590
220309,127
314343,25
-1,0
-1,0
-1,0
260757,108
-1,0
366858,38
-1,1
742692,11
599495,26
-1,0
-1,0
74790,269
-1,0
-1,0
-1,0
-1,0
-1,0
-1,1
-1,0
-1,2
-1,1
457366,16
90124,100
600391,7
-1,0
-1,0
495399,63
-1,2
-1,0
133597,64
-1,0
22162,553
-1,0
-1,0
-1,0
-1,0
-1,0
-1,0
-1,0
-1,1
-1,0
-1,0
-1,0
747272,21
864009,123
-1,0
-1,0
546797,13
