310896,2136,154001175
761030,91,6439392
461974,99,13034589
766449,99,13046008
542678,99,17965358
584994,99,13863666
583519,81,2353911
568366,99,13046750
830461,85,3511500
336345,95,9218343
397414,93,7370057
799809,80,2119506
534326,93,7481579
383331,91,6024299
600775,81,2309910
541243,85,3489198
402714,87,3989760
219811,90,5387431
609589,80,2137280
638350,88,4542312
600485,90,5362168
390169,80,2176514
496887,82,2596031
285811,86,3797231
218796,83,2738382
-1,0
-1,0
-1,0
-1,0
-1,0
-1,0
-1,0
430753,170
-1,0
-1,0
1181747,4
188326,159
537258,5
431865,2
-1,493
-1,1815
-1,0
270707,196
-1,0
-1,357
-1,0
-1,0
227048,24
-1,0
-1,0
278051,260
431347,46
-1,1
-1,0
-1,0
-1,0
-1,0
-1,0
-1,1
236757,26
-1,0
-1,0
96022,89
254988,104
74037,590
223385,127
320711,25
-1,0
-1,0
-1,0
268859,108
-1,0
275219,53
-1,1
753752,11
611994,26
-1,0
-1,0
82584,269
144069,7
-1,0
-1,0
-1,0
-1,0
-1,0
-1,1
-1,0
-1,2
-1,1
476062,16
115203,100
615070,7
-1,0
-1,0
513738,63
280666,13
125813,312
144104,64
-1,0
24900,553
-1,0
-1,0
-1,0
-1,0
-1,0
-1,0
-1,0
-1,1
-1,0
-1,0
-1,0
765121,21
823553,138
-1,0
-1,0
519265,31
