-1,1146,39565634
-1,1,12
-1,1,0
-1,1,0
-1,10,1154
-1,1,12
-1,1,13
-1,1,7
873667,84,3208760
340900,95,8949239
591930,87,4275976
481506,87,4236162
1814911,68,631945
787697,80,1993268
992463,73,1042356
244062,96,9711841
1635540,57,213034
-1,60,295964
486977,84,3073521
-1,1,0
1453651,66,541867
1689905,45,64794
899488,73,1066887
1432388,59,256189
884686,15,2633
-1,0
-1,0
-1,0
-1,0
-1,0
-1,0
-1,0
-1,3
1560821,2
-1,0
1713645,1
-1,0
-1,0
-1,0
-1,0
-1,2500
-1,0
1033114,15
-1,0
-1,49
-1,0
-1,0
-1,0
-1,0
-1,0
-1,0
-1,0
-1,0
-1,0
-1,0
-1,0
-1,0
-1,0
-1,0
-1,0
-1,0
-1,0
-1,0
-1,0
-1,0
-1,0
-1,0
-1,0
-1,0
-1,0
-1,0
-1,0
-1,0
-1,0
-1,0
-1,0
-1,0
-1,0
-1,0
-1,0
-1,0
-1,0
-1,0
-1,0
-1,0
-1,0
-1,0
-1,0
-1,0
-1,0
-1,0
-1,0
-1,0
-1,0
811933,27
-1,0
-1,0
-1,0
-1,0
-1,0
-1,0
-1,0
-1,0
-1,0
-1,0
-1,0
-1,0
-1,0
-1,0
-1,0
-1,0
-1,0
1480207,36
-1,0
-1,0
-1,0
