-1,1146,39565634
-1,1,12
-1,1,0
-1,1,0
-1,10,1154
-1,1,12
-1,1,13
-1,1,7
863393,84,3208760
334428,95,8949239
584944,87,4275976
473925,87,4236162
1795522,68,631945
775234,80,1993268
978209,73,1042356
239012,96,9711841
1617634,57,213034
-1,60,295964
479575,84,3073521
-1,1,0
1437978,66,541867
1670770,45,64794
887039,73,1066887
1416224,59,256189
840764,15,2633
-1,0
-1,0
-1,0
-1,0
-1,0
-1,0
-1,0
-1,3
1543504,2
-1,0
1700627,1
-1,0
-1,0
-1,0
-1,0
-1,2500
-1,0
1014419,15
-1,0
-1,49
-1,0
-1,0
-1,0
-1,0
-1,0
-1,0
-1,0
-1,0
-1,0
-1,0
-1,0
-1,0
-1,0
-1,0
-1,0
-1,0
-1,0
-1,0
-1,0
-1,0
-1,0
-1,0
-1,0
-1,0
-1,0
-1,0
-1,0
-1,0
-1,0
-1,0
-1,0
-1,0
-1,0
-1,0
-1,0
-1,0
-1,0
-1,0
-1,0
-1,0
-1,0
-1,0
-1,0
-1,0
-1,0
-1,0
-1,0
-1,0
-1,0
796901,27
-1,0
-1,0
-1,0
-1,0
-1,0
-1,0
-1,0
-1,0
-1,0
-1,0
-1,0
-1,0
-1,0
-1,0
-1,0
-1,0
-1,0
1466691,36
-1,0
-1,0
-1,0
