-1,1146,39565634
-1,1,12
-1,1,0
-1,1,0
-1,10,1154
-1,1,12
-1,1,13
-1,1,7
872994,84,3208760
340404,95,8949239
591464,87,4275976
480986,87,4236162
1813575,68,631945
786905,80,1993268
991489,73,1042356
243791,96,9711841
1634358,57,213034
-1,60,295964
486514,84,3073521
-1,1,0
1452623,66,541867
1688650,45,64794
898778,73,1066887
1431327,59,256189
881691,15,2633
-1,0
-1,0
-1,0
-1,0
-1,0
-1,0
-1,0
-1,3
1559620,2
-1,0
1712838,1
-1,0
-1,0
-1,0
-1,0
-1,2500
-1,0
1031902,15
-1,0
-1,49
-1,0
-1,0
-1,0
-1,0
-1,0
-1,0
-1,0
-1,0
-1,0
-1,0
-1,0
-1,0
-1,0
-1,0
-1,0
-1,0
-1,0
-1,0
-1,0
-1,0
-1,0
-1,0
-1,0
-1,0
-1,0
-1,0
-1,0
-1,0
-1,0
-1,0
-1,0
-1,0
-1,0
-1,0
-1,0
-1,0
-1,0
-1,0
-1,0
-1,0
-1,0
-1,0
-1,0
-1,0
-1,0
-1,0
-1,0
-1,0
-1,0
810980,27
-1,0
-1,0
-1,0
-1,0
-1,0
-1,0
-1,0
-1,0
-1,0
-1,0
-1,0
-1,0
-1,0
-1,0
-1,0
-1,0
-1,0
1479339,36
-1,0
-1,0
-1,0
