-1,1146,39556669
-1,1,12
-1,1,0
-1,1,0
-1,10,1154
-1,1,12
-1,1,13
-1,1,7
858700,84,3208760
331651,95,8949239
581948,87,4275976
470199,87,4236162
1785982,68,631945
768666,80,1993268
971201,73,1042356
236815,96,9711841
1609173,57,213034
-1,60,286999
476288,84,3073521
-1,1,0
1430495,66,541867
1660952,45,64794
880475,73,1066887
1408282,59,256189
816676,15,2633
-1,0
-1,0
-1,0
-1,0
-1,0
-1,0
-1,0
-1,3
1534818,2
-1,0
1694779,1
-1,0
-1,0
-1,0
-1,0
-1,2500
-1,0
1005321,15
-1,0
-1,49
-1,0
-1,0
-1,0
-1,0
-1,0
-1,0
-1,0
-1,0
-1,0
-1,0
-1,0
-1,0
-1,0
-1,0
-1,0
-1,0
-1,0
-1,0
-1,0
-1,0
-1,0
-1,0
-1,0
-1,0
-1,0
-1,0
-1,0
-1,0
-1,0
-1,0
-1,0
-1,0
-1,0
-1,0
-1,0
-1,0
-1,0
-1,0
-1,0
-1,0
-1,0
-1,0
-1,0
-1,0
-1,0
-1,0
-1,0
-1,0
-1,0
789235,27
-1,0
-1,0
-1,0
-1,0
-1,0
-1,0
-1,0
-1,0
-1,0
-1,0
-1,0
-1,0
-1,0
-1,0
-1,0
-1,0
-1,0
1459948,36
-1,0
-1,0
-1,0
