-1,1146,39565634
-1,1,12
-1,1,0
-1,1,0
-1,10,1154
-1,1,12
-1,1,13
-1,1,7
871347,84,3208760
339326,95,8949239
590309,87,4275976
479741,87,4236162
1810298,68,631945
784941,80,1993268
989093,73,1042356
242839,96,9711841
1631352,57,213034
-1,60,295964
485319,84,3073521
-1,1,0
1450050,66,541867
1685491,45,64794
896683,73,1066887
1428487,59,256189
874872,15,2633
-1,0
-1,0
-1,0
-1,0
-1,0
-1,0
-1,0
-1,3
1556857,2
-1,0
1710762,1
-1,0
-1,0
-1,0
-1,0
-1,2500
-1,0
1028777,15
-1,0
-1,49
-1,0
-1,0
-1,0
-1,0
-1,0
-1,0
-1,0
-1,0
-1,0
-1,0
-1,0
-1,0
-1,0
-1,0
-1,0
-1,0
-1,0
-1,0
-1,0
-1,0
-1,0
-1,0
-1,0
-1,0
-1,0
-1,0
-1,0
-1,0
-1,0
-1,0
-1,0
-1,0
-1,0
-1,0
-1,0
-1,0
-1,0
-1,0
-1,0
-1,0
-1,0
-1,0
-1,0
-1,0
-1,0
-1,0
-1,0
-1,0
-1,0
808603,27
-1,0
-1,0
-1,0
-1,0
-1,0
-1,0
-1,0
-1,0
-1,0
-1,0
-1,0
-1,0
-1,0
-1,0
-1,0
-1,0
-1,0
1477059,36
-1,0
-1,0
-1,0
