-1,1146,39565634
-1,1,12
-1,1,0
-1,1,0
-1,10,1154
-1,1,12
-1,1,13
-1,1,7
866549,84,3208760
336205,95,8949239
587067,87,4275976
476123,87,4236162
1801816,68,631945
779090,80,1993268
982670,73,1042356
240368,96,9711841
1623471,57,213034
-1,60,295964
481713,84,3073521
-1,1,0
1442868,66,541867
1677078,45,64794
891110,73,1066887
1421494,59,256189
854768,15,2633
-1,0
-1,0
-1,0
-1,0
-1,0
-1,0
-1,0
-1,3
1548934,2
-1,0
1704698,1
-1,0
-1,0
-1,0
-1,0
-1,2500
-1,0
1020391,15
-1,0
-1,49
-1,0
-1,0
-1,0
-1,0
-1,0
-1,0
-1,0
-1,0
-1,0
-1,0
-1,0
-1,0
-1,0
-1,0
-1,0
-1,0
-1,0
-1,0
-1,0
-1,0
-1,0
-1,0
-1,0
-1,0
-1,0
-1,0
-1,0
-1,0
-1,0
-1,0
-1,0
-1,0
-1,0
-1,0
-1,0
-1,0
-1,0
-1,0
-1,0
-1,0
-1,0
-1,0
-1,0
-1,0
-1,0
-1,0
-1,0
-1,0
-1,0
801687,27
-1,0
-1,0
-1,0
-1,0
-1,0
-1,0
-1,0
-1,0
-1,0
-1,0
-1,0
-1,0
-1,0
-1,0
-1,0
-1,0
-1,0
1471086,36
-1,0
-1,0
-1,0
