-1,1146,39565634
-1,1,12
-1,1,0
-1,1,0
-1,10,1154
-1,1,12
-1,1,13
-1,1,7
870155,84,3208760
338596,95,8949239
589528,87,4275976
479015,87,4236162
1808869,68,631945
783596,80,1993268
987701,73,1042356
242319,96,9711841
1629893,57,213034
-1,60,295964
484508,84,3073521
-1,1,0
1448710,66,541867
1683866,45,64794
895586,73,1066887
1427274,59,256189
870443,15,2633
-1,0
-1,0
-1,0
-1,0
-1,0
-1,0
-1,0
-1,3
1554978,2
-1,0
1709373,1
-1,0
-1,0
-1,0
-1,0
-1,2500
-1,0
1027061,15
-1,0
-1,49
-1,0
-1,0
-1,0
-1,0
-1,0
-1,0
-1,0
-1,0
-1,0
-1,0
-1,0
-1,0
-1,0
-1,0
-1,0
-1,0
-1,0
-1,0
-1,0
-1,0
-1,0
-1,0
-1,0
-1,0
-1,0
-1,0
-1,0
-1,0
-1,0
-1,0
-1,0
-1,0
-1,0
-1,0
-1,0
-1,0
-1,0
-1,0
-1,0
-1,0
-1,0
-1,0
-1,0
-1,0
-1,0
-1,0
-1,0
-1,0
-1,0
807122,27
-1,0
-1,0
-1,0
-1,0
-1,0
-1,0
-1,0
-1,0
-1,0
-1,0
-1,0
-1,0
-1,0
-1,0
-1,0
-1,0
-1,0
1476059,36
-1,0
-1,0
-1,0
