-1,1146,39565634
-1,1,12
-1,1,0
-1,1,0
-1,10,1154
-1,1,12
-1,1,13
-1,1,7
860432,84,3208760
332805,95,8949239
583018,87,4275976
471667,87,4236162
1789508,68,631945
771352,80,1993268
974031,73,1042356
237766,96,9711841
1612011,57,213034
-1,60,295964
477560,84,3073521
-1,1,0
1433048,66,541867
1664607,45,64794
882978,73,1066887
1411053,59,256189
827457,15,2633
-1,0
-1,0
-1,0
-1,0
-1,0
-1,0
-1,0
-1,3
1538360,2
-1,0
1696917,1
-1,0
-1,0
-1,0
-1,0
-1,2500
-1,0
1008753,15
-1,0
-1,49
-1,0
-1,0
-1,0
-1,0
-1,0
-1,0
-1,0
-1,0
-1,0
-1,0
-1,0
-1,0
-1,0
-1,0
-1,0
-1,0
-1,0
-1,0
-1,0
-1,0
-1,0
-1,0
-1,0
-1,0
-1,0
-1,0
-1,0
-1,0
-1,0
-1,0
-1,0
-1,0
-1,0
-1,0
-1,0
-1,0
-1,0
-1,0
-1,0
-1,0
-1,0
-1,0
-1,0
-1,0
-1,0
-1,0
-1,0
-1,0
-1,0
792197,27
-1,0
-1,0
-1,0
-1,0
-1,0
-1,0
-1,0
-1,0
-1,0
-1,0
-1,0
-1,0
-1,0
-1,0
-1,0
-1,0
-1,0
1462449,36
-1,0
-1,0
-1,0
