-1,807,4825051
-1,1,24
-1,1,0
-1,1,0
-1,10,1157
-1,1,12
-1,30,13366
-1,56,202148
-1,49,94616
1422100,72,957064
1878490,61,328010
-1,53,138134
1975919,65,460549
-1,26,9610
1656688,64,407270
1126239,74,1180583
-1,1,0
-1,56,186984
1250115,69,700013
-1,11,1470
-1,12,1651
1628271,47,77473
1972411,45,64917
-1,1,0
-1,1,0
-1,0
-1,0
-1,0
-1,0
-1,0
-1,0
-1,0
-1,0
-1,0
-1,0
-1,0
-1,0
-1,0
-1,0
575889,500
-1,2500
-1,0
1097525,10
-1,0
-1,21
-1,0
-1,0
-1,0
-1,0
-1,0
-1,0
-1,0
-1,0
-1,0
-1,0
-1,0
-1,0
-1,0
-1,0
-1,0
-1,0
-1,0
-1,0
-1,0
-1,0
-1,0
-1,0
-1,0
-1,0
-1,0
-1,0
-1,0
-1,0
-1,0
-1,0
-1,0
-1,0
-1,0
-1,0
-1,0
-1,0
-1,0
-1,0
-1,0
-1,0
-1,0
-1,0
-1,0
-1,0
-1,0
-1,0
-1,0
-1,0
-1,0
996551,13
-1,0
-1,0
-1,0
-1,0
-1,0
-1,0
-1,0
-1,0
-1,0
-1,0
-1,0
-1,0
-1,0
-1,0
-1,0
-1,0
-1,0
1617170,23
-1,0
-1,0
-1,0
