-1,807,4825051
-1,1,24
-1,1,0
-1,1,0
-1,10,1157
-1,1,12
-1,30,13366
-1,56,202148
-1,49,94616
1408538,72,957064
1865394,61,328010
-1,53,138134
1960444,65,460549
-1,26,9610
1642326,64,407270
1114094,74,1180583
-1,1,0
-1,56,186984
1237515,69,700013
-1,11,1470
-1,12,1651
1613999,47,77473
1959670,45,64917
-1,1,0
-1,1,0
-1,0
-1,0
-1,0
-1,0
-1,0
-1,0
-1,0
-1,0
-1,0
-1,0
-1,0
-1,0
-1,0
-1,0
574032,500
-1,2500
-1,0
1083011,10
-1,0
-1,21
-1,0
-1,0
-1,0
-1,0
-1,0
-1,0
-1,0
-1,0
-1,0
-1,0
-1,0
-1,0
-1,0
-1,0
-1,0
-1,0
-1,0
-1,0
-1,0
-1,0
-1,0
-1,0
-1,0
-1,0
-1,0
-1,0
-1,0
-1,0
-1,0
-1,0
-1,0
-1,0
-1,0
-1,0
-1,0
-1,0
-1,0
-1,0
-1,0
-1,0
-1,0
-1,0
-1,0
-1,0
-1,0
-1,0
-1,0
-1,0
-1,0
983166,13
-1,0
-1,0
-1,0
-1,0
-1,0
-1,0
-1,0
-1,0
-1,0
-1,0
-1,0
-1,0
-1,0
-1,0
-1,0
-1,0
-1,0
1605597,23
-1,0
-1,0
-1,0
