-1,807,4825051
-1,1,24
-1,1,0
-1,1,0
-1,10,1157
-1,1,12
-1,30,13366
-1,56,202148
-1,49,94616
1424925,72,957064
1880922,61,328010
-1,53,138134
1978510,65,460549
-1,26,9610
1658600,64,407270
1128422,74,1180583
-1,1,0
-1,56,186984
1252397,69,700013
-1,11,1470
-1,12,1651
1630818,47,77473
1974400,45,64917
-1,1,0
-1,1,0
-1,0
-1,0
-1,0
-1,0
-1,0
-1,0
-1,0
-1,0
-1,0
-1,0
-1,0
-1,0
-1,0
-1,0
575680,500
-1,2500
-1,0
1100165,10
-1,0
-1,21
-1,0
-1,0
-1,0
-1,0
-1,0
-1,0
-1,0
-1,0
-1,0
-1,0
-1,0
-1,0
-1,0
-1,0
-1,0
-1,0
-1,0
-1,0
-1,0
-1,0
-1,0
-1,0
-1,0
-1,0
-1,0
-1,0
-1,0
-1,0
-1,0
-1,0
-1,0
-1,0
-1,0
-1,0
-1,0
-1,0
-1,0
-1,0
-1,0
-1,0
-1,0
-1,0
-1,0
-1,0
-1,0
-1,0
-1,0
-1,0
-1,0
999233,13
-1,0
-1,0
-1,0
-1,0
-1,0
-1,0
-1,0
-1,0
-1,0
-1,0
-1,0
-1,0
-1,0
-1,0
-1,0
-1,0
-1,0
1619010,23
-1,0
-1,0
-1,0
