-1,807,4825051
-1,1,24
-1,1,0
-1,1,0
-1,10,1157
-1,1,12
-1,30,13366
-1,56,202148
-1,49,94616
1416753,72,957064
1873439,61,328010
-1,53,138134
1969983,65,460549
-1,26,9610
1651058,64,407270
1121244,74,1180583
-1,1,0
-1,56,186984
1245283,69,700013
-1,11,1470
-1,12,1651
1622879,47,77473
1967482,45,64917
-1,1,0
-1,1,0
-1,0
-1,0
-1,0
-1,0
-1,0
-1,0
-1,0
-1,0
-1,0
-1,0
-1,0
-1,0
-1,0
-1,0
575180,500
-1,2500
-1,0
1091842,10
-1,0
-1,21
-1,0
-1,0
-1,0
-1,0
-1,0
-1,0
-1,0
-1,0
-1,0
-1,0
-1,0
-1,0
-1,0
-1,0
-1,0
-1,0
-1,0
-1,0
-1,0
-1,0
-1,0
-1,0
-1,0
-1,0
-1,0
-1,0
-1,0
-1,0
-1,0
-1,0
-1,0
-1,0
-1,0
-1,0
-1,0
-1,0
-1,0
-1,0
-1,0
-1,0
-1,0
-1,0
-1,0
-1,0
-1,0
-1,0
-1,0
-1,0
-1,0
991463,13
-1,0
-1,0
-1,0
-1,0
-1,0
-1,0
-1,0
-1,0
-1,0
-1,0
-1,0
-1,0
-1,0
-1,0
-1,0
-1,0
-1,0
1612750,23
-1,0
-1,0
-1,0
