671379,1933,111462224
999987,86,3793117
823808,89,4918449
879996,97,11059249
501003,99,19120505
434172,99,17017218
541809,82,2594536
361060,99,15013070
846628,85,3355479
1114577,76,1396346
1134693,74,1193817
644131,83,2793480
1177735,79,1858652
818736,79,1829272
965511,74,1096288
632311,83,2914298
519273,83,2717042
682302,77,1569988
434385,86,3707404
624328,88,4704830
782489,84,3040599
253357,86,3919167
1009193,72,914849
966350,72,934569
-1,1,0
-1,0
-1,0
-1,0
-1,0
-1,0
-1,0
-1,0
401289,187
115649,82
744422,8
609666,19
545325,39
192556,31
238024,8
-1,0
-1,2141
-1,0
194741,234
168505,4516
-1,303
374668,10
-1,0
-1,0
-1,0
186411,10
361947,196
-1,0
239023,7
306209,9
234893,24
-1,0
171786,97
-1,0
271539,11
368837,10
306517,15
-1,0
244512,37
91686,382
87224,526
103323,338
176997,25
-1,0
128415,157
563467,5
185216,206
-1,3
635542,15
316250,16
464069,53
542729,193
200478,31
352528,10
-1,0
-1,0
-1,0
223112,1
-1,0
-1,0
-1,0
297325,6
205778,50
235759,63
-1,3
-1,0
-1,0
594781,7
-1,0
142394,29
658339,43
127331,34
300061,29
-1,0
-1,1
-1,0
-1,2
91733,33
-1,0
-1,0
44926,124
168907,23
-1,0
157780,9
-1,4
105884,94
-1,1
549957,72
1114853,76
158918,17
159594,91
385206,162
