645340,1933,111462224
975388,86,3793117
803046,89,4918449
855383,97,11059249
484302,99,19120505
421005,99,17017218
528992,82,2594536
347566,99,15013070
829610,85,3355479
1089776,76,1396346
1115179,74,1193817
627637,83,2793480
1154391,79,1858652
793207,79,1829272
940943,74,1096288
612664,83,2914298
505589,83,2717042
664670,77,1569988
423332,86,3707404
607198,88,4704830
765012,84,3040599
244817,86,3919167
983957,72,914849
943872,72,934569
-1,1,0
-1,0
-1,0
-1,0
-1,0
-1,0
-1,0
-1,0
391239,187
110183,82
729202,8
596404,19
535308,39
187339,31
232637,8
-1,0
-1,2141
-1,0
183868,234
158721,4516
-1,303
361219,10
-1,0
-1,0
-1,0
179965,10
354684,196
-1,0
233620,7
301437,9
227042,24
-1,0
168337,97
-1,0
264575,11
359274,10
300881,15
-1,0
239763,37
90725,382
86123,526
102309,338
169650,25
-1,0
119317,157
554050,5
180917,206
-1,3
621237,15
310334,16
459860,53
534306,193
197340,31
345886,10
-1,0
217700,1
-1,0
-1,0
-1,0
-1,0
291491,6
194917,50
223251,63
-1,3
-1,0
-1,0
579207,7
-1,0
137093,29
635944,43
124552,34
281095,29
-1,0
-1,1
-1,0
-1,2
88706,33
-1,0
-1,0
44170,124
161353,23
-1,0
155959,9
-1,4
103833,94
-1,1
539550,72
1096903,76
147288,17
155211,91
376603,162
