668538,1933,111462224
996860,86,3793117
821306,89,4918449
877138,97,11059249
498985,99,19120505
432561,99,17017218
540178,82,2594536
359502,99,15013070
844509,85,3355479
1111385,76,1396346
1132228,74,1193817
642132,83,2793480
1174800,79,1858652
816019,79,1829272
962421,74,1096288
629554,83,2914298
517560,83,2717042
680173,77,1569988
433044,86,3707404
622502,88,4704830
780360,84,3040599
252227,86,3919167
1006183,72,914849
963604,72,934569
-1,1,0
-1,0
-1,0
-1,0
-1,0
-1,0
-1,0
-1,0
400026,187
114915,82
742657,8
608024,19
544055,39
191894,31
237286,8
-1,0
-1,2141
-1,0
193306,234
167317,4516
-1,303
373177,10
-1,0
-1,0
-1,0
185552,10
361006,196
-1,0
238316,7
305416,9
233858,24
-1,0
171362,97
-1,0
270718,11
367659,10
305786,15
-1,0
243881,37
91566,382
87092,526
103176,338
176056,25
-1,0
127247,157
562300,5
184669,206
-1,3
633725,15
315454,16
463511,53
541575,193
200068,31
351677,10
-1,0
-1,0
-1,0
222418,1
-1,0
-1,0
-1,0
296595,6
204552,50
234118,63
-1,3
-1,0
-1,0
592978,7
-1,0
141687,29
655668,43
127036,34
298138,29
-1,0
-1,1
-1,0
-1,2
91302,33
-1,0
-1,0
44837,124
167962,23
-1,0
157549,9
-1,4
105641,94
-1,1
548593,72
1112607,76
157511,17
159057,91
384078,162
