661152,1933,111462224
990072,86,3793117
815726,89,4918449
870304,97,11059249
494177,99,19120505
428850,99,17017218
536359,82,2594536
355603,99,15013070
839179,85,3355479
1103823,76,1396346
1126093,74,1193817
637215,83,2793480
1167970,79,1858652
809253,79,1829272
955274,74,1096288
623765,83,2914298
513345,83,2717042
675111,77,1569988
429553,86,3707404
617558,88,4704830
774877,84,3040599
249605,86,3919167
999197,72,914849
956877,72,934569
-1,1,0
-1,0
-1,0
-1,0
-1,0
-1,0
-1,0
-1,0
396871,187
113093,82
738104,8
603772,19
540939,39
190274,31
235601,8
-1,0
-1,2141
-1,0
190043,234
164509,4516
-1,303
369049,10
-1,0
-1,0
-1,0
183509,10
358451,196
-1,0
236529,7
304334,9
231375,24
-1,0
170368,97
-1,0
268553,11
364684,10
303988,15
-1,0
242334,37
91240,382
86724,526
102842,338
173669,25
-1,0
124324,157
559290,5
183332,206
-1,3
629247,15
313425,16
462023,53
538822,193
199005,31
349481,10
-1,0
-1,0
-1,0
220736,1
-1,0
-1,0
-1,0
294813,6
201174,50
230069,63
-1,3
-1,0
-1,0
588145,7
-1,0
139964,29
649086,43
126241,34
293031,29
-1,0
-1,1
-1,0
-1,2
90332,33
-1,0
-1,0
44610,124
165435,23
-1,0
156973,9
-1,4
105056,94
-1,1
545260,72
1107603,76
153822,17
157714,91
381099,162
