665663,1933,111462224
994471,86,3793117
819384,89,4918449
874756,97,11059249
497266,99,19120505
431268,99,17017218
538701,82,2594536
358192,99,15013070
842381,85,3355479
1108454,76,1396346
1129810,74,1193817
640313,83,2793480
1172452,79,1858652
813509,79,1829272
959745,74,1096288
627543,83,2914298
515896,83,2717042
678430,77,1569988
431716,86,3707404
620551,88,4704830
778308,84,3040599
251209,86,3919167
1003737,72,914849
961066,72,934569
-1,1,0
-1,0
-1,0
-1,0
-1,0
-1,0
-1,0
-1,0
398790,187
114171,82
740875,8
606431,19
542920,39
191259,31
236665,8
-1,0
-1,2141
-1,0
192026,234
166290,4516
-1,303
371629,10
-1,0
-1,0
-1,0
184711,10
360016,196
-1,0
237504,7
305308,9
232867,24
-1,0
170949,97
-1,0
269933,11
366526,10
305094,15
-1,0
243250,37
91411,382
86944,526
103027,338
175050,25
-1,0
126095,157
561099,5
184137,206
-1,3
632012,15
314639,16
462883,53
540453,193
199611,31
350789,10
-1,0
-1,0
-1,0
221801,1
-1,0
-1,0
-1,0
295908,6
203256,50
232420,63
-1,3
-1,0
-1,0
591095,7
-1,0
141011,29
653278,43
126725,34
296163,29
-1,0
-1,1
-1,0
-1,2
90879,33
-1,0
-1,0
44743,124
166939,23
-1,0
157305,9
-1,4
105479,94
-1,1
547272,72
1110995,76
156018,17
158506,91
382913,162
