658476,1933,111462224
987356,86,3793117
813514,89,4918449
867567,97,11059249
492429,99,19120505
427492,99,17017218
534872,82,2594536
354229,99,15013070
837211,85,3355479
1101155,76,1396346
1123844,74,1193817
635424,83,2793480
1165405,79,1858652
806817,79,1829272
952628,74,1096288
621792,83,2914298
511898,83,2717042
673056,77,1569988
428351,86,3707404
615687,88,4704830
772926,84,3040599
248693,86,3919167
996422,72,914849
954410,72,934569
-1,1,0
-1,0
-1,0
-1,0
-1,0
-1,0
-1,0
-1,0
395803,187
112540,82
736530,8
602265,19
539827,39
189683,31
234989,8
-1,0
-1,2141
-1,0
188724,234
163483,4516
-1,303
367517,10
-1,0
-1,0
-1,0
182784,10
357661,196
-1,0
235965,7
303810,9
230540,24
-1,0
169962,97
-1,0
267717,11
363555,10
303387,15
-1,0
241833,37
91117,382
86597,526
102744,338
172899,25
-1,0
123337,157
558214,5
182870,206
-1,3
627688,15
312736,16
461520,53
537814,193
198637,31
348712,10
-1,0
-1,0
-1,0
220118,1
-1,0
-1,0
-1,0
294154,6
199962,50
228619,63
-1,3
-1,0
-1,0
586338,7
-1,0
139391,29
646603,43
125945,34
291160,29
-1,0
-1,1
-1,0
-1,2
90022,33
-1,0
-1,0
44531,124
164675,23
-1,0
156763,9
-1,4
104844,94
-1,1
544044,72
1105624,76
152479,17
157281,91
380152,162
