655589,1933,111462224
984335,86,3793117
810916,89,4918449
864616,97,11059249
490483,99,19120505
425922,99,17017218
533306,82,2594536
352669,99,15013070
835167,85,3355479
1098190,76,1396346
1121392,74,1193817
633378,83,2793480
1162435,79,1858652
804090,79,1829272
949733,74,1096288
619613,83,2914298
510272,83,2717042
670924,77,1569988
427037,86,3707404
613766,88,4704830
770826,84,3040599
247557,86,3919167
993283,72,914849
951576,72,934569
-1,1,0
-1,0
-1,0
-1,0
-1,0
-1,0
-1,0
-1,0
394682,187
111952,82
734826,8
600766,19
538641,39
189095,31
234373,8
-1,0
-1,2141
-1,0
187155,234
162226,4516
-1,303
366081,10
-1,0
-1,0
-1,0
182092,10
356933,196
-1,0
235398,7
303205,9
229683,24
-1,0
169516,97
-1,0
266865,11
362424,10
302706,15
-1,0
241317,37
91000,382
86456,526
102613,338
172104,25
-1,0
122378,157
556975,5
182347,206
-1,3
626055,15
312069,16
460910,53
536855,193
198263,31
347951,10
-1,0
-1,0
-1,0
219524,1
-1,0
-1,0
-1,0
293500,6
198709,50
227146,63
-1,3
-1,0
-1,0
584542,7
-1,0
138805,29
643948,43
125613,34
289116,29
-1,0
-1,1
-1,0
-1,2
89689,33
-1,0
-1,0
44429,124
163852,23
-1,0
156518,9
-1,4
104577,94
-1,1
542716,72
1103272,76
151118,17
156793,91
379159,162
