662407,1933,111462224
991309,86,3793117
816734,89,4918449
871540,97,11059249
495122,99,19120505
429571,99,17017218
537046,82,2594536
356363,99,15013070
840051,85,3355479
1104991,76,1396346
1127101,74,1193817
637988,83,2793480
1169200,79,1858652
810422,79,1829272
956576,74,1096288
624707,83,2914298
514097,83,2717042
676095,77,1569988
430064,86,3707404
618384,88,4704830
775772,84,3040599
250025,86,3919167
1000525,72,914849
958074,72,934569
-1,1,0
-1,0
-1,0
-1,0
-1,0
-1,0
-1,0
-1,0
397369,187
113366,82
738878,8
604505,19
541474,39
190554,31
235896,8
-1,0
-1,2141
-1,0
190602,234
164983,4516
-1,303
369750,10
-1,0
-1,0
-1,0
183847,10
358905,196
-1,0
236797,7
304674,9
231747,24
-1,0
170562,97
-1,0
268955,11
365222,10
304336,15
-1,0
242615,37
91289,382
86789,526
102901,338
174056,25
-1,0
124811,157
559875,5
183563,206
-1,3
629956,15
313773,16
462313,53
539322,193
199206,31
349927,10
-1,0
-1,0
-1,0
221039,1
-1,0
-1,0
-1,0
295148,6
201724,50
230750,63
-1,3
-1,0
-1,0
588960,7
-1,0
140238,29
650339,43
126386,34
293816,29
-1,0
-1,1
-1,0
-1,2
90504,33
-1,0
-1,0
44650,124
165895,23
-1,0
157079,9
-1,4
105177,94
-1,1
545834,72
1108546,76
154473,17
157970,91
381618,162
