663092,1933,111462224
991848,86,3793117
817143,89,4918449
872029,97,11059249
495442,99,19120505
429908,99,17017218
537390,82,2594536
356729,99,15013070
840515,85,3355479
1105687,76,1396346
1127664,74,1193817
638473,83,2793480
1169856,79,1858652
811060,79,1829272
957202,74,1096288
625183,83,2914298
514477,83,2717042
676558,77,1569988
430372,86,3707404
618804,88,4704830
776298,84,3040599
250249,86,3919167
1001152,72,914849
958711,72,934569
-1,1,0
-1,0
-1,0
-1,0
-1,0
-1,0
-1,0
-1,0
397644,187
113516,82
739299,8
604897,19
541756,39
190674,31
236042,8
-1,0
-1,2141
-1,0
190842,234
165226,4516
-1,303
370110,10
-1,0
-1,0
-1,0
184011,10
359092,196
-1,0
236902,7
304747,9
231974,24
-1,0
170618,97
-1,0
269143,11
365478,10
304479,15
-1,0
242723,37
91310,382
86815,526
102928,338
174238,25
-1,0
125078,157
560081,5
183688,206
-1,3
630365,15
313948,16
462414,53
539535,193
199273,31
350087,10
-1,0
-1,0
-1,0
221189,1
-1,0
-1,0
-1,0
295315,6
202017,50
231109,63
-1,3
-1,0
-1,0
589340,7
-1,0
140384,29
650946,43
126465,34
294297,29
-1,0
-1,1
-1,0
-1,2
90569,33
-1,0
-1,0
44662,124
166056,23
-1,0
157130,9
-1,4
105212,94
-1,1
546107,72
1109040,76
154774,17
158063,91
381899,162
