672295,1933,111462224
1000925,86,3793117
824600,89,4918449
880918,97,11059249
501584,99,19120505
434618,99,17017218
542314,82,2594536
361538,99,15013070
847266,85,3355479
1115542,76,1396346
1135407,74,1193817
644758,83,2793480
1178579,79,1858652
819566,79,1829272
966402,74,1096288
632948,83,2914298
519731,83,2717042
682872,77,1569988
434829,86,3707404
624933,88,4704830
783182,84,3040599
253661,86,3919167
1009963,72,914849
967088,72,934569
-1,1,0
-1,0
-1,0
-1,0
-1,0
-1,0
-1,0
-1,0
401630,187
115858,82
744944,8
610138,19
545655,39
192765,31
238225,8
-1,0
-1,2141
-1,0
195107,234
168888,4516
-1,303
375170,10
-1,0
-1,0
-1,0
186662,10
362211,196
-1,0
239217,7
306440,9
235181,24
-1,0
171892,97
-1,0
271773,11
369174,10
306671,15
-1,0
244670,37
91716,382
87256,526
103347,338
177227,25
-1,0
128713,157
563787,5
185361,206
-1,3
636126,15
316491,16
464228,53
543057,193
200577,31
352753,10
-1,0
-1,0
-1,0
223315,1
-1,0
-1,0
-1,0
297553,6
206179,50
236224,63
-1,3
-1,0
-1,0
595352,7
-1,0
142586,29
659135,43
127442,34
300660,29
-1,0
-1,1
-1,0
-1,2
91844,33
-1,0
-1,0
44956,124
169209,23
-1,0
157824,9
-1,4
105976,94
-1,1
550361,72
1115433,76
159350,17
159742,91
385528,162
