652514,1933,111462224
981183,86,3793117
808342,89,4918449
861445,97,11059249
488480,99,19120505
424233,99,17017218
531704,82,2594536
351047,99,15013070
833081,85,3355479
1095158,76,1396346
1118906,74,1193817
631309,83,2793480
1159704,79,1858652
801135,79,1829272
946583,74,1096288
617466,83,2914298
508596,83,2717042
668471,77,1569988
425768,86,3707404
611710,88,4704830
768710,84,3040599
246488,86,3919167
990154,72,914849
948596,72,934569
-1,1,0
-1,0
-1,0
-1,0
-1,0
-1,0
-1,0
-1,0
393480,187
111370,82
733086,8
599227,19
537585,39
188507,31
233780,8
-1,0
-1,2141
-1,0
185838,234
160912,4516
-1,303
364504,10
-1,0
-1,0
-1,0
181408,10
356128,196
-1,0
234794,7
302446,9
228737,24
-1,0
169035,97
-1,0
266015,11
361242,10
301975,15
-1,0
240760,37
90864,382
86333,526
102461,338
171303,25
-1,0
121430,157
555733,5
181846,206
-1,3
624399,15
311408,16
460291,53
535899,193
197887,31
347222,10
-1,0
-1,0
-1,0
218927,1
-1,0
-1,0
-1,0
292812,6
197524,50
225804,63
-1,3
-1,0
-1,0
582662,7
-1,0
138211,29
641248,43
125259,34
286926,29
-1,0
-1,1
-1,0
-1,2
89390,33
-1,0
-1,0
44358,124
163064,23
-1,0
156273,9
-1,4
104321,94
-1,1
541497,72
1101096,76
149940,17
156289,91
378160,162
