416904,2069,148603660
592924,96,10474253
534715,95,9580528
819630,98,12833136
443500,99,20972836
403100,99,18056306
807925,77,1626264
616560,98,12092018
662843,90,5785533
434811,91,5952885
863852,80,2081933
538124,85,3582743
729891,88,4504103
547384,85,3383434
534997,83,2864377
340665,92,6747382
515492,83,2748376
347743,85,3324801
462048,85,3346300
411939,94,8331062
628937,88,4841492
770088,68,638589
429632,84,3007615
828994,78,1737287
611328,48,90407
-1,0
-1,0
-1,0
-1,0
-1,0
-1,0
-1,0
545730,117
280402,27
246724,38
505133,27
674924,24
797892,1
-1,0
-1,113
-1,2465
-1,0
602486,62
-1,0
-1,320
263589,79
-1,0
-1,0
-1,0
-1,0
141668,453
313095,102
-1,0
-1,1
36332,483
353330,57
328201,12
-1,0
-1,1
128894,53
284867,22
-1,0
143684,62
343113,51
385769,122
334681,52
94772,44
-1,0
-1,0
316235,85
131961,342
162469,170
414852,33
-1,4
602144,27
182440,1738
297280,6
313273,18
-1,0
-1,0
-1,0
-1,0
233200,7
-1,0
-1,0
-1,1
-1,0
261734,53
-1,1
258469,56
-1,0
355926,19
-1,0
111264,64
498300,65
107574,40
127682,307
337175,10
-1,1
-1,0
-1,0
-1,0
-1,0
219910,237
16414,196
187963,16
-1,0
157594,9
-1,1
-1,0
235133,13
474294,117
730907,165
109985,115
383646,5
388053,159
