414734,2069,148598151
590788,96,10474095
532944,95,9580503
816914,98,12833136
441817,99,20971459
401635,99,18052357
805592,77,1626264
614601,98,12092018
661132,90,5785533
433045,91,5952885
861951,80,2081933
536479,85,3582743
727878,88,4504103
545644,85,3383434
533314,83,2864377
339167,92,6747382
513939,83,2748376
346577,85,3324801
460585,85,3346300
410547,94,8331062
627106,88,4841492
767895,68,638589
428123,84,3007615
826754,78,1737287
604456,48,90407
-1,0
-1,0
-1,0
-1,0
-1,0
-1,0
-1,0
544274,117
279140,27
245752,38
503756,27
673610,24
796311,1
-1,0
-1,113
-1,2465
-1,0
599883,62
-1,0
-1,320
262265,79
-1,0
-1,0
-1,0
-1,0
141294,453
309068,102
-1,0
-1,1
36110,483
352227,57
327390,12
-1,0
-1,1
128595,53
284285,22
-1,0
143303,62
342394,51
384848,122
334012,52
94272,44
-1,0
-1,0
315551,85
131614,342
161510,170
413632,33
-1,4
601249,27
182272,1738
296802,6
312592,18
-1,0
-1,0
-1,0
-1,0
232453,7
-1,0
-1,0
-1,1
-1,0
260117,53
-1,1
257612,56
-1,0
354951,19
-1,0
110708,64
496437,65
107321,40
126840,307
334670,10
-1,1
-1,0
-1,0
-1,0
-1,0
219406,237
16386,196
186987,16
-1,0
157393,9
-1,1
-1,0
234343,13
473208,117
729501,165
109011,115
382333,5
386974,159
