411925,2069,148541543
588667,96,10462363
530900,95,9568771
814037,98,12821404
439937,99,20959727
399956,99,18052357
802645,77,1626264
612544,98,12092018
658841,90,5785533
430680,91,5952885
859459,80,2081933
534278,85,3582743
725406,88,4504103
543212,85,3383434
531301,83,2864377
337164,92,6747382
511799,83,2747546
345292,85,3324801
458606,85,3346300
408907,94,8322212
624589,88,4841492
764973,68,638589
426391,84,3007615
823772,78,1737287
595207,48,90407
-1,0
-1,0
-1,0
-1,0
-1,0
-1,0
-1,0
542370,117
277482,27
244498,38
501952,27
671816,24
794093,1
-1,0
-1,113
-1,2465
-1,0
596536,62
-1,0
-1,320
260613,79
-1,0
-1,0
-1,0
-1,0
140786,453
304231,102
-1,0
-1,1
35782,483
350809,57
326445,12
-1,0
-1,1
128118,53
283401,22
-1,0
142705,62
341366,51
383456,122
333059,52
93469,44
-1,0
-1,0
314602,85
131134,342
160069,170
411935,33
-1,4
600071,27
182044,1738
296093,6
311531,18
-1,0
-1,0
-1,0
-1,0
231291,7
-1,0
-1,0
-1,1
-1,0
257714,53
-1,1
256435,56
-1,0
353560,19
-1,0
109999,64
493911,65
106988,40
125694,307
331073,10
-1,1
-1,0
-1,0
-1,0
-1,0
218725,237
16345,196
185659,16
-1,0
157075,9
-1,1
-1,0
233485,13
471763,117
727861,165
107525,115
380455,5
385465,159
