409707,2069,148541543
586542,96,10462363
529110,95,9568771
811082,98,12821404
438086,99,20959727
398432,99,18052357
800362,77,1626264
610455,98,12092018
657203,90,5785533
428956,91,5952885
857628,80,2081933
532392,85,3582743
723300,88,4504103
541340,85,3383434
529521,83,2864377
335475,92,6747382
510246,83,2747546
344134,85,3324801
457031,85,3346300
407324,94,8322212
622690,88,4841492
762756,68,638589
424879,84,3007615
821424,78,1737287
587246,48,90407
-1,0
-1,0
-1,0
-1,0
-1,0
-1,0
-1,0
540823,117
276141,27
243495,38
500398,27
670417,24
792346,1
-1,0
-1,113
-1,2465
-1,0
593974,62
-1,0
-1,320
259252,79
-1,0
-1,0
-1,0
-1,0
140401,453
300217,102
-1,0
-1,1
35581,483
349743,57
325710,12
-1,0
-1,1
127822,53
282766,22
-1,0
142314,62
340638,51
382421,122
332394,52
92898,44
-1,0
-1,0
313906,85
130788,342
158985,170
410618,33
-1,4
599194,27
181842,1738
295590,6
310779,18
-1,0
-1,0
-1,0
-1,0
230431,7
-1,0
-1,0
-1,1
-1,0
256121,53
-1,1
255484,56
-1,0
352464,19
-1,0
109455,64
491952,65
106726,40
124772,307
328050,10
-1,1
-1,0
-1,0
-1,0
-1,0
218189,237
16321,196
184703,16
-1,0
156872,9
-1,1
-1,0
232737,13
470747,117
726437,165
106434,115
379056,5
384284,159
