625380,1950,102962086
934927,88,4445713
914796,86,3603803
1128087,92,6647731
1173982,91,6317506
1405444,84,3238961
782958,78,1669319
1316918,85,3498385
50593,99,19442478
939717,79,1829402
250825,99,13043263
388990,90,5706145
984071,82,2501969
902912,76,1444145
553088,83,2687523
645106,83,2748532
772090,76,1442218
267048,87,4116870
272151,92,7077853
749886,85,3275167
876238,81,2226136
639378,72,901911
343375,86,3842459
879296,75,1254597
-1,1,0
-1,-1
-1,-1
-1,-1
-1,-1
-1,-1
-1,-1
-1,-1
412045,177
213500,37
190874,51
402055,38
526947,41
428284,8
395591,2
417301,507
-1,-1
240914,211
905103,23
-1,-1
-1,-1
-1,-1
-1,-1
-1,-1
-1,-1
-1,-1
866025,38
-1,0
239273,7
102753,174
37117,462
-1,-1
333606,10
-1,-1
268273,11
243630,25
-1,-1
-1,-1
-1,-1
-1,-1
659941,20
-1,-1
142137,25
-1,-1
-1,-1
-1,-1
233151,137
412662,15
774630,8
-1,-1
221767,179
-1,-1
-1,-1
-1,-1
-1,-1
-1,0
-1,0
190577,1
-1,-1
-1,-1
-1,-1
169717,11
-1,-1
362235,26
-1,-1
-1,-1
-1,-1
588769,7
-1,-1
-1,-1
573600,52
-1,-1
-1,-1
-1,-1
-1,-1
-1,-1
-1,-1
-1,-1
-1,-1
-1,-1
295000,12
-1,-1
-1,-1
-1,-1
-1,-1
-1,-1
47539,206
509184,95
835231,132
-1,-1
50550,329
-1,-1
