622655,1950,102962086
932111,88,4445713
912056,86,3603803
1124568,92,6647731
1170591,91,6317506
1402061,84,3238961
780668,78,1669319
1313555,85,3498385
50389,99,19442478
937067,79,1829402
250208,99,13043263
387869,90,5706145
981480,82,2501969
899877,76,1444145
551346,83,2687523
642849,83,2748532
769881,76,1442218
266113,87,4116870
271303,92,7077853
747621,85,3275167
873856,81,2226136
637260,72,901911
342000,86,3842459
876671,75,1254597
-1,1,0
-1,-1
-1,-1
-1,-1
-1,-1
-1,-1
-1,-1
-1,-1
410907,177
212609,37
190222,51
400894,38
525909,41
427231,8
394707,2
416769,507
-1,-1
240420,211
901378,23
-1,-1
-1,-1
-1,-1
-1,-1
-1,-1
-1,-1
-1,-1
864115,38
-1,0
238703,7
102486,174
36943,462
-1,-1
332729,10
-1,-1
267397,11
243044,25
-1,-1
-1,-1
-1,-1
-1,-1
658139,20
-1,-1
141303,25
-1,-1
-1,-1
-1,-1
232453,137
410472,15
772650,8
-1,-1
221498,179
-1,-1
-1,-1
-1,-1
-1,-1
-1,0
-1,0
189909,1
-1,-1
-1,-1
-1,-1
169351,11
-1,-1
360195,26
-1,-1
-1,-1
-1,-1
586955,7
-1,-1
-1,-1
571238,52
-1,-1
-1,-1
-1,-1
-1,-1
-1,-1
-1,-1
-1,-1
-1,-1
-1,-1
293774,12
-1,-1
-1,-1
-1,-1
-1,-1
-1,-1
47468,206
507949,95
833461,132
-1,-1
50376,329
-1,-1
