627992,1950,102962086
937477,88,4445713
917160,86,3603803
1131174,92,6647731
1176932,91,6317506
1408248,84,3238961
784991,78,1669319
1319394,85,3498385
50797,99,19442478
942115,79,1829402
251394,99,13043263
389952,90,5706145
986239,82,2501969
905503,76,1444145
554619,83,2687523
647083,83,2748532
774179,76,1442218
267960,87,4116870
272929,92,7077853
751953,85,3275167
878305,81,2226136
641252,72,901911
344552,86,3842459
881507,75,1254597
-1,1,0
-1,-1
-1,-1
-1,-1
-1,-1
-1,-1
-1,-1
-1,-1
413119,177
214358,37
191540,51
403166,38
528017,41
429292,8
396430,2
417858,507
-1,-1
241289,211
908379,23
-1,-1
-1,-1
-1,-1
-1,-1
-1,-1
-1,-1
-1,-1
868028,38
-1,0
239824,7
103000,174
37309,462
-1,-1
334394,10
-1,-1
269118,11
244222,25
-1,-1
-1,-1
-1,-1
-1,-1
661670,20
-1,-1
142928,25
-1,-1
-1,-1
-1,-1
233835,137
414718,15
776428,8
-1,-1
221972,179
-1,-1
-1,-1
-1,-1
-1,-1
-1,0
-1,0
191210,1
-1,-1
-1,-1
-1,-1
170093,11
-1,-1
364195,26
-1,-1
-1,-1
-1,-1
590507,7
-1,-1
-1,-1
575767,52
-1,-1
-1,-1
-1,-1
-1,-1
-1,-1
-1,-1
-1,-1
-1,-1
-1,-1
296133,12
-1,-1
-1,-1
-1,-1
-1,-1
-1,-1
47668,206
510271,95
836651,132
-1,-1
50754,329
-1,-1
