620237,1950,102962086
929700,88,4445713
909706,86,3603803
1121774,92,6647731
1167729,91,6317506
1399370,84,3238961
778782,78,1669319
1310853,85,3498385
50214,99,19442478
934835,79,1829402
249685,99,13043263
386911,90,5706145
979537,82,2501969
897418,76,1444145
549852,83,2687523
641114,83,2748532
768036,76,1442218
265316,87,4116870
270621,92,7077853
745773,85,3275167
871916,81,2226136
635382,72,901911
340853,86,3842459
874472,75,1254597
-1,1,0
-1,-1
-1,-1
-1,-1
-1,-1
-1,-1
-1,-1
-1,-1
409964,177
211820,37
189675,51
399951,38
525052,41
426423,8
393952,2
416217,507
-1,-1
240064,211
898171,23
-1,-1
-1,-1
-1,-1
-1,-1
-1,-1
-1,-1
-1,-1
862365,38
-1,0
238213,7
102270,174
36754,462
-1,-1
331853,10
-1,-1
266755,11
242584,25
-1,-1
-1,-1
-1,-1
-1,-1
656530,20
-1,-1
140589,25
-1,-1
-1,-1
-1,-1
231822,137
408634,15
771043,8
-1,-1
221313,179
-1,-1
-1,-1
-1,-1
-1,-1
-1,0
-1,0
189436,1
-1,-1
-1,-1
-1,-1
169035,11
-1,-1
358488,26
-1,-1
-1,-1
-1,-1
585484,7
-1,-1
-1,-1
569116,52
-1,-1
-1,-1
-1,-1
-1,-1
-1,-1
-1,-1
-1,-1
-1,-1
-1,-1
292830,12
-1,-1
-1,-1
-1,-1
-1,-1
-1,-1
47348,206
507072,95
832137,132
-1,-1
50250,329
-1,-1
