616332,1950,102962086
926151,88,4445713
906550,86,3603803
1117769,92,6647731
1163962,91,6317506
1396086,84,3238961
776266,78,1669319
1307338,85,3498385
49933,99,19442478
931693,79,1829402
249002,99,13043263
385485,90,5706145
976630,82,2501969
893461,76,1444145
547820,83,2687523
638056,83,2748532
765277,76,1442218
263916,87,4116870
269637,92,7077853
742801,85,3275167
869304,81,2226136
632871,72,901911
339203,86,3842459
871562,75,1254597
-1,1,0
-1,-1
-1,-1
-1,-1
-1,-1
-1,-1
-1,-1
-1,-1
408404,177
210654,37
188815,51
398595,38
523699,41
425083,8
392810,2
415801,507
-1,-1
239632,211
893897,23
-1,-1
-1,-1
-1,-1
-1,-1
-1,-1
-1,-1
-1,-1
860217,38
-1,0
237455,7
101920,174
36503,462
-1,-1
330522,10
-1,-1
265824,11
241887,25
-1,-1
-1,-1
-1,-1
-1,-1
654517,20
-1,-1
139459,25
-1,-1
-1,-1
-1,-1
230958,137
405042,15
768662,8
-1,-1
221186,179
-1,-1
-1,-1
-1,-1
-1,-1
-1,0
-1,0
188530,1
-1,-1
-1,-1
-1,-1
168481,11
-1,-1
356204,26
-1,-1
-1,-1
-1,-1
583174,7
-1,-1
-1,-1
566054,52
-1,-1
-1,-1
-1,-1
-1,-1
-1,-1
-1,-1
-1,-1
-1,-1
-1,-1
291279,12
-1,-1
-1,-1
-1,-1
-1,-1
-1,-1
47154,206
505875,95
830181,132
-1,-1
49966,329
-1,-1
