118309,2283,341902476
196274,99,16616252
175852,99,15648127
218568,99,22761072
139980,99,41853081
82980,99,54604141
310153,90,5816570
210057,99,19269803
91160,99,15722174
178514,99,13228097
254108,99,13042626
258287,94,8377594
477469,95,9681924
269941,96,10664974
309843,88,4581976
219031,97,11477246
186035,96,10535184
244116,88,4659210
236809,95,9128019
144777,99,15251644
105280,99,17666914
232418,87,4330417
188182,94,8619368
258921,87,4217018
176983,87,4149045
-1,0
-1,0
-1,0
-1,0
-1,0
-1,0
-1,0
64662,992
46550,214
38075,274
118052,180
146080,193
60423,91
91494,40
10346,4321
-1,2154
66592,1670
102268,332
98698,30074
25212,841
215592,156
94789,946
104107,58
182227,179
71272,169
124894,494
72327,789
29987,61
113141,150
64372,283
189748,450
82138,303
-1,1
19388,308
23453,288
102391,218
99172,80
11024,439
74123,461
92984,502
129371,267
190080,25
-1,0
68327,462
52690,828
89711,552
107537,268
217430,64
56005,282
53110,681
67553,3173
72774,270
78705,233
277626,65
110106,18
-1,0
110425,3
53672,542
52652,59
50084,38
58736,29
21780,587
51186,504
21910,331
119782,137
56004,236
232962,29
-1,2
94663,90
23741,603
61168,60
66260,493
19632,341
42227,276
234471,114
91336,20
89281,36
-1,0
119874,657
10643,229
172556,21
-1,0
47088,22
108244,161
231624,14
23719,410
266191,359
370373,423
164179,10
3570,1923
143288,972
