118952,2283,341902476
196571,99,16616252
176183,99,15648127
219265,99,22761072
140434,99,41853081
83216,99,54604141
310653,90,5816570
210653,99,19269803
91398,99,15722174
179016,99,13228097
254464,99,13042626
258833,94,8377594
478082,95,9681924
270440,96,10664974
310308,88,4581976
219628,97,11477246
186482,96,10535184
244533,88,4659210
237234,95,9128019
145240,99,15251644
105583,99,17666914
232967,87,4330417
188635,94,8619368
259504,87,4217018
178366,87,4149045
-1,0
-1,0
-1,0
-1,0
-1,0
-1,0
-1,0
64901,992
46767,214
38205,274
118298,180
146430,193
60595,91
91684,40
10350,4321
-1,2154
66525,1670
102656,332
99095,30074
25371,841
216368,156
95040,946
104688,58
183053,179
71480,169
125091,494
72708,789
30075,61
112712,150
64619,283
190058,450
82223,303
-1,1
19421,308
23519,288
102562,218
99214,80
11071,439
74178,461
93069,502
129486,267
190697,25
-1,0
68712,462
52774,828
89886,552
107995,268
217936,64
56062,282
53155,681
67591,3173
72862,270
78842,233
279195,65
113007,18
-1,0
110688,3
53778,542
52796,59
50635,38
58868,29
21897,587
51399,504
21963,331
119953,137
56751,236
233369,29
-1,2
94967,90
23740,603
61249,60
66538,493
19789,341
42524,276
235976,114
91803,20
89526,36
-1,0
120046,657
10655,229
173205,21
-1,0
47122,22
108804,161
231802,14
23733,410
266539,359
370523,423
165164,10
3577,1923
143489,972
