117362,2283,341889074
195664,99,16616252
175136,99,15648127
217346,99,22761044
139238,99,41853071
82519,99,54604141
309410,90,5816570
209001,99,19269582
90785,99,15722174
178045,99,13226805
253566,99,13042626
257407,94,8377594
476301,95,9681924
269275,96,10663598
308953,88,4581976
218132,97,11476238
185367,96,10535184
243441,88,4659210
236072,95,9128019
144101,99,15251644
104859,99,17666914
231781,87,4320950
187491,94,8619368
258098,87,4217018
175047,87,4149045
-1,0
-1,0
-1,0
-1,0
-1,0
-1,0
-1,0
64349,992
46225,214
37919,274
117659,180
145632,193
60160,91
91168,40
10329,4321
-1,2154
66434,1670
101657,332
98004,30074
24952,841
214512,156
94418,946
103199,58
180948,179
70977,169
124594,494
71651,789
29861,61
112903,150
63990,283
189252,450
82008,303
-1,1
19340,308
23375,288
102150,218
99058,80
10963,439
74014,461
92834,502
129204,267
189237,25
-1,0
67671,462
52577,828
89481,552
106776,268
216707,64
55928,282
53032,681
67483,3173
72641,270
78462,233
275555,65
105650,18
-1,0
110030,3
53494,542
52470,59
49255,38
58557,29
21618,587
50844,504
21866,331
119499,137
54920,236
232369,29
-1,2
94238,90
23677,603
61046,60
65892,493
19407,341
41814,276
232267,114
90672,20
88988,36
-1,0
119657,657
10632,229
171640,21
-1,0
47051,22
107405,161
231164,14
23672,410
265654,359
369785,423
162830,10
3552,1923
143032,972
