115134,2283,341887605
194233,99,16616252
173647,99,15648127
214501,99,22760816
137463,99,41852995
81445,99,54604141
307547,90,5816570
206417,99,19269417
89843,99,15722174
176346,99,13226805
252144,99,13042626
255388,94,8377594
473339,95,9681924
267566,96,10662598
306661,88,4581976
216171,97,11476238
183907,96,10535184
241490,88,4659210
234452,95,9128019
142382,99,15251644
103945,99,17666914
229601,87,4320950
185804,94,8619368
256091,87,4217018
170455,87,4149045
-1,0
-1,0
-1,0
-1,0
-1,0
-1,0
-1,0
63641,992
45526,214
37522,274
116770,180
144507,193
59537,91
90465,40
10268,4321
-1,2154
66091,1670
100004,332
96264,30074
24241,841
212017,156
93545,946
101354,58
178043,179
70334,169
123892,494
69695,789
29608,61
112320,150
63233,283
188220,450
81658,303
-1,1
19214,308
23182,288
101480,218
98792,80
10857,439
73819,461
92509,502
128853,267
187412,25
-1,0
66355,462
52307,828
88951,552
105000,268
215158,64
55764,282
52830,681
67299,3173
72302,270
77972,233
270817,65
85012,17
-1,0
109066,3
53052,542
52016,59
47534,38
58129,29
21248,587
50136,504
21725,331
118789,137
52206,236
230930,29
-1,2
93201,90
23480,603
60771,60
64896,493
18975,341
40831,276
227241,114
89212,20
88271,36
-1,0
119034,657
10594,229
169722,21
-1,0
46939,22
105687,161
229971,14
23537,410
264399,359
368172,423
159627,10
3505,1923
142446,972
