119666,2284,342153400
197536,99,16616252
177261,99,15648127
221238,99,22761132
141634,99,41853100
83955,99,54604141
311856,90,5816570
212327,99,19270865
92023,99,15722174
180181,99,13228097
255345,99,13042626
260187,94,8377594
480085,95,9681924
271587,96,10667787
311756,88,4583256
221130,97,11477762
187553,96,10535184
237748,89,4885564
238189,95,9142638
146267,99,15251644
106276,99,17666914
234370,87,4334618
189829,94,8619368
260836,87,4217018
181408,87,4149045
-1,0
-1,0
-1,0
-1,0
-1,0
-1,0
-1,0
65429,992
47307,214
38522,274
118900,180
147155,193
61071,91
92199,40
10370,4321
-1,2154
66894,1670
103705,332
100250,30074
25770,841
218021,156
95630,946
105863,58
184944,179
71984,169
125603,494
73846,789
30255,61
113361,150
65153,283
190796,450
82452,303
-1,1
19491,308
23651,288
102990,218
99379,80
11158,439
74339,461
93297,502
129746,267
191978,25
-1,0
69681,462
52951,828
90210,552
108998,268
218996,64
56176,282
53251,681
67687,3173
73123,270
79157,233
282550,65
118808,18
-1,0
111353,3
54044,542
53129,59
52283,38
59175,29
22141,587
51983,504
22052,331
120426,137
58184,236
234221,29
-1,2
95653,90
23875,603
61449,60
67197,493
20068,341
43233,276
239397,114
92860,20
90138,36
-1,0
120442,657
10684,229
174616,21
-1,0
47180,22
110094,161
232597,14
23827,410
267415,359
371584,423
167266,10
3611,1923
143912,972
