113026,2283,341887605
192701,99,16616252
172080,99,15648127
211698,99,22760816
135700,99,41852995
80417,99,54604141
305934,90,5816570
203949,99,19269417
88963,99,15722174
174795,99,13226805
250952,99,13042626
253462,94,8377594
470762,95,9681924
265995,96,10662598
304599,88,4581976
214515,97,11476238
182634,96,10535184
239559,88,4659210
233077,95,9128019
140740,99,15251644
103099,99,17666914
227642,87,4320950
184110,94,8619368
254259,87,4217018
166065,87,4149045
-1,0
-1,0
-1,0
-1,0
-1,0
-1,0
-1,0
63021,992
44897,214
37210,274
116033,180
143455,193
58946,91
89865,40
10238,4321
-1,2154
65805,1670
98561,332
94784,30074
23744,841
209706,156
92702,946
99768,58
175185,179
69747,169
123363,494
67851,789
29388,61
111741,150
62528,283
187378,450
81256,303
-1,1
19107,308
23043,288
100918,218
98621,80
10764,439
73663,461
92254,502
128541,267
185714,25
-1,0
65085,462
52130,828
88521,552
103264,268
213809,64
55635,282
52710,681
67170,3173
72042,270
77491,233
266428,65
71829,17
-1,0
108217,3
52700,542
51631,59
45650,38
57736,29
20933,587
49500,504
21618,331
118126,137
49269,236
229719,29
-1,2
92344,90
23199,603
60485,60
63923,493
18660,341
39920,276
222971,114
87833,20
87670,36
-1,0
118475,657
10568,229
168111,21
-1,0
46852,22
104028,161
228915,14
23483,410
263430,359
366838,423
156784,10
3482,1923
141964,972
