115848,2283,341887605
194719,99,16616252
174155,99,15648127
215460,99,22760816
138063,99,41852995
81805,99,54604141
308186,90,5816570
207268,99,19269417
90102,99,15722174
176856,99,13226805
252596,99,13042626
256000,94,8377594
474274,95,9681924
268111,96,10662598
307425,88,4581976
216736,97,11476238
184377,96,10535184
242070,88,4659210
234982,95,9128019
142903,99,15251644
104214,99,17666914
230362,87,4320950
186400,94,8619368
256727,87,4217018
171852,87,4149045
-1,0
-1,0
-1,0
-1,0
-1,0
-1,0
-1,0
63853,992
45741,214
37635,274
117064,180
144835,193
59745,91
90679,40
10293,4321
-1,2154
66202,1670
100561,332
96861,30074
24434,841
212756,156
93810,946
101871,58
178942,179
70537,169
124110,494
70321,789
29681,61
112549,150
63474,283
188555,450
81785,303
-1,1
19252,308
23247,288
101700,218
98893,80
10885,439
73894,461
92616,502
128978,267
187994,25
-1,0
66781,462
52384,828
89123,552
105541,268
215625,64
55815,282
52885,681
67360,3173
72426,270
78092,233
272335,65
95968,17
-1,0
109346,3
53197,542
52147,59
48158,38
58250,29
21364,587
50342,504
21774,331
119060,137
53080,236
231377,29
-1,2
93502,90
23563,603
60875,60
65219,493
19089,341
41140,276
228722,114
89646,20
88519,36
-1,0
119212,657
10610,229
170311,21
-1,0
46976,22
106208,161
230346,14
23570,410
264802,359
368742,423
160649,10
3520,1923
142701,972
