116346,2283,341887605
195023,99,16616252
174543,99,15648127
216072,99,22760816
138414,99,41852995
82043,99,54604141
308579,90,5816570
207754,99,19269417
90321,99,15722174
177234,99,13226805
252883,99,13042626
256503,94,8377594
474960,95,9681924
268503,96,10662598
307942,88,4581976
217254,97,11476238
184691,96,10535184
242501,88,4659210
235339,95,9128019
143302,99,15251644
104445,99,17666914
230856,87,4320950
186803,94,8619368
257168,87,4217018
172971,87,4149045
-1,0
-1,0
-1,0
-1,0
-1,0
-1,0
-1,0
64014,992
45899,214
37731,274
117248,180
145102,193
59861,91
90853,40
10306,4321
-1,2154
66305,1670
100952,332
97254,30074
24623,841
213350,156
94005,946
102271,58
179618,179
70683,169
124262,494
70800,789
29725,61
112650,150
63636,283
188776,450
81851,303
-1,1
19270,308
23285,288
101835,218
98925,80
10913,439
73931,461
92688,502
129038,267
188370,25
-1,0
67062,462
52456,828
89243,552
105924,268
215976,64
55854,282
52933,681
67397,3173
72485,270
78205,233
273382,65
99637,17
-1,0
109561,3
53314,542
52240,59
48528,38
58348,29
21444,587
50497,504
21801,331
119234,137
53702,236
231669,29
-1,2
93723,90
23607,603
60937,60
65441,493
19180,341
41332,276
229727,114
89975,20
88665,36
-1,0
119354,657
10613,229
170720,21
-1,0
46999,22
106578,161
230583,14
23608,410
265062,359
369115,423
161343,10
3532,1923
142775,972
