111549,2283,340954915
191427,99,16616212
170758,99,15648127
211916,99,22582659
134827,99,41759486
79841,99,54501537
304907,90,5816088
202324,99,19258710
88453,99,15722174
173760,99,13226805
250143,99,13042626
252476,94,8377594
469047,95,9681924
264802,96,10652588
303256,88,4581976
213338,97,11471223
181775,96,10533768
238637,88,4659140
232157,95,9128019
140436,99,15192493
102501,99,17666914
226740,87,4315950
189137,94,8166936
253025,87,4217018
163751,87,4134948
-1,0
-1,0
-1,0
-1,0
-1,0
-1,0
-1,0
62582,992
44499,214
37018,274
115560,180
142691,193
58566,91
89454,40
10195,4321
-1,2154
65656,1670
97793,332
93756,30074
23440,840
208083,156
92702,940
98680,58
173095,179
69320,169
123007,494
66416,789
29253,61
111289,150
62076,283
186737,450
81089,303
-1,1
19027,308
22938,288
100534,218
98477,80
10710,439
73568,461
92094,502
128318,267
184609,25
-1,0
64262,462
51970,828
88238,552
101776,268
212887,64
55554,282
52623,681
67091,3173
71865,270
77220,233
263545,65
-1,0
-1,0
107587,3
52441,542
51324,59
44418,38
57467,29
20704,587
49143,504
21534,331
117664,137
46488,236
228969,29
-1,2
91779,90
23039,603
60277,60
63249,493
18404,341
39268,276
219842,114
86904,20
87148,36
-1,0
118061,657
10536,229
166870,21
-1,0
46799,22
102882,161
228211,14
23396,410
262648,359
365815,423
154824,10
3459,1923
141618,972
