119903,2284,342153400
197703,99,16616252
177437,99,15648127
221571,99,22761132
141881,99,41853100
84084,99,54604141
312066,90,5816570
212610,99,19270865
92136,99,15722174
180353,99,13228097
255513,99,13042626
260399,94,8377594
480432,95,9681924
271743,96,10667787
311995,88,4583256
221372,97,11477762
187739,96,10535184
237950,89,4885564
238364,95,9142638
146462,99,15251644
106408,99,17666914
234627,87,4334618
190060,94,8619368
261074,87,4217018
181853,87,4149045
-1,0
-1,0
-1,0
-1,0
-1,0
-1,0
-1,0
65517,992
47401,214
38558,274
119003,180
147288,193
61160,91
92293,40
10373,4321
-1,2154
66937,1670
103905,332
100482,30074
25835,841
218325,156
95733,946
106059,58
185267,179
72057,169
125685,494
74051,789
30290,61
113468,150
65249,283
190933,450
82500,303
-1,1
19500,308
23671,288
103068,218
99417,80
11169,439
74364,461
93337,502
129799,267
192202,25
-1,0
69821,462
52988,828
90276,552
109164,268
219197,64
56192,282
53277,681
67715,3173
73155,270
79218,233
283132,65
119883,18
-1,0
111463,3
54092,542
53230,59
52804,38
59229,29
22173,587
52081,504
22065,331
120509,137
58430,236
234397,29
-1,2
95776,90
23887,603
61488,60
67321,493
20127,341
43369,276
240036,114
93033,20
90259,36
-1,0
120500,657
10688,229
174912,21
-1,0
47187,22
110314,161
232730,14
23848,410
267569,359
371764,423
167641,10
3617,1923
144004,972
