115013,2283,341887605
194135,99,16616252
173573,99,15648127
214301,99,22760816
137355,99,41852995
81381,99,54604141
307432,90,5816570
206269,99,19269417
89780,99,15722174
176264,99,13226805
252065,99,13042626
255270,94,8377594
473159,95,9681924
267476,96,10662598
306524,88,4581976
216080,97,11476238
183837,96,10535184
241386,88,4659210
234354,95,9128019
142306,99,15251644
103891,99,17666914
229452,87,4320950
185707,94,8619368
255966,87,4217018
170158,87,4149045
-1,0
-1,0
-1,0
-1,0
-1,0
-1,0
-1,0
63616,992
45490,214
37507,274
116726,180
144437,193
59486,91
90429,40
10266,4321
-1,2154
66066,1670
99908,332
96165,30074
24218,841
211862,156
93481,946
101254,58
177857,179
70298,169
123862,494
69593,789
29593,61
112288,150
63190,283
188153,450
81627,303
-1,1
19208,308
23176,288
101437,218
98780,80
10852,439
73801,461
92482,502
128830,267
187311,25
-1,0
66273,462
52296,828
88930,552
104913,268
215091,64
55753,282
52817,681
67292,3173
72279,270
77935,233
270542,65
84538,17
-1,0
109007,3
53021,542
51999,59
47408,38
58108,29
21232,587
50099,504
21714,331
118787,137
52050,236
230866,29
-1,2
93137,90
23464,603
60749,60
64845,493
18964,341
40783,276
227028,114
89148,20
88234,36
-1,0
119002,657
10593,229
169629,21
-1,0
46934,22
105595,161
229875,14
23571,410
264329,359
368082,423
159421,10
3505,1923
142406,972
