89624,2319,536768416
261690,99,14890156
97033,99,18693646
27376,99,83804983
42659,99,75695181
52498,99,68979892
35804,99,13669654
59873,99,33798453
243007,99,13230208
229841,99,13063686
223094,99,13059658
175997,99,13037240
425914,99,13034624
24915,99,15635169
145141,99,13040189
22291,99,19903656
90236,99,13221685
93000,99,13105350
122529,99,13443336
113594,99,16610612
152701,99,15416965
92928,99,13065230
142028,99,13038046
5260,99,15284848
627361,42,45949
-1,0
-1,0
-1,0
-1,0
-1,0
-1,0
-1,0
473582,143
-1,0
1295660,2
1097420,4
499448,45
639814,2
41538,90
628979,500
-1,2500
185164,360
255810,197
46188,38105
-1,485
189496,204
131176,639
62372,89
64289,841
-1,2
534753,111
-1,0
320681,5
63203,351
54653,325
296579,153
80351,308
24127,181
26806,243
213849,28
121601,166
78281,113
361014,25
123897,282
211787,254
131676,260
75603,50
-1,4
59688,519
189580,231
257432,112
62125,434
357499,39
125267,154
146237,283
86135,2808
93256,185
27385,519
325019,43
-1,0
-1,0
42143,8
38485,812
43326,76
43744,46
350956,5
149739,94
67611,350
176764,25
122556,132
-1,0
205178,31
-1,3
-1,0
119030,217
216057,19
79952,428
107099,86
55915,120
328412,43
63816,64
11993,813
5783,324
143852,510
29431,152
26799,319
23189,3
53073,20
64417,552
141025,52
-1,1
17349,2895
623641,204
54781,341
70348,242
180477,744
