93536,2319,536768416
266188,99,14890156
99164,99,18693646
28475,99,83804983
44200,99,75695181
54144,99,68979892
36635,99,13669654
62121,99,33798453
247135,99,13230208
234359,99,13063686
226015,99,13059658
180052,99,13037240
431321,99,13034624
25929,99,15635169
147273,99,13040189
22686,99,19903656
92221,99,13221685
94586,99,13105350
124240,99,13443336
116640,99,16610612
155680,99,15416965
95099,99,13065230
144890,99,13038046
5381,99,15284848
665358,42,45949
-1,0
-1,0
-1,0
-1,0
-1,0
-1,0
-1,0
480063,143
-1,0
1308513,2
1108770,4
504808,45
647340,2
42461,90
631033,500
-1,2500
186376,360
264180,197
48001,38105
-1,485
194684,204
134074,639
64960,89
66998,841
-1,2
541149,111
-1,0
325163,5
63418,351
56194,325
300535,153
81094,308
25102,181
27149,243
216244,28
123222,166
78745,113
366040,25
124806,282
214027,254
132540,260
77839,50
-1,4
62465,519
191716,231
261775,112
64436,434
363029,39
126454,154
147077,283
86574,2808
94185,185
27839,519
337049,43
-1,0
-1,0
43204,8
39168,812
44088,76
47670,46
355261,5
154653,94
69713,350
178570,25
124127,132
-1,0
208178,31
-1,3
-1,0
121158,217
219373,19
82624,428
111980,86
58647,120
342617,43
66656,64
12181,813
5964,324
145476,510
29736,152
27571,319
23603,3
53464,20
67090,552
142463,52
-1,1
17480,2895
629556,204
57997,341
71536,242
182319,744
