91097,2319,536768416
263652,99,14890156
97977,99,18693646
27849,99,83804983
43266,99,75695181
53174,99,68979892
36118,99,13669654
60789,99,33798453
244620,99,13230208
231626,99,13063686
224284,99,13059658
177188,99,13037240
428147,99,13034624
25337,99,15635169
146056,99,13040189
22405,99,19903656
91032,99,13221685
93674,99,13105350
123251,99,13443336
114816,99,16610612
153810,99,15416965
93874,99,13065230
143312,99,13038046
5303,99,15284848
642595,42,45949
-1,0
-1,0
-1,0
-1,0
-1,0
-1,0
-1,0
476044,143
-1,0
1300842,2
1101874,4
501522,45
642749,2
41889,90
630202,500
-1,2500
185769,360
259534,197
46875,38105
-1,485
191473,204
132358,639
63271,89
65304,841
-1,2
537010,111
-1,0
322363,5
63554,351
55229,325
297996,153
80697,308
24539,181
26942,243
214792,28
122229,166
78474,113
362945,25
124283,282
212650,254
132041,260
76425,50
-1,4
60736,519
190401,231
259106,112
63025,434
359624,39
125670,154
146567,283
86310,2808
93602,185
27566,519
329573,43
-1,0
-1,0
42527,8
38770,812
43619,76
45390,46
352668,5
151665,94
68361,350
177459,25
123243,132
-1,0
206338,31
-1,3
-1,0
119996,217
217422,19
81053,428
108680,86
56918,120
333687,43
64862,64
12050,813
5844,324
144510,510
29546,152
27075,319
23351,3
53232,20
65387,552
141591,52
-1,1
17426,2895
626336,204
55991,341
70812,242
181189,744
