93285,2319,536768416
266095,99,14890156
99151,99,18693646
28456,99,83804983
44127,99,75695181
54097,99,68979892
36590,99,13669654
62046,99,33798453
246882,99,13230208
234102,99,13063686
225867,99,13059658
179945,99,13037240
431230,99,13034624
25871,99,15635169
147233,99,13040189
22662,99,19903656
92112,99,13221685
94520,99,13105350
124189,99,13443336
116487,99,16610612
155460,99,15416965
95016,99,13065230
144803,99,13038046
5374,99,15284848
663436,42,45949
-1,0
-1,0
-1,0
-1,0
-1,0
-1,0
-1,0
479701,143
-1,0
1307856,2
1108110,4
504494,45
646959,2
42407,90
631418,500
-1,2500
186489,360
263857,197
47903,38105
-1,485
194365,204
133904,639
64785,89
66810,841
-1,2
540772,111
-1,0
324918,5
63898,351
56088,325
300279,153
81063,308
25058,181
27127,243
216121,28
123152,166
78738,113
365783,25
124762,282
213897,254
132486,260
77703,50
-1,4
62272,519
191623,231
261513,112
64279,434
362691,39
126392,154
147042,283
86557,2808
94126,185
27805,519
336219,43
-1,0
-1,0
43152,8
39149,812
44046,76
47406,46
355032,5
154387,94
69564,350
178488,25
124089,132
-1,0
208025,31
-1,3
-1,0
121118,217
219198,19
82456,428
111697,86
58455,120
341721,43
66463,64
12171,813
5950,324
145388,510
29720,152
27519,319
23578,3
53432,20
66909,552
142447,52
-1,1
17495,2895
629533,204
57792,341
71488,242
182238,744
