94290,2319,536768416
267022,99,14890156
99579,99,18693646
28710,99,83804983
44528,99,75695181
54501,99,68979892
36779,99,13669654
62592,99,33798453
247914,99,13230208
235248,99,13063686
226528,99,13059658
180639,99,13037240
432402,99,13034624
26105,99,15635169
147685,99,13040189
22799,99,19903656
92625,99,13221685
94912,99,13105350
124600,99,13443336
117185,99,16610612
156226,99,15416965
95446,99,13065230
145405,99,13038046
5413,99,15284848
672045,42,45949
-1,0
-1,0
-1,0
-1,0
-1,0
-1,0
-1,0
481404,143
-1,0
1310812,2
1110924,4
505871,45
648805,2
42640,90
631190,500
-1,2500
186745,360
265747,197
48382,38105
-1,485
195638,204
134567,639
65407,89
67519,841
-1,2
542433,111
-1,0
326060,5
63688,351
56530,325
301344,153
81253,308
25266,181
27219,243
216751,28
123564,166
78856,113
367020,25
124985,282
214461,254
132712,260
78345,50
-1,4
63002,519
192154,231
262591,112
64842,434
364047,39
126721,154
147223,283
86663,2808
94383,185
27938,519
339311,43
-1,0
-1,0
43415,8
39290,812
44213,76
48514,46
356121,5
155559,94
70200,350
178963,25
124475,132
-1,0
208725,31
-1,3
-1,0
121599,217
219967,19
83123,428
112924,86
59203,120
345265,43
67245,64
12227,813
6003,324
145746,510
29790,152
27734,319
23693,3
53549,20
67643,552
142802,52
-1,1
17507,2895
630780,204
58633,341
71771,242
182715,744
