94644,2319,536768416
267465,99,14890156
99748,99,18693646
28808,99,83804983
44682,99,75695181
54658,99,68979892
36867,99,13669654
62807,99,33798453
248283,99,13230208
235690,99,13063686
226798,99,13059658
180973,99,13037240
433012,99,13034624
26182,99,15635169
147923,99,13040189
22841,99,19903656
92826,99,13221685
95047,99,13105350
124781,99,13443336
117458,99,16610612
156507,99,15416965
95650,99,13065230
145656,99,13038046
5424,99,15284848
675446,42,45949
-1,0
-1,0
-1,0
-1,0
-1,0
-1,0
-1,0
481980,143
-1,0
1311898,2
1111914,4
506369,45
649506,2
42728,90
631324,500
-1,2500
186906,360
266478,197
48556,38105
-1,485
196087,204
134836,639
65631,89
67759,841
-1,2
543007,111
-1,0
326491,5
63831,351
56673,325
301748,153
81323,308
25367,181
27254,243
216994,28
123717,166
78886,113
367464,25
125059,282
214679,254
132783,260
78519,50
-1,4
63282,519
192358,231
262966,112
65031,434
364520,39
126842,154
147292,283
86706,2808
94444,185
27974,519
340495,43
-1,0
-1,0
43522,8
39363,812
44312,76
49131,46
356528,5
155994,94
70426,350
179148,25
124613,132
-1,0
208980,31
-1,3
-1,0
121814,217
220274,19
83374,428
113319,86
59496,120
346674,43
67516,64
12241,813
6027,324
145858,510
29814,152
27808,319
23733,3
53568,20
67969,552
142952,52
-1,1
17516,2895
631325,204
58949,341
71880,242
182900,744
