93455,2319,536768416
266237,99,14890156
99198,99,18693646
28501,99,83804983
44188,99,75695181
54135,99,68979892
36620,99,13669654
62129,99,33798453
247066,99,13230208
234274,99,13063686
225975,99,13059658
180026,99,13037240
431455,99,13034624
25906,99,15635169
147271,99,13040189
22678,99,19903656
92199,99,13221685
94569,99,13105350
124240,99,13443336
116595,99,16610612
155621,99,15416965
95086,99,13065230
144891,99,13038046
5378,99,15284848
664870,42,45949
-1,0
-1,0
-1,0
-1,0
-1,0
-1,0
-1,0
479945,143
-1,0
1308349,2
1108582,4
504713,45
647248,2
42447,90
631301,500
-1,2500
186468,360
264181,197
47980,38105
-1,485
194578,204
134013,639
64889,89
66933,841
-1,2
541039,111
-1,0
325116,5
63668,351
56153,325
300446,153
81097,308
25093,181
27141,243
216219,28
123200,166
78743,113
365957,25
124796,282
213991,254
132526,260
77790,50
-1,4
62398,519
191682,231
261698,112
64368,434
362910,39
126435,154
147066,283
86568,2808
94171,185
27825,519
336779,43
-1,0
-1,0
43189,8
39175,812
44067,76
47599,46
355191,5
154561,94
69665,350
178564,25
124144,132
-1,0
208138,31
-1,3
-1,0
121192,217
219317,19
82569,428
111883,86
58582,120
342323,43
66590,64
12181,813
5958,324
145446,510
29738,152
27548,319
23602,3
53453,20
67025,552
142491,52
-1,1
17495,2895
629749,204
57930,341
71522,242
182307,744
