510084,2013,114475088
908571,89,4902474
841747,88,4494732
1075797,93,7372008
909775,96,9915242
929554,93,7668959
600186,81,2232137
930079,93,7648740
715391,89,5094320
526411,87,4340566
825931,81,2204910
515094,86,3748904
484624,95,9233790
455638,88,4438511
526207,83,2917667
673097,82,2597668
511136,83,2738985
378329,84,3036671
523546,82,2634715
518155,91,6187075
391206,98,12572471
377372,81,2229113
425808,84,2998574
390015,85,3266856
-1,1,0
-1,-1
-1,-1
-1,-1
-1,-1
-1,-1
-1,-1
-1,-1
120208,627
35952,274
137669,75
249475,76
167299,173
240770,23
265465,6
-1,-1
-1,-1
89158,1130
168468,250
-1,-1
-1,-1
-1,-1
-1,-1
-1,-1
-1,-1
-1,-1
471320,136
-1,0
-1,-1
-1,-1
277562,12
-1,-1
321501,12
-1,-1
133518,40
409844,6
-1,-1
-1,-1
93203,90
380071,34
487513,71
382898,31
380699,13
-1,-1
-1,-1
-1,-1
606754,10
373638,28
55022,138
-1,-1
309197,113
502201,289
-1,-1
-1,-1
-1,-1
-1,0
-1,0
144925,2
-1,-1
-1,-1
-1,-1
-1,-1
-1,-1
426589,22
157775,28
-1,-1
-1,-1
294648,23
-1,-1
-1,-1
165405,172
109338,39
273890,45
-1,-1
-1,-1
-1,-1
-1,-1
-1,-1
-1,-1
-1,-1
352145,6
-1,-1
-1,-1
155785,9
-1,-1
-1,-1
-1,-1
596411,53
762158,154
-1,-1
156212,93
346277,223
