504334,2013,114475088
902495,89,4902474
836091,88,4494732
1068208,93,7372008
903462,96,9915242
923658,93,7668959
595975,81,2232137
924364,93,7648740
711305,89,5094320
522179,87,4340566
821611,81,2204910
511331,86,3748904
481549,95,9233790
452048,88,4438511
522325,83,2917667
667644,82,2597668
507444,83,2738985
375273,84,3036671
519856,82,2634715
514148,91,6187075
388353,98,12572471
373929,81,2229113
422314,84,2998574
386783,85,3266856
-1,1,0
-1,-1
-1,-1
-1,-1
-1,-1
-1,-1
-1,-1
-1,-1
119088,627
35404,274
136463,75
247603,76
166007,173
239106,23
263816,6
-1,-1
-1,-1
88730,1130
165473,250
-1,-1
-1,-1
-1,-1
-1,-1
-1,-1
-1,-1
-1,-1
468795,136
-1,0
-1,-1
-1,-1
275134,12
-1,-1
319543,12
-1,-1
132798,40
406803,6
-1,-1
-1,-1
92598,90
378219,34
484543,71
381121,31
375859,13
-1,-1
-1,-1
-1,-1
601131,10
368791,28
54480,138
-1,-1
308396,113
500216,289
-1,-1
-1,-1
-1,-1
-1,0
-1,0
143779,2
-1,-1
-1,-1
-1,-1
-1,-1
-1,-1
421104,22
157043,28
-1,-1
-1,-1
292536,23
-1,-1
-1,-1
163883,172
108713,39
269436,45
-1,-1
-1,-1
-1,-1
-1,-1
-1,-1
-1,-1
-1,-1
348612,6
-1,-1
-1,-1
155255,9
-1,-1
-1,-1
-1,-1
593039,53
758551,154
-1,-1
155102,93
344129,223
