512168,2013,114475088
910982,89,4902474
843885,88,4494732
1078634,93,7372008
912132,96,9915242
931678,93,7668959
601627,81,2232137
932073,93,7648740
716854,89,5094320
528029,87,4340566
827432,81,2204910
516607,86,3748904
485774,95,9233790
456900,88,4438511
527658,83,2917667
675299,82,2597668
512441,83,2738985
379405,84,3036671
525041,82,2634715
519677,91,6187075
392262,98,12572471
378499,81,2229113
427020,84,2998574
391170,85,3266856
-1,1,0
-1,-1
-1,-1
-1,-1
-1,-1
-1,-1
-1,-1
-1,-1
120660,627
36193,274
138173,75
250189,76
167803,173
241407,23
266040,6
-1,-1
-1,-1
89334,1130
169417,250
-1,-1
-1,-1
-1,-1
-1,-1
-1,-1
-1,-1
-1,-1
472305,136
-1,0
-1,-1
-1,-1
278498,12
-1,-1
322132,12
-1,-1
133766,40
410882,6
-1,-1
-1,-1
93413,90
380775,34
488677,71
383590,31
382374,13
-1,-1
-1,-1
-1,-1
608780,10
375322,28
55231,138
-1,-1
309510,113
502905,289
-1,-1
-1,-1
-1,-1
-1,0
-1,0
145393,2
-1,-1
-1,-1
-1,-1
-1,-1
-1,-1
428498,22
158032,28
-1,-1
-1,-1
295402,23
-1,-1
-1,-1
165907,172
109552,39
275456,45
-1,-1
-1,-1
-1,-1
-1,-1
-1,-1
-1,-1
-1,-1
353439,6
-1,-1
-1,-1
155976,9
-1,-1
-1,-1
-1,-1
597651,53
763389,154
-1,-1
156614,93
347169,223
