518856,2013,114475088
918343,89,4902474
850202,88,4494732
1086755,93,7372008
919206,96,9915242
937783,93,7668959
606591,81,2232137
937466,93,7648740
721954,89,5094320
533702,87,4340566
832512,81,2204910
521117,86,3748904
489362,95,9233790
461115,88,4438511
532083,83,2917667
681959,82,2597668
516959,83,2738985
382619,84,3036671
529600,82,2634715
524564,91,6187075
396115,98,12572471
382453,81,2229113
430952,84,2998574
394783,85,3266856
-1,1,0
-1,-1
-1,-1
-1,-1
-1,-1
-1,-1
-1,-1
-1,-1
122289,627
36994,274
139939,75
252603,76
169249,173
243520,23
268142,6
-1,-1
-1,-1
89819,1130
172660,250
-1,-1
-1,-1
-1,-1
-1,-1
-1,-1
-1,-1
-1,-1
475663,136
-1,0
-1,-1
-1,-1
281737,12
-1,-1
324243,12
-1,-1
134567,40
414191,6
-1,-1
-1,-1
94270,90
383163,34
492374,71
385857,31
387887,13
-1,-1
-1,-1
-1,-1
615202,10
380453,28
55877,138
-1,-1
310441,113
505483,289
-1,-1
-1,-1
-1,-1
-1,0
-1,0
146922,2
-1,-1
-1,-1
-1,-1
-1,-1
-1,-1
434996,22
159031,28
-1,-1
-1,-1
297757,23
-1,-1
-1,-1
167510,172
110264,39
280509,45
-1,-1
-1,-1
-1,-1
-1,-1
-1,-1
-1,-1
-1,-1
357897,6
-1,-1
-1,-1
156583,9
-1,-1
-1,-1
-1,-1
601754,53
767132,154
-1,-1
158063,93
349865,223
