515119,2013,114475088
913876,89,4902474
846268,88,4494732
1081674,93,7372008
914746,96,9915242
933816,93,7668959
603739,81,2232137
933666,93,7648740
719043,89,5094320
530442,87,4340566
829534,81,2204910
518522,86,3748904
487116,95,9233790
458697,88,4438511
529444,83,2917667
677896,82,2597668
514399,83,2738985
380661,84,3036671
526947,82,2634715
521756,91,6187075
393887,98,12572471
380142,81,2229113
428559,84,2998574
392703,85,3266856
-1,1,0
-1,-1
-1,-1
-1,-1
-1,-1
-1,-1
-1,-1
-1,-1
121339,627
36543,274
138953,75
251232,76
168439,173
242318,23
266929,6
-1,-1
-1,-1
89389,1130
170756,250
-1,-1
-1,-1
-1,-1
-1,-1
-1,-1
-1,-1
-1,-1
473762,136
-1,0
-1,-1
-1,-1
279904,12
-1,-1
322945,12
-1,-1
134090,40
412278,6
-1,-1
-1,-1
93799,90
381836,34
490261,71
384607,31
384854,13
-1,-1
-1,-1
-1,-1
611695,10
377650,28
55511,138
-1,-1
309885,113
503984,289
-1,-1
-1,-1
-1,-1
-1,0
-1,0
146024,2
-1,-1
-1,-1
-1,-1
-1,-1
-1,-1
431448,22
158440,28
-1,-1
-1,-1
296455,23
-1,-1
-1,-1
166565,172
109871,39
277767,45
-1,-1
-1,-1
-1,-1
-1,-1
-1,-1
-1,-1
-1,-1
355308,6
-1,-1
-1,-1
156241,9
-1,-1
-1,-1
-1,-1
599448,53
764751,154
-1,-1
157273,93
348388,223
