510689,2013,114475088
909305,89,4902474
842397,88,4494732
1076670,93,7372008
910457,96,9915242
930173,93,7668959
600557,81,2232137
930646,93,7648740
715813,89,5094320
526883,87,4340566
826364,81,2204910
515530,86,3748904
484963,95,9233790
456026,88,4438511
526618,83,2917667
673708,82,2597668
511523,83,2738985
378652,84,3036671
524001,82,2634715
518578,91,6187075
391520,98,12572471
377682,81,2229113
426153,84,2998574
390342,85,3266856
-1,1,0
-1,-1
-1,-1
-1,-1
-1,-1
-1,-1
-1,-1
-1,-1
120336,627
36025,274
137810,75
249679,76
167428,173
240946,23
265634,6
-1,-1
-1,-1
89219,1130
168721,250
-1,-1
-1,-1
-1,-1
-1,-1
-1,-1
-1,-1
-1,-1
471588,136
-1,0
-1,-1
-1,-1
277816,12
-1,-1
321663,12
-1,-1
133582,40
410123,6
-1,-1
-1,-1
93256,90
380263,34
487836,71
383090,31
381127,13
-1,-1
-1,-1
-1,-1
607275,10
374089,28
55085,138
-1,-1
309265,113
502382,289
-1,-1
-1,-1
-1,-1
-1,0
-1,0
145043,2
-1,-1
-1,-1
-1,-1
-1,-1
-1,-1
427114,22
157850,28
-1,-1
-1,-1
294853,23
-1,-1
-1,-1
165523,172
109401,39
274333,45
-1,-1
-1,-1
-1,-1
-1,-1
-1,-1
-1,-1
-1,-1
352487,6
-1,-1
-1,-1
155832,9
-1,-1
-1,-1
-1,-1
596750,53
762497,154
-1,-1
156324,93
346515,223
