396296,2078,205986829
293157,99,14418731
506030,96,10552755
342812,99,16843131
276358,99,28312358
264282,99,24972006
376158,88,4595718
295987,99,16376601
213693,99,13366747
559675,87,4028754
414041,92,6858369
713955,82,2459236
69776,99,14729943
736531,80,2105726
546801,83,2730675
603541,84,3130988
597864,80,2141691
512404,80,2124382
482641,84,3088238
357174,95,9484147
379765,99,13045524
375968,81,2252173
261880,90,5545292
543813,83,2823644
-1,1,0
-1,0
-1,0
-1,0
-1,0
-1,0
-1,0
-1,0
243809,335
1039797,4
743356,8
189969,108
204593,147
119673,51
161977,17
267276,574
-1,2478
-1,98
362274,149
194174,1700
-1,431
261919,77
251574,139
169667,34
224434,60
184368,10
279627,256
-1,0
343796,5
-1,0
74897,238
307813,150
355930,8
-1,0
209761,25
208580,30
255817,34
-1,1
57982,134
89066,392
132489,385
90120,385
154049,25
-1,0
114988,194
328168,75
414822,40
93841,306
133702,88
234576,51
351794,92
211072,1526
-1,1
205623,66
371297,33
-1,0
-1,0
86763,4
102084,174
-1,0
-1,0
378244,5
89104,203
191893,86
165076,27
126524,129
-1,0
284919,24
-1,0
93800,91
307830,105
53066,65
296575,29
254492,25
44720,241
399959,23
83866,33
-1,0
-1,0
183942,346
73916,91
-1,3
-1,0
141283,10
101173,200
235486,13
82921,104
241513,408
201407,569
-1,0
248311,36
140699,994
