383472,2078,205986519
286510,99,14418731
495329,96,10552755
332406,99,16843131
268599,99,28312307
257342,99,24971851
370509,88,4595718
287551,99,16376497
209068,99,13366747
548463,87,4028754
408991,92,6858369
701396,82,2459236
68443,99,14729943
720956,80,2105726
536668,83,2730675
590653,84,3130988
586930,80,2141691
502604,80,2124382
474130,84,3088238
348662,95,9484147
372722,99,13045524
367792,81,2252173
255604,90,5545292
532627,83,2823644
-1,1,0
-1,0
-1,0
-1,0
-1,0
-1,0
-1,0
-1,0
239035,335
1022269,4
733013,8
186514,108
200849,147
117139,51
159235,17
265678,574
-1,2478
-1,98
351235,149
186807,1700
-1,431
254373,77
244021,139
161636,34
215419,60
180060,10
275882,256
-1,0
338656,5
-1,0
72662,238
303248,150
350559,8
-1,0
207570,25
205972,30
252517,34
-1,1
56933,134
88443,392
131207,385
89543,385
148946,25
-1,0
109282,194
324204,75
405132,40
89460,306
130786,88
231859,51
349837,92
209917,1526
-1,1
202614,66
356244,33
-1,0
-1,0
84733,4
100037,174
-1,0
-1,0
373213,5
85373,203
184881,86
163297,27
124474,129
-1,0
279953,24
-1,0
91213,91
299963,105
52320,65
283793,29
243270,25
41982,241
381626,23
80062,33
-1,0
-1,0
181526,346
72936,91
-1,3
-1,0
140174,10
96622,200
232397,13
81483,104
238678,408
198994,569
-1,0
243584,36
139223,994
