394888,2078,205986829
292383,99,14418731
504883,96,10552755
341657,99,16843131
275528,99,28312358
263502,99,24972006
375530,88,4595718
295055,99,16376601
213171,99,13366747
558230,87,4028754
413444,92,6858369
712628,82,2459236
69583,99,14729943
734934,80,2105726
545671,83,2730675
601860,84,3130988
596778,80,2141691
511443,80,2124382
481637,84,3088238
356237,95,9484147
378969,99,13045524
375045,81,2252173
261218,90,5545292
542568,83,2823644
-1,1,0
-1,0
-1,0
-1,0
-1,0
-1,0
-1,0
-1,0
243260,335
1037795,4
742162,8
189543,108
204167,147
119394,51
161626,17
267130,574
-1,2478
-1,98
361109,149
193409,1700
-1,431
261043,77
250794,139
168630,34
223437,60
183833,10
279150,256
-1,0
343113,5
-1,0
74592,238
307223,150
355416,8
-1,0
209519,25
208293,30
255478,34
-1,1
57833,134
89002,392
132330,385
90050,385
153440,25
-1,0
114285,194
327744,75
413746,40
93361,306
133354,88
234244,51
351571,92
210945,1526
-1,1
205255,66
369509,33
-1,0
-1,0
86519,4
101872,174
-1,0
-1,0
377687,5
88631,203
191070,86
164886,27
126337,129
-1,0
284382,24
-1,0
93480,91
307005,105
52998,65
295261,29
253047,25
44394,241
397740,23
83417,33
-1,0
-1,0
183682,346
73805,91
-1,3
-1,0
141169,10
100584,200
235175,13
82749,104
241162,408
201223,569
-1,0
247787,36
140534,994
