397554,2078,205986829
293832,99,14418731
507048,96,10552755
343833,99,16843131
277127,99,28312358
264845,99,24972006
376759,88,4595718
296832,99,16376601
214135,99,13366747
560894,87,4028754
414621,92,6858369
715166,82,2459236
69908,99,14729943
737861,80,2105726
547769,83,2730675
604977,84,3130988
598946,80,2141691
513366,80,2124382
483587,84,3088238
358014,95,9484147
380543,99,13045524
376851,81,2252173
262474,90,5545292
544954,83,2823644
-1,1,0
-1,0
-1,0
-1,0
-1,0
-1,0
-1,0
-1,0
244371,335
1041463,4
744407,8
190333,108
204967,147
119934,51
162270,17
267393,574
-1,2478
-1,98
363441,149
194852,1700
-1,431
262655,77
252265,139
170536,34
225307,60
184897,10
280087,256
-1,0
344396,5
-1,0
75171,238
308340,150
356394,8
-1,0
210010,25
208895,30
256167,34
-1,1
58123,134
89151,392
132664,385
90184,385
154636,25
-1,0
115576,194
328596,75
415808,40
94235,306
133996,88
234907,51
352095,92
211219,1526
-1,1
205992,66
372857,33
-1,0
-1,0
86998,4
102328,174
-1,0
-1,0
378744,5
89492,203
192679,86
165334,27
126753,129
-1,0
285423,24
-1,0
94065,91
308585,105
53129,65
297686,29
255780,25
45000,241
401826,23
84264,33
-1,0
-1,0
184217,346
74018,91
-1,3
-1,0
141414,10
101633,200
235788,13
83079,104
241854,408
201624,569
-1,0
248876,36
140890,994
