381424,2078,205985518
285308,99,14418731
493559,96,10552741
330670,99,16843051
267339,99,28312257
256387,99,24971794
369785,88,4595718
286324,99,16376497
208572,99,13366747
547163,87,4028754
408356,92,6858369
700250,82,2459236
68310,99,14729943
717437,80,2105726
535498,83,2730675
588896,84,3130988
585616,80,2141691
501781,80,2123582
473153,84,3088238
347270,95,9484147
371754,99,13045524
366909,81,2252173
254833,90,5545292
531193,83,2823644
-1,1,0
-1,0
-1,0
-1,0
-1,0
-1,0
-1,0
-1,0
238416,335
1019812,4
731518,8
186133,108
200320,147
116814,51
158863,17
265481,574
-1,2478
-1,98
350137,149
185904,1700
-1,431
253439,77
243165,139
160649,34
214252,60
179514,10
275478,256
-1,0
338023,5
-1,0
72377,238
302714,150
349962,8
-1,0
207336,25
205672,30
252141,34
-1,1
56807,134
88395,392
131064,385
89484,385
148376,25
-1,0
108628,194
323738,75
403816,40
88798,306
130447,88
231556,51
349593,92
209765,1526
-1,1
202278,66
354387,33
84458,4
-1,0
99738,174
-1,0
-1,0
372554,5
84900,203
184130,86
163024,27
124227,129
-1,0
279440,24
-1,0
90900,91
299105,105
52201,65
281284,29
242070,25
41610,241
379372,23
79578,33
-1,0
-1,0
181195,346
72833,91
-1,3
-1,0
140004,10
96038,200
232057,13
81290,104
238312,408
198730,569
-1,0
243003,36
139066,994
