399820,2078,205986829
294715,99,14418731
508656,96,10552755
345515,99,16843131
278458,99,28312358
265984,99,24972006
377785,88,4595718
298174,99,16376601
214983,99,13366747
563210,87,4028754
415628,92,6858369
717215,82,2459236
70145,99,14729943
740443,80,2105726
549417,83,2730675
607206,84,3130988
600988,80,2141691
514852,80,2124382
485185,84,3088238
359553,95,9484147
381927,99,13045524
378283,81,2252173
263430,90,5545292
546966,83,2823644
-1,1,0
-1,0
-1,0
-1,0
-1,0
-1,0
-1,0
-1,0
245356,335
1044530,4
746278,8
191089,108
205656,147
120463,51
162815,17
267369,574
-1,2478
-1,98
365487,149
196148,1700
-1,431
264003,77
253512,139
172077,34
226884,60
185783,10
280912,256
-1,0
345424,5
-1,0
75661,238
309321,150
357227,8
-1,0
210446,25
209433,30
256859,34
-1,1
58387,134
89305,392
132958,385
90335,385
155733,25
-1,0
116777,194
329419,75
417532,40
94915,306
134530,88
235524,51
352513,92
211445,1526
-1,1
206636,66
375917,33
-1,0
-1,0
87410,4
102709,174
-1,0
-1,0
379743,5
90152,203
194252,86
165723,27
127110,129
-1,0
286271,24
-1,0
94598,91
309943,105
53265,65
299819,29
257914,25
45532,241
405232,23
85052,33
-1,0
-1,0
184657,346
74202,91
-1,3
-1,0
141608,10
102564,200
236285,13
83356,104
242441,408
201807,569
-1,0
249788,36
141241,994
