400311,2078,205986829
294960,99,14418731
509126,96,10552755
345967,99,16843131
278815,99,28312358
266256,99,24972006
378038,88,4595718
298546,99,16376601
215169,99,13366747
563690,87,4028754
415871,92,6858369
717689,82,2459236
70209,99,14729943
741011,80,2105726
549840,83,2730675
607810,84,3130988
601423,80,2141691
515254,80,2124382
485556,84,3088238
359852,95,9484147
382249,99,13045524
378653,81,2252173
263701,90,5545292
547433,83,2823644
-1,1,0
-1,0
-1,0
-1,0
-1,0
-1,0
-1,0
-1,0
245577,335
1045278,4
746683,8
191237,108
205825,147
120571,51
162923,17
267432,574
-1,2478
-1,98
365942,149
196463,1700
-1,431
264290,77
253759,139
172390,34
227219,60
185970,10
281091,256
-1,0
345639,5
-1,0
75754,238
309527,150
357447,8
-1,0
210508,25
209569,30
257002,34
-1,1
58443,134
89321,392
133013,385
90346,385
155915,25
-1,0
117029,194
329589,75
417920,40
95056,306
134636,88
235662,51
352583,92
211499,1526
-1,1
206766,66
376531,33
-1,0
-1,0
87515,4
102798,174
-1,0
-1,0
379947,5
90304,203
194547,86
165808,27
127188,129
-1,0
286459,24
-1,0
94699,91
310269,105
53295,65
300243,29
258393,25
45661,241
406044,23
85216,33
-1,0
-1,0
184758,346
74240,91
-1,3
-1,0
141652,10
102760,200
236405,13
83425,104
242555,408
201911,569
-1,0
249974,36
141304,994
