387227,2078,205986519
288547,99,14418731
498503,96,10552755
335595,99,16843131
270924,99,28312307
259281,99,24971851
371861,88,4595718
290050,99,16376497
210344,99,13366747
551299,87,4028754
410203,92,6858369
704790,82,2459236
68773,99,14729943
725644,80,2105726
539307,83,2730675
594308,84,3130988
589885,80,2141691
505139,80,2124382
476261,84,3088238
351253,95,9484147
374530,99,13045524
369727,81,2252173
257274,90,5545292
535485,83,2823644
-1,1,0
-1,0
-1,0
-1,0
-1,0
-1,0
-1,0
-1,0
240298,335
1027108,4
735969,8
187375,108
201960,147
117843,51
159944,17
265984,574
-1,2478
-1,98
353992,149
188651,1700
-1,431
256455,77
246303,139
163791,34
218151,60
181189,10
276763,256
-1,0
340024,5
-1,0
73215,238
304399,150
352082,8
-1,0
208041,25
206634,30
253274,34
-1,1
57209,134
88581,392
131504,385
89668,385
150347,25
-1,0
110850,194
325112,75
407663,40
90876,306
131596,88
232426,51
350133,92
210181,1526
-1,1
203376,66
360306,33
-1,0
-1,0
85299,4
100549,174
-1,0
-1,0
374553,5
86428,203
186617,86
163691,27
125081,129
-1,0
281231,24
-1,0
91856,91
302051,105
52552,65
287797,29
246208,25
42783,241
386481,23
81100,33
-1,0
-1,0
182224,346
73184,91
-1,3
-1,0
140419,10
97935,200
233214,13
81892,104
239401,408
199679,569
-1,0
244904,36
139581,994
