59598,2365,634658242
12961,99,46162062
10706,99,37148998
47621,99,60161176
27324,99,90859701
41435,99,76670714
70397,99,13342228
21601,99,49888372
40932,99,21139375
74916,99,14857503
61254,99,13910948
203308,98,12707637
436902,98,12965832
46426,99,14776612
49130,99,13452786
211676,97,11620692
31404,99,14398550
146674,95,9214206
93470,99,13900918
19785,99,31072275
60880,99,21778111
125560,98,12736174
34298,99,17052957
17315,99,13687455
97617,97,11152960
-1,0
-1,0
-1,0
-1,0
-1,0
-1,0
-1,0
4290,4331
12311,600
9217,752
7634,1043
2898,1196
1700,534
13439,206
13218,3626
-1,2304
81542,1261
176930,239
116340,24226
1682,1347
5388,2205
33470,1885
14826,232
110590,482
1765,3563
5264,1811
69445,750
40570,46
83344,236
3705,1878
35515,1728
84197,290
-1,2
68630,98
7666,592
110817,189
50853,195
4039,675
47359,654
20818,1302
39647,748
2775,205
-1,0
27850,995
51257,835
90408,535
49717,505
57531,134
41597,354
24029,1216
23098,4784
32004,594
10838,909
13548,444
10252,21
43454,25
90630,213
51200,59
-1,0
12605,85
12693,734
19604,1228
9236,680
21057,711
5777,996
25226,73
-1,0
2381,2691
35494,464
113841,37
36377,679
37345,215
19301,788
28932,501
90182,15
89342,32
-1,0
5427,4296
29303,152
96021,80
-1,0
72562,17
26449,1391
114867,78
24634,392
385185,187
385250,394
3435,1435
25494,555
57813,1952
