55986,2373,649457554
12607,99,47039265
10954,99,37185380
48991,99,60476420
27911,99,91356754
42458,99,76799377
68790,99,13362010
21017,99,51185410
40344,99,21416696
75351,99,14935578
61414,99,13927992
190923,99,13034660
441199,98,12965952
18905,99,16251502
49873,99,13455186
202452,98,13022852
32004,99,14405125
134227,98,13028157
89483,99,14035584
20515,99,31127699
61831,99,21778111
106902,99,13042224
27450,99,18867972
17105,99,13709033
71676,99,13048615
-1,0
-1,0
-1,0
-1,0
-1,0
-1,0
-1,0
4219,4414
12574,600
9214,762
7537,1055
2892,1223
1560,561
13040,213
13325,3626
-1,2304
82045,1261
181069,239
119928,24226
1701,1354
5519,2205
33995,1885
15202,232
114451,482
1788,3563
5310,1811
73306,750
41083,46
84329,236
3778,1878
35849,1728
84813,290
-1,2
69208,98
7775,592
111957,189
51055,195
4105,675
44151,691
19936,1339
37014,787
2856,205
-1,0
28964,995
51632,835
91274,535
49742,519
58392,134
41792,354
24182,1216
23222,4784
32226,594
10981,909
14226,444
11153,220
47736,39
10455,21
91874,213
51998,59
-1,0
12798,85
13046,734
20102,1228
9323,680
21258,711
6797,996
25707,73
-1,0
2442,2691
36171,464
115162,37
37364,679
38674,215
20213,788
30392,501
92928,15
90634,32
-1,0
5520,4296
29531,152
98036,80
-1,0
72845,17
27421,1391
115924,78
24856,392
388071,187
388002,394
3693,1435
25900,555
58154,1952
