17993,2376,676991611
12379,99,47813590
11172,99,37326202
48521,99,62320803
27475,99,93447293
40519,99,79885875
70146,99,13362093
21083,99,51964547
19430,99,32805828
68510,99,15519790
47373,99,14414117
122088,99,13140851
50275,99,15856638
19616,99,16261734
50687,99,13458861
181015,99,13052189
32961,99,14408714
121623,99,13039358
90745,99,14039521
21128,99,31257046
61864,99,21977911
73896,99,13118428
28146,99,18870288
12734,99,13939991
13002,99,15709943
-1,0
-1,0
-1,0
-1,0
-1,0
-1,0
-1,0
4315,4470
13022,600
9531,762
7546,1064
2952,1247
1558,577
12830,220
13421,3626
-1,2304
82964,1261
178757,246
123713,24768
1739,1369
5706,2205
34677,1885
15837,232
119551,482
1831,3563
5385,1811
77710,750
41920,46
85066,236
3899,1878
36291,1728
85671,290
-1,2
70040,98
7935,592
113613,189
51343,195
4218,675
42308,716
19488,1364
35544,813
2973,205
-1,0
30529,995
52271,835
92571,535
49006,542
58970,135
42124,354
24089,1227
23382,4784
32589,594
11198,909
15119,444
5954,407
55934,39
10184,22
93573,213
53095,59
-1,0
13111,85
13598,734
20988,1228
9455,680
21424,711
7991,997
26436,73
-1,0
2524,2691
36800,464
116625,37
38592,679
40943,215
21481,788
32565,501
96696,15
92585,32
-1,0
5630,4296
29851,152
101013,80
-1,0
73286,17
28743,1391
117256,78
25097,392
392547,187
386083,402
4048,1435
26538,555
58593,1952
