55118,2372,641300802
12536,99,46910193
10789,99,37170348
47991,99,60366013
27405,99,91225522
41798,99,76713939
70321,99,13346728
21048,99,50643437
41127,99,21139375
75592,99,14857653
60846,99,13927181
191912,99,13034555
438269,98,12965872
45030,99,14825648
49379,99,13453186
211266,98,11811680
31651,99,14398550
139218,97,10871694
92358,99,13938118
20069,99,31085640
61171,99,21778111
106475,99,13041542
34462,99,17053269
17258,99,13694183
67798,99,13048365
-1,0
-1,0
-1,0
-1,0
-1,0
-1,0
-1,0
4264,4362
12392,600
9274,752
7659,1043
2835,1216
1641,542
13230,209
13265,3626
-1,2304
81588,1261
177996,239
117493,24226
1673,1351
5420,2205
33643,1885
14951,232
111873,482
1777,3563
5278,1811
70794,750
40733,46
83703,236
3724,1878
35660,1728
84365,290
-1,2
68832,98
7705,592
111195,189
50923,195
4064,675
47435,654
20848,1302
39706,748
2794,205
-1,0
28213,995
51385,835
90717,535
49226,514
57778,134
41653,354
24086,1216
23142,4784
32081,594
10894,909
13778,444
8329,188
42692,39
10308,21
91070,213
51474,59
-1,0
12667,85
12805,734
19767,1228
9260,680
21121,711
6083,996
25355,73
-1,0
2397,2691
35699,464
114412,37
36703,679
37812,215
19603,788
29439,501
91104,15
89801,32
-1,0
5454,4296
29386,152
96723,80
-1,0
72686,17
26788,1391
115195,78
24720,392
386232,187
386126,394
3496,1435
25642,555
57925,1952
