18420,2376,663917876
12299,99,47776166
11095,99,37257580
49153,99,61259499
27717,99,92535919
41435,99,78521220
69608,99,13362059
20960,99,51736273
26343,99,26901476
68849,99,15425442
51813,99,14229824
121236,99,13140605
106910,99,13811732
19365,99,16254528
50519,99,13455861
202871,99,13034461
32531,99,14406219
126933,99,13035784
90197,99,14038946
21012,99,31136609
61428,99,21958358
103708,99,13047765
27926,99,18869980
15497,99,13781195
15183,99,14940375
-1,0
-1,0
-1,0
-1,0
-1,0
-1,0
-1,0
4276,4444
12817,600
9367,762
7474,1064
2914,1237
1603,564
12908,217
13387,3626
-1,2304
82605,1261
185210,239
121707,24768
1731,1363
5640,2205
34398,1885
15564,232
117498,482
1813,3563
5346,1811
76089,750
41550,46
84966,236
3859,1878
36121,1728
85330,290
-1,2
69708,98
7865,592
112945,189
51205,195
4168,675
44314,691
20016,1339
37147,787
2914,205
-1,0
29874,995
52002,835
92066,535
50216,525
58564,135
41983,354
24319,1216
23319,4784
32433,594
11097,909
14728,444
5440,407
52841,39
10632,21
92879,213
52615,59
-1,0
12979,85
13385,734
20590,1228
9411,680
21329,711
7543,996
26147,73
-1,0
2482,2691
36583,464
116048,37
38046,679
40007,215
20963,788
31657,501
95086,15
91702,32
-1,0
5582,4296
29710,152
99760,80
-1,0
73116,17
28176,1391
116744,78
24990,392
390742,187
387970,398
3895,1435
26272,555
58383,1952
