56543,2373,651185751
12231,99,47650829
11003,99,37185676
49218,99,60561610
27887,99,91612470
42659,99,76868695
69016,99,13362010
21161,99,51195321
40495,99,21416696
68411,99,15390049
53179,99,14159732
191452,99,13034660
442238,98,12965952
19044,99,16251502
50050,99,13455186
203076,98,13023832
32154,99,14405125
134632,98,13028194
89744,99,14035584
20630,99,31136609
62023,99,21778111
107291,99,13042224
27618,99,18868036
17193,99,13709033
72891,99,13048615
-1,0
-1,0
-1,0
-1,0
-1,0
-1,0
-1,0
4227,4422
12635,600
9238,762
7426,1063
2911,1223
1575,561
13085,213
13352,3626
-1,2304
82208,1261
182312,239
120798,24226
1721,1354
5544,2205
34098,1885
15272,232
115262,482
1792,3563
5320,1811
74059,750
41189,46
84519,236
3794,1878
35930,1728
84976,290
-1,2
69353,98
7792,592
112227,189
51100,195
4120,675
44193,691
19956,1339
37040,787
2870,205
-1,0
29190,995
51724,835
91486,535
49334,525
58585,134
41843,354
24214,1216
23248,4784
32283,594
11009,909
14356,444
5268,376
49023,39
10494,21
92152,213
52146,59
-1,0
12845,85
13116,734
20206,1228
9345,680
21288,711
6976,996
25825,73
-1,0
2453,2691
36319,464
115424,37
37555,679
38950,215
20379,788
30662,501
93443,15
90918,32
-1,0
5537,4296
29577,152
98520,80
-1,0
72925,17
27618,1391
116149,78
24861,392
388844,187
388721,394
3736,1435
26006,555
58259,1952
