55391,2372,642074801
12555,99,46910193
10817,99,37171371
48200,99,60388069
27517,99,91238172
41941,99,76723735
70105,99,13350128
21058,99,50748291
41216,99,21139375
75828,99,14857653
60964,99,13927181
192238,99,13034555
438838,98,12965912
45225,99,14825658
49482,99,13453186
210168,98,11914982
31743,99,14398550
137789,97,11362012
91617,99,13961118
20201,99,31085640
61287,99,21778111
106745,99,13041542
34564,99,17053269
17212,99,13697483
68469,99,13048615
-1,0
-1,0
-1,0
-1,0
-1,0
-1,0
-1,0
4265,4366
12430,600
9295,752
7662,1043
2862,1216
1629,546
13268,209
13275,3626
-1,2304
81725,1261
178502,239
117967,24226
1680,1351
5445,2205
33712,1885
15003,232
112400,482
1781,3563
5287,1811
71350,750
40802,46
83849,236
3735,1878
35701,1728
84429,290
-1,2
68913,98
7713,592
111342,189
50933,195
4076,675
47463,654
20864,1302
39724,748
2808,205
-1,0
28368,995
51451,835
90803,535
49447,514
57906,134
41688,354
24101,1216
23161,4784
32112,594
10909,909
13857,444
10254,188
43635,39
10341,21
91248,213
51583,59
-1,0
12692,85
12839,734
19824,1228
9269,680
21129,711
6236,996
25433,73
-1,0
2405,2691
35804,464
114572,37
36840,679
37989,215
19741,788
29622,501
91458,15
89982,32
-1,0
5470,4296
29415,152
96988,80
-1,0
72718,17
26915,1391
115380,78
24750,392
386604,187
386536,394
3532,1435
25695,555
57967,1952
