944801,1811,49833548
-1,70,760904
-1,64,438129
-1,76,1384399
-1,72,987807
-1,74,1100838
1996656,56,197418
1740759,79,1909881
808192,86,3732290
315262,97,10790659
434215,92,6531992
501213,87,3996139
892849,85,3268725
-1,59,249726
959944,74,1101428
956076,77,1537267
1227082,68,655275
734543,76,1471646
459543,85,3368737
1172810,74,1142760
901653,80,2136463
734491,69,717456
1216389,70,766699
1153202,70,758862
321114,71,828048
-1,0
-1,0
-1,0
-1,0
-1,0
-1,0
-1,0
1262582,17
933771,5
976327,5
1074785,5
1244034,2
-1,0
-1,0
-1,0
-1,2475
147200,548
475702,99
-1,0
-1,141
-1,0
-1,0
-1,0
-1,0
-1,0
-1,0
-1,0
-1,0
-1,0
-1,0
-1,0
-1,0
-1,0
-1,0
-1,0
-1,0
-1,0
-1,0
-1,0
755455,5
-1,0
-1,0
-1,0
-1,0
-1,0
-1,0
-1,0
591936,18
-1,0
-1,0
-1,0
-1,0
-1,0
-1,0
-1,0
-1,0
-1,0
-1,0
-1,0
-1,0
-1,0
-1,0
-1,0
-1,0
613010,7
-1,0
-1,0
-1,0
-1,0
-1,0
-1,0
-1,0
-1,0
-1,0
-1,0
-1,0
-1,0
-1,0
-1,0
-1,0
-1,0
-1,0
-1,0
-1,0
-1,0
-1,0
-1,0
787409,148
-1,0
-1,0
-1,0
