941870,1811,49832013
-1,70,760904
-1,64,438129
-1,76,1384399
-1,72,987807
-1,74,1100838
1993136,56,197418
1737311,79,1909846
806439,86,3732290
314163,97,10789159
433368,92,6531992
499798,87,3996139
890869,85,3268725
-1,59,249726
957320,74,1101428
953347,77,1537267
1224254,68,655275
732749,76,1471646
458288,85,3368737
1170376,74,1142760
899555,80,2136463
732548,69,717456
1213481,70,766699
1150423,70,758862
317911,71,828048
-1,0
-1,0
-1,0
-1,0
-1,0
-1,0
-1,0
1260210,17
931353,5
974690,5
1072894,5
1242068,2
-1,0
-1,0
-1,0
-1,2475
146913,548
473667,99
-1,0
-1,141
-1,0
-1,0
-1,0
-1,0
-1,0
-1,0
-1,0
-1,0
-1,0
-1,0
-1,0
-1,0
-1,0
-1,0
-1,0
-1,0
-1,0
-1,0
-1,0
753649,5
-1,0
-1,0
-1,0
-1,0
-1,0
-1,0
-1,0
590537,18
-1,0
-1,0
-1,0
-1,0
-1,0
-1,0
-1,0
-1,0
-1,0
-1,0
-1,0
-1,0
-1,0
-1,0
-1,0
-1,0
610633,7
-1,0
-1,0
-1,0
-1,0
-1,0
-1,0
-1,0
-1,0
-1,0
-1,0
-1,0
-1,0
-1,0
-1,0
-1,0
-1,0
-1,0
-1,0
-1,0
-1,0
-1,0
-1,0
786105,148
-1,0
-1,0
-1,0
