931764,1811,49800806
-1,70,760904
-1,64,438129
-1,76,1384399
-1,72,987807
-1,74,1100838
1982928,56,197240
1728738,79,1909846
800283,86,3732290
310501,97,10779534
430497,92,6531992
494970,87,3996139
884393,85,3268725
-1,59,249686
948880,74,1101428
944233,77,1537267
1217363,68,646212
726307,76,1471646
453911,85,3368737
1161963,74,1142760
892499,80,2136463
726083,69,717456
1225207,70,754398
1141402,70,758862
306158,71,828048
-1,0
-1,0
-1,0
-1,0
-1,0
-1,0
-1,0
1251563,17
923112,5
968609,5
1066160,5
1235112,2
-1,0
-1,0
-1,0
-1,2475
146333,548
467161,99
-1,0
-1,141
-1,0
-1,0
-1,0
-1,0
-1,0
-1,0
-1,0
-1,0
-1,0
-1,0
-1,0
-1,0
-1,0
-1,0
-1,0
-1,0
-1,0
-1,0
-1,0
747265,5
-1,0
-1,0
-1,0
-1,0
-1,0
-1,0
-1,0
585652,18
-1,0
-1,0
-1,0
-1,0
-1,0
-1,0
-1,0
-1,0
-1,0
-1,0
-1,0
-1,0
-1,0
-1,0
-1,0
-1,0
601986,7
-1,0
-1,0
-1,0
-1,0
-1,0
-1,0
-1,0
-1,0
-1,0
-1,0
-1,0
-1,0
-1,0
-1,0
-1,0
-1,0
-1,0
-1,0
-1,0
-1,0
-1,0
-1,0
781843,148
-1,0
-1,0
-1,0
