942545,1811,49833548
-1,70,760904
-1,64,438129
-1,76,1384399
-1,72,987807
-1,74,1100838
1993873,56,197418
1738025,79,1909881
806862,86,3732290
314389,97,10790659
433577,92,6531992
500122,87,3996139
891294,85,3268725
-1,59,249726
957871,74,1101428
954036,77,1537267
1224903,68,655275
733129,76,1471646
458564,85,3368737
1170953,74,1142760
900020,80,2136463
732981,69,717456
1214157,70,766699
1151044,70,758862
318706,71,828048
-1,0
-1,0
-1,0
-1,0
-1,0
-1,0
-1,0
1260779,17
931900,5
975099,5
1073350,5
1242528,2
-1,0
-1,0
-1,0
-1,2475
146985,548
474096,99
-1,0
-1,141
-1,0
-1,0
-1,0
-1,0
-1,0
-1,0
-1,0
-1,0
-1,0
-1,0
-1,0
-1,0
-1,0
-1,0
-1,0
-1,0
-1,0
-1,0
-1,0
754082,5
-1,0
-1,0
-1,0
-1,0
-1,0
-1,0
-1,0
590864,18
-1,0
-1,0
-1,0
-1,0
-1,0
-1,0
-1,0
-1,0
-1,0
-1,0
-1,0
-1,0
-1,0
-1,0
-1,0
-1,0
611199,7
-1,0
-1,0
-1,0
-1,0
-1,0
-1,0
-1,0
-1,0
-1,0
-1,0
-1,0
-1,0
-1,0
-1,0
-1,0
-1,0
-1,0
-1,0
-1,0
-1,0
-1,0
-1,0
786400,148
-1,0
-1,0
-1,0
