935732,1811,49800806
-1,70,760904
-1,64,438129
-1,76,1384399
-1,72,987807
-1,74,1100838
1987946,56,197240
1733151,79,1909846
802708,86,3732290
311841,97,10779534
431577,92,6531992
496839,87,3996139
887126,85,3268725
-1,59,249686
952304,74,1101428
947900,77,1537267
1221152,68,646212
729133,76,1471646
455556,85,3368737
1165321,74,1142760
895233,80,2136463
728673,69,717456
1229211,70,754398
1145082,70,758862
310655,71,828048
-1,0
-1,0
-1,0
-1,0
-1,0
-1,0
-1,0
1254988,17
926432,5
971018,5
1068859,5
1237845,2
-1,0
-1,0
-1,0
-1,2475
146622,548
469815,99
-1,0
-1,141
-1,0
-1,0
-1,0
-1,0
-1,0
-1,0
-1,0
-1,0
-1,0
-1,0
-1,0
-1,0
-1,0
-1,0
-1,0
-1,0
-1,0
-1,0
-1,0
749823,5
-1,0
-1,0
-1,0
-1,0
-1,0
-1,0
-1,0
587429,18
-1,0
-1,0
-1,0
-1,0
-1,0
-1,0
-1,0
-1,0
-1,0
-1,0
-1,0
-1,0
-1,0
-1,0
-1,0
-1,0
605510,7
-1,0
-1,0
-1,0
-1,0
-1,0
-1,0
-1,0
-1,0
-1,0
-1,0
-1,0
-1,0
-1,0
-1,0
-1,0
-1,0
-1,0
-1,0
-1,0
-1,0
-1,0
-1,0
783686,148
-1,0
-1,0
-1,0
