934145,1808,49542462
-1,70,760904
-1,64,438129
-1,76,1384399
-1,72,987807
-1,74,1100838
1977468,56,197240
1737101,79,1863176
797623,86,3732290
308966,97,10775534
429210,92,6531992
492818,87,3996139
881450,85,3268725
-1,59,249686
945066,74,1101428
940122,77,1537267
1217645,68,627406
723184,76,1471646
452120,85,3368737
1158242,74,1142760
889273,80,2136463
723131,69,717456
1220813,70,754398
1137340,70,758862
326406,68,639180
-1,0
-1,0
-1,0
-1,0
-1,0
-1,0
-1,0
1247886,17
919599,5
965978,5
1063237,5
1232119,2
-1,0
-1,0
-1,0
-1,2475
146008,548
464159,99
-1,0
-1,141
-1,0
-1,0
-1,0
-1,0
-1,0
-1,0
-1,0
-1,0
-1,0
-1,0
-1,0
-1,0
-1,0
-1,0
-1,0
-1,0
-1,0
-1,0
-1,0
744527,5
-1,0
-1,0
-1,0
-1,0
-1,0
-1,0
-1,0
583602,18
-1,0
-1,0
-1,0
-1,0
-1,0
-1,0
-1,0
-1,0
-1,0
-1,0
-1,0
-1,0
-1,0
-1,0
-1,0
-1,0
597868,7
-1,0
-1,0
-1,0
-1,0
-1,0
-1,0
-1,0
-1,0
-1,0
-1,0
-1,0
-1,0
-1,0
-1,0
-1,0
-1,0
-1,0
-1,0
-1,0
-1,0
-1,0
-1,0
779749,148
-1,0
-1,0
-1,0
