938230,1806,49374379
-1,70,760904
-1,64,438129
-1,76,1384399
-1,72,987807
-1,74,1100838
1976935,56,197240
1746319,79,1832106
797352,86,3732290
308811,97,10775534
429085,92,6531992
492574,87,3996139
881141,85,3268725
-1,59,249686
944698,74,1101428
939653,77,1537267
1217238,68,627406
722872,76,1471646
451939,85,3368737
1157856,74,1142760
888973,80,2136463
722838,69,717456
1220366,70,754398
1136913,70,758862
351732,66,502167
-1,0
-1,0
-1,0
-1,0
-1,0
-1,0
-1,0
1247514,17
919253,5
965709,5
1062942,5
1231841,2
-1,0
-1,0
-1,0
-1,2475
145971,548
463837,99
-1,0
-1,141
-1,0
-1,0
-1,0
-1,0
-1,0
-1,0
-1,0
-1,0
-1,0
-1,0
-1,0
-1,0
-1,0
-1,0
-1,0
-1,0
-1,0
-1,0
-1,0
744258,5
-1,0
-1,0
-1,0
-1,0
-1,0
-1,0
-1,0
583388,18
-1,0
-1,0
-1,0
-1,0
-1,0
-1,0
-1,0
-1,0
-1,0
-1,0
-1,0
-1,0
-1,0
-1,0
-1,0
-1,0
597576,7
-1,0
-1,0
-1,0
-1,0
-1,0
-1,0
-1,0
-1,0
-1,0
-1,0
-1,0
-1,0
-1,0
-1,0
-1,0
-1,0
-1,0
-1,0
-1,0
-1,0
-1,0
-1,0
779568,148
-1,0
-1,0
-1,0
