928238,1811,49800806
-1,70,760904
-1,64,438129
-1,76,1384399
-1,72,987807
-1,74,1100838
1978777,56,197240
1725216,79,1909846
798199,86,3732290
309246,97,10779534
429484,92,6531992
493305,87,3996139
882085,85,3268725
-1,59,249686
945875,74,1101428
941079,77,1537267
1214095,68,646212
723814,76,1471646
452494,85,3368737
1159028,74,1142760
890031,80,2136463
723799,69,717456
1221836,70,754398
1138232,70,758862
302108,71,828048
-1,0
-1,0
-1,0
-1,0
-1,0
-1,0
-1,0
1248669,17
920341,5
966518,5
1063816,5
1232751,2
-1,0
-1,0
-1,0
-1,2475
146076,548
464842,99
-1,0
-1,141
-1,0
-1,0
-1,0
-1,0
-1,0
-1,0
-1,0
-1,0
-1,0
-1,0
-1,0
-1,0
-1,0
-1,0
-1,0
-1,0
-1,0
-1,0
-1,0
745090,5
-1,0
-1,0
-1,0
-1,0
-1,0
-1,0
-1,0
584057,18
-1,0
-1,0
-1,0
-1,0
-1,0
-1,0
-1,0
-1,0
-1,0
-1,0
-1,0
-1,0
-1,0
-1,0
-1,0
-1,0
598686,7
-1,0
-1,0
-1,0
-1,0
-1,0
-1,0
-1,0
-1,0
-1,0
-1,0
-1,0
-1,0
-1,0
-1,0
-1,0
-1,0
-1,0
-1,0
-1,0
-1,0
-1,0
-1,0
780231,148
-1,0
-1,0
-1,0
