330498,2122,146240800
687714,93,7841901
757494,90,5444715
612403,99,13346801
871413,97,10705278
1139580,90,5401449
566956,82,2437956
453722,99,13702725
220812,99,13336389
588119,86,3812418
106905,99,13358726
767544,81,2240184
626833,90,5511979
504433,86,3783710
201034,92,7147683
360354,91,6348637
510907,83,2773964
161376,94,8059795
433206,86,3721510
736028,85,3462160
748975,85,3374616
228657,88,4459073
349454,86,3823615
823657,79,1805915
468611,62,339601
-1,0
-1,0
-1,0
-1,0
-1,0
-1,0
-1,0
572898,107
381743,18
350637,24
606621,19
544592,39
555611,4
351100,3
515623,500
-1,2500
129228,680
553780,73
-1,0
-1,279
-1,0
-1,0
-1,0
-1,0
-1,0
912820,33
-1,0
-1,0
-1,0
-1,0
-1,0
385380,5
-1,0
-1,0
-1,0
-1,1
-1,0
-1,0
482472,10
629572,28
453478,14
-1,0
-1,0
-1,1
-1,1
605278,11
185064,141
689078,12
-1,1
733636,12
-1,0
-1,1
-1,1
-1,4
-1,0
-1,0
-1,0
-1,0
76743,31
-1,0
-1,0
-1,0
462394,14
-1,0
433508,20
-1,0
-1,3
-1,0
-1,0
552994,56
-1,0
-1,0
-1,0
-1,1
-1,0
-1,1
-1,0
-1,0
-1,0
-1,2
-1,0
-1,0
-1,1
-1,1
-1,0
-1,0
800118,10
534317,255
-1,0
58413,295
-1,1
