314963,2122,146240800
668944,93,7841901
738776,90,5444715
593462,99,13346801
849635,97,10705278
1118334,90,5401449
554012,82,2437956
439808,99,13702725
214483,99,13336389
571879,86,3812418
103890,99,13358726
750576,81,2240184
614015,90,5511979
489622,86,3783710
195852,92,7147683
347844,91,6348637
498184,83,2773964
157034,94,8059795
422746,86,3721510
717749,85,3462160
732746,85,3374616
221243,88,4459073
339068,86,3823615
805536,79,1805915
382064,62,339601
-1,0
-1,0
-1,0
-1,0
-1,0
-1,0
-1,0
560831,107
369846,18
341528,24
593942,19
535059,39
544883,4
344264,3
511823,500
-1,2500
127594,680
534593,73
-1,0
-1,279
-1,0
-1,0
-1,0
-1,0
-1,0
895515,33
-1,0
-1,0
-1,0
-1,0
-1,0
377410,5
-1,0
-1,0
-1,0
-1,1
-1,0
-1,0
474190,10
616063,28
445949,14
-1,0
-1,0
-1,1
-1,1
586433,11
174182,141
674533,12
-1,1
723816,12
-1,0
-1,1
-1,1
-1,4
-1,0
-1,0
-1,0
-1,0
73836,31
-1,0
-1,0
-1,0
443405,14
-1,0
418283,20
-1,0
-1,3
-1,0
-1,0
534840,56
-1,0
-1,0
-1,0
-1,1
-1,0
-1,1
-1,0
-1,0
-1,0
-1,2
-1,0
-1,0
-1,1
-1,1
-1,0
-1,0
782723,10
526108,255
-1,0
56685,295
-1,1
