320980,2122,146240800
676334,93,7841901
746182,90,5444715
600858,99,13346801
858252,97,10705278
1126284,90,5401449
558577,82,2437956
445184,99,13702725
216779,99,13336389
577312,86,3812418
104902,99,13358726
756703,81,2240184
618575,90,5511979
495784,86,3783710
197761,92,7147683
352221,91,6348637
502690,83,2773964
158561,94,8059795
426368,86,3721510
724893,85,3462160
738299,85,3374616
223646,88,4459073
343012,86,3823615
811900,79,1805915
427671,62,339601
-1,0
-1,0
-1,0
-1,0
-1,0
-1,0
-1,0
565064,107
373955,18
344739,24
598286,19
538339,39
548612,4
346600,3
513416,500
-1,2500
128127,680
541322,73
-1,0
-1,279
-1,0
-1,0
-1,0
-1,0
-1,0
901111,33
-1,0
-1,0
-1,0
-1,0
-1,0
380596,5
-1,0
-1,0
-1,0
-1,1
-1,0
-1,0
476846,10
620552,28
448357,14
-1,0
-1,0
-1,1
-1,1
593123,11
178776,141
679557,12
-1,1
726955,12
-1,0
-1,1
-1,1
-1,4
-1,0
-1,0
-1,0
-1,0
74932,31
-1,0
-1,0
-1,0
449693,14
-1,0
423870,20
-1,0
-1,3
-1,0
-1,0
541634,56
-1,0
-1,0
-1,0
-1,1
-1,0
-1,1
-1,0
-1,0
-1,0
-1,2
-1,0
-1,0
-1,1
-1,1
-1,0
-1,0
788445,10
529107,255
-1,0
57353,295
-1,1
