654589,1932,66738640
964627,87,3981184
955480,85,3291029
1261776,90,5415119
1149823,91,6483583
1119955,90,5409865
1418611,70,751907
1287653,86,3616693
659590,90,5614147
884689,80,1995718
1220940,72,985744
467089,87,4290846
1528752,73,1051695
507605,86,3631569
908908,74,1150572
590210,84,3163092
880739,72,984189
1166145,72,913702
587926,81,2195638
1257379,72,907458
757249,84,3166722
768827,68,612231
530259,81,2299284
987051,71,854967
181367,86,3971686
-1,0
-1,0
-1,0
-1,0
-1,0
-1,0
-1,0
709166,69
1213118,3
1449680,2
636767,17
513215,43
556769,4
-1,0
194838,634
-1,2500
-1,0
559528,68
-1,0
-1,227
-1,0
-1,0
231047,21
-1,0
-1,0
349811,200
-1,0
-1,0
-1,0
-1,0
-1,0
-1,0
-1,0
-1,0
-1,1
-1,0
-1,0
220371,41
-1,2
434086,93
-1,2
259383,25
-1,0
-1,0
-1,0
-1,0
-1,0
524960,22
-1,0
-1,1
-1,0
-1,0
-1,0
98042,235
-1,0
-1,0
-1,0
-1,0
-1,0
-1,0
-1,0
-1,0
388500,25
-1,0
228546,64
-1,0
-1,1
-1,0
-1,0
835802,23
-1,4
-1,4
168705,46
-1,0
227355,110
-1,0
-1,0
-1,0
-1,0
362288,5
-1,0
-1,0
-1,1
-1,0
-1,0
-1,0
648825,50
1451378,37
-1,0
240276,38
-1,0
