670689,1932,66738640
980976,87,3981184
970670,85,3291029
1281926,90,5415119
1168239,91,6483583
1135692,90,5409865
1437278,70,751907
1304489,86,3616693
669051,90,5614147
898985,80,1995718
1236452,72,985744
475624,87,4290846
1549884,73,1051695
517491,86,3631569
924376,74,1150572
602161,84,3163092
895242,72,984189
1184446,72,913702
598119,81,2195638
1274473,72,907458
769062,84,3166722
781711,68,612231
539878,81,2299284
1003282,71,854967
193040,86,3971686
-1,0
-1,0
-1,0
-1,0
-1,0
-1,0
-1,0
718798,69
1230786,3
1463670,2
645811,17
519441,43
564084,4
-1,0
195992,634
-1,2500
-1,0
573219,68
-1,0
-1,227
-1,0
-1,0
241637,21
-1,0
-1,0
354467,200
-1,0
-1,0
-1,0
-1,0
-1,0
-1,0
-1,0
-1,0
-1,1
-1,0
-1,0
223239,41
-1,2
440389,93
-1,2
263592,25
-1,0
-1,0
-1,0
-1,0
-1,0
532866,22
-1,0
-1,1
-1,0
-1,0
-1,0
103523,235
-1,0
-1,0
-1,0
-1,0
-1,0
-1,0
-1,0
-1,0
399376,25
-1,0
233245,64
-1,0
-1,1
-1,0
-1,0
854265,23
-1,4
-1,4
176674,46
-1,0
239489,110
-1,0
-1,0
-1,0
-1,0
371052,5
-1,0
-1,0
-1,1
-1,0
-1,0
-1,0
657152,50
1467926,37
-1,0
244684,38
-1,0
