672844,1932,66738640
982536,87,3981184
972016,85,3291029
1283652,90,5415119
1169739,91,6483583
1137071,90,5409865
1438916,70,751907
1305659,86,3616693
670382,90,5614147
901003,80,1995718
1238415,72,985744
476672,87,4290846
1552160,73,1051695
518852,86,3631569
926241,74,1150572
603563,84,3163092
897037,72,984189
1186270,72,913702
599458,81,2195638
1276556,72,907458
770645,84,3166722
783243,68,612231
540943,81,2299284
1005248,71,854967
194674,86,3971686
-1,0
-1,0
-1,0
-1,0
-1,0
-1,0
-1,0
720189,69
1233147,3
1465416,2
647063,17
520283,43
565093,4
-1,0
195914,634
-1,2500
-1,0
575009,68
-1,0
-1,227
-1,0
-1,0
243221,21
-1,0
-1,0
355155,200
-1,0
-1,0
-1,0
-1,0
-1,0
-1,0
-1,0
-1,0
-1,1
-1,0
-1,0
223671,41
-1,2
441339,93
-1,2
264250,25
-1,0
-1,0
-1,0
-1,0
-1,0
534020,22
-1,0
-1,1
-1,0
-1,0
-1,0
104414,235
-1,0
-1,0
-1,0
-1,0
-1,0
-1,0
-1,0
-1,0
401110,25
-1,0
233810,64
-1,0
-1,1
-1,0
-1,0
856579,23
-1,4
-1,4
177749,46
-1,0
241355,110
-1,0
-1,0
-1,0
-1,0
372237,5
-1,0
-1,0
-1,1
-1,0
-1,0
-1,0
658190,50
1469545,37
-1,0
245301,38
-1,0
