654796,1932,66738640
965496,87,3981184
956385,85,3291029
1263220,90,5415119
1151265,91,6483583
1121421,90,5409865
1420707,70,751907
1289246,86,3616693
660111,90,5614147
885001,80,1995718
1222008,72,985744
467124,87,4290846
1529968,73,1051695
507796,86,3631569
909431,74,1150572
590219,84,3163092
881467,72,984189
1167269,72,913702
588195,81,2195638
1258791,72,907458
757861,84,3166722
769299,68,612231
530356,81,2299284
988336,71,854967
181010,86,3971686
-1,0
-1,0
-1,0
-1,0
-1,0
-1,0
-1,0
709415,69
1213102,3
1450194,2
636943,17
513452,43
557099,4
-1,0
195097,634
-1,2500
-1,0
559726,68
-1,0
-1,227
-1,0
-1,0
230903,21
-1,0
-1,0
349933,200
-1,0
-1,0
-1,0
-1,0
-1,0
-1,0
-1,0
-1,0
-1,1
-1,0
-1,0
220498,41
-1,2
434321,93
-1,2
259413,25
-1,0
-1,0
-1,0
-1,0
-1,0
525109,22
-1,0
-1,1
-1,0
-1,0
-1,0
97822,235
-1,0
-1,0
-1,0
-1,0
-1,0
-1,0
-1,0
-1,0
388690,25
-1,0
228687,64
-1,0
-1,1
-1,0
-1,0
836004,23
-1,4
-1,4
168697,46
-1,0
227170,110
-1,0
-1,0
-1,0
-1,0
362549,5
-1,0
-1,0
-1,1
-1,0
-1,0
-1,0
649704,50
1452426,37
-1,0
240398,38
-1,0
