673394,1932,66738640
983133,87,3981184
972567,85,3291029
1284465,90,5415119
1170381,91,6483583
1137636,90,5409865
1439497,70,751907
1306217,86,3616693
670705,90,5614147
901562,80,1995718
1238972,72,985744
477016,87,4290846
1552891,73,1051695
519175,86,3631569
926751,74,1150572
604126,84,3163092
897489,72,984189
1186904,72,913702
599817,81,2195638
1277098,72,907458
771069,84,3166722
783647,68,612231
541279,81,2299284
1005770,71,854967
195185,86,3971686
-1,0
-1,0
-1,0
-1,0
-1,0
-1,0
-1,0
720525,69
1233794,3
1465882,2
647390,17
520550,43
565361,4
-1,0
195920,634
-1,2500
-1,0
575514,68
-1,0
-1,227
-1,0
-1,0
243575,21
-1,0
-1,0
355352,200
-1,0
-1,0
-1,0
-1,0
-1,0
-1,0
-1,0
-1,0
-1,1
-1,0
-1,0
223788,41
-1,2
441571,93
-1,2
264440,25
-1,0
-1,0
-1,0
-1,0
-1,0
534345,22
-1,0
-1,1
-1,0
-1,0
-1,0
104649,235
-1,0
-1,0
-1,0
-1,0
-1,0
-1,0
-1,0
-1,0
401525,25
-1,0
233964,64
-1,0
-1,1
-1,0
-1,0
857219,23
-1,4
-1,4
178013,46
-1,0
241782,110
-1,0
-1,0
-1,0
-1,0
372547,5
-1,0
-1,0
-1,1
-1,0
-1,0
-1,0
658476,50
1470112,37
-1,0
245468,38
-1,0
