662813,1932,66738640
973081,87,3981184
963627,85,3291029
1272585,90,5415119
1159828,91,6483583
1128531,90,5409865
1428835,70,751907
1297334,86,3616693
664385,90,5614147
891851,80,1995718
1228869,72,985744
471240,87,4290846
1539911,73,1051695
512607,86,3631569
916942,74,1150572
595919,84,3163092
888357,72,984189
1175923,72,913702
592952,81,2195638
1266370,72,907458
763210,84,3166722
775564,68,612231
535222,81,2299284
995752,71,854967
186898,86,3971686
-1,0
-1,0
-1,0
-1,0
-1,0
-1,0
-1,0
713864,69
1221781,3
1456761,2
641169,17
516245,43
560434,4
-1,0
195571,634
-1,2500
-1,0
566485,68
-1,0
-1,227
-1,0
-1,0
235912,21
-1,0
-1,0
351879,200
-1,0
-1,0
-1,0
-1,0
-1,0
-1,0
-1,0
-1,0
-1,1
-1,0
-1,0
221731,41
-1,2
437116,93
-1,2
261400,25
-1,0
-1,0
-1,0
-1,0
-1,0
528755,22
-1,0
-1,1
-1,0
-1,0
-1,0
100559,235
-1,0
-1,0
-1,0
-1,0
-1,0
-1,0
-1,0
-1,0
393772,25
-1,0
230917,64
-1,0
-1,1
-1,0
-1,0
845206,23
-1,4
-1,4
172029,46
-1,0
232850,110
-1,0
-1,0
-1,0
-1,0
366553,5
-1,0
-1,0
-1,1
-1,0
-1,0
-1,0
653154,50
1460208,37
-1,0
242446,38
-1,0
