1349256,1612,21858079
1787972,75,1211612
1636819,75,1210605
-1,75,1210720
1993713,78,1680690
-1,75,1210499
-1,55,174204
-1,75,1210926
1512528,71,867296
1408967,72,972987
1390094,70,773300
1609213,68,612794
1807568,68,634904
1974787,61,315766
1506765,68,639866
873402,79,1801392
1208518,69,714070
1308873,71,822723
1115438,72,907602
-1,54,157274
770250,84,3155718
1186433,59,270262
1347148,67,563657
1194723,70,739212
-1,1,0
-1,-1
-1,-1
-1,-1
-1,-1
-1,-1
-1,-1
-1,-1
1852325,5
1617682,2
1490526,2
-1,-1
1415186,1
-1,-1
-1,-1
-1,-1
-1,-1
-1,-1
776796,35
-1,-1
-1,-1
-1,-1
-1,-1
-1,-1
-1,-1
-1,-1
-1,-1
-1,0
-1,-1
-1,-1
-1,-1
-1,-1
-1,-1
-1,-1
-1,-1
-1,-1
-1,-1
-1,-1
-1,-1
-1,-1
-1,-1
-1,-1
-1,-1
-1,-1
-1,-1
-1,-1
-1,-1
-1,-1
-1,-1
-1,-1
-1,-1
-1,-1
-1,-1
-1,-1
-1,-1
-1,0
-1,0
-1,-1
-1,-1
-1,-1
-1,-1
-1,-1
-1,-1
-1,-1
-1,-1
-1,-1
-1,-1
-1,-1
-1,-1
-1,-1
-1,-1
-1,-1
-1,-1
-1,-1
-1,-1
-1,-1
-1,-1
-1,-1
-1,-1
-1,-1
-1,-1
-1,-1
-1,-1
-1,-1
-1,-1
-1,-1
-1,-1
-1,-1
1486000,35
-1,-1
-1,-1
-1,-1
