1335517,1612,21858079
1774007,75,1211612
1623974,75,1210605
-1,75,1210720
1980014,78,1680690
-1,75,1210499
-1,55,174204
-1,75,1210926
1498933,71,867296
1394434,72,972987
1378628,70,773300
1597091,68,612794
1792628,68,634904
1961049,61,315766
1493484,68,639866
862719,79,1801392
1197290,69,714070
1296615,71,822723
1102963,72,907602
-1,54,157274
762223,84,3155718
1174240,59,270262
1335424,67,563657
1183320,70,739212
-1,1,0
-1,-1
-1,-1
-1,-1
-1,-1
-1,-1
-1,-1
-1,-1
1837663,5
1604864,2
1481322,2
-1,-1
1405827,1
-1,-1
-1,-1
-1,-1
-1,-1
-1,-1
765231,35
-1,-1
-1,-1
-1,-1
-1,-1
-1,-1
-1,-1
-1,-1
-1,-1
-1,0
-1,-1
-1,-1
-1,-1
-1,-1
-1,-1
-1,-1
-1,-1
-1,-1
-1,-1
-1,-1
-1,-1
-1,-1
-1,-1
-1,-1
-1,-1
-1,-1
-1,-1
-1,-1
-1,-1
-1,-1
-1,-1
-1,-1
-1,-1
-1,-1
-1,-1
-1,-1
-1,-1
-1,0
-1,0
-1,-1
-1,-1
-1,-1
-1,-1
-1,-1
-1,-1
-1,-1
-1,-1
-1,-1
-1,-1
-1,-1
-1,-1
-1,-1
-1,-1
-1,-1
-1,-1
-1,-1
-1,-1
-1,-1
-1,-1
-1,-1
-1,-1
-1,-1
-1,-1
-1,-1
-1,-1
-1,-1
-1,-1
-1,-1
-1,-1
-1,-1
1475515,35
-1,-1
-1,-1
-1,-1
