1338262,1612,21858079
1777125,75,1211612
1626946,75,1210605
-1,75,1210720
1983489,78,1680690
-1,75,1210499
-1,55,174204
-1,75,1210926
1501721,71,867296
1397175,72,972987
1380827,70,773300
1599621,68,612794
1795852,68,634904
1964291,61,315766
1496562,68,639866
864699,79,1801392
1199706,69,714070
1299323,71,822723
1105555,72,907602
-1,54,157274
763747,84,3155718
1176792,59,270262
1337983,67,563657
1185676,70,739212
-1,1,0
-1,-1
-1,-1
-1,-1
-1,-1
-1,-1
-1,-1
-1,-1
1840529,5
1607196,2
1483052,2
-1,-1
1407572,1
-1,-1
-1,-1
-1,-1
-1,-1
-1,-1
767610,35
-1,-1
-1,-1
-1,-1
-1,-1
-1,-1
-1,-1
-1,-1
-1,-1
-1,0
-1,-1
-1,-1
-1,-1
-1,-1
-1,-1
-1,-1
-1,-1
-1,-1
-1,-1
-1,-1
-1,-1
-1,-1
-1,-1
-1,-1
-1,-1
-1,-1
-1,-1
-1,-1
-1,-1
-1,-1
-1,-1
-1,-1
-1,-1
-1,-1
-1,-1
-1,-1
-1,-1
-1,0
-1,0
-1,-1
-1,-1
-1,-1
-1,-1
-1,-1
-1,-1
-1,-1
-1,-1
-1,-1
-1,-1
-1,-1
-1,-1
-1,-1
-1,-1
-1,-1
-1,-1
-1,-1
-1,-1
-1,-1
-1,-1
-1,-1
-1,-1
-1,-1
-1,-1
-1,-1
-1,-1
-1,-1
-1,-1
-1,-1
-1,-1
-1,-1
1477803,35
-1,-1
-1,-1
-1,-1
