1349775,1612,21858079
1788456,75,1211612
1637299,75,1210605
-1,75,1210720
1994237,78,1680690
-1,75,1210499
-1,55,174204
-1,75,1210926
1512984,71,867296
1409462,72,972987
1390517,70,773300
1609633,68,612794
1808057,68,634904
1975363,61,315766
1507252,68,639866
873776,79,1801392
1208929,69,714070
1309413,71,822723
1115876,72,907602
-1,54,157274
770525,84,3155718
1186857,59,270262
1347597,67,563657
1195123,70,739212
-1,1,0
-1,-1
-1,-1
-1,-1
-1,-1
-1,-1
-1,-1
-1,-1
1852766,5
1618076,2
1490815,2
-1,-1
1415534,1
-1,-1
-1,-1
-1,-1
-1,-1
-1,-1
777196,35
-1,-1
-1,-1
-1,-1
-1,-1
-1,-1
-1,-1
-1,-1
-1,-1
-1,0
-1,-1
-1,-1
-1,-1
-1,-1
-1,-1
-1,-1
-1,-1
-1,-1
-1,-1
-1,-1
-1,-1
-1,-1
-1,-1
-1,-1
-1,-1
-1,-1
-1,-1
-1,-1
-1,-1
-1,-1
-1,-1
-1,-1
-1,-1
-1,-1
-1,-1
-1,-1
-1,-1
-1,0
-1,0
-1,-1
-1,-1
-1,-1
-1,-1
-1,-1
-1,-1
-1,-1
-1,-1
-1,-1
-1,-1
-1,-1
-1,-1
-1,-1
-1,-1
-1,-1
-1,-1
-1,-1
-1,-1
-1,-1
-1,-1
-1,-1
-1,-1
-1,-1
-1,-1
-1,-1
-1,-1
-1,-1
-1,-1
-1,-1
-1,-1
-1,-1
1486383,35
-1,-1
-1,-1
-1,-1
