1339844,1612,21858079
1778932,75,1211612
1628602,75,1210605
-1,75,1210720
1985357,78,1680690
-1,75,1210499
-1,55,174204
-1,75,1210926
1503223,71,867296
1398843,72,972987
1382047,70,773300
1601014,68,612794
1797564,68,634904
1965752,61,315766
1498168,68,639866
865986,79,1801392
1201054,69,714070
1300725,71,822723
1106924,72,907602
-1,54,157274
764594,84,3155718
1178176,59,270262
1339342,67,563657
1186936,70,739212
-1,1,0
-1,-1
-1,-1
-1,-1
-1,-1
-1,-1
-1,-1
-1,-1
1842035,5
1608522,2
1484042,2
-1,-1
1408542,1
-1,-1
-1,-1
-1,-1
-1,-1
-1,-1
768900,35
-1,-1
-1,-1
-1,-1
-1,-1
-1,-1
-1,-1
-1,-1
-1,-1
-1,0
-1,-1
-1,-1
-1,-1
-1,-1
-1,-1
-1,-1
-1,-1
-1,-1
-1,-1
-1,-1
-1,-1
-1,-1
-1,-1
-1,-1
-1,-1
-1,-1
-1,-1
-1,-1
-1,-1
-1,-1
-1,-1
-1,-1
-1,-1
-1,-1
-1,-1
-1,-1
-1,-1
-1,0
-1,0
-1,-1
-1,-1
-1,-1
-1,-1
-1,-1
-1,-1
-1,-1
-1,-1
-1,-1
-1,-1
-1,-1
-1,-1
-1,-1
-1,-1
-1,-1
-1,-1
-1,-1
-1,-1
-1,-1
-1,-1
-1,-1
-1,-1
-1,-1
-1,-1
-1,-1
-1,-1
-1,-1
-1,-1
-1,-1
-1,-1
-1,-1
1478976,35
-1,-1
-1,-1
-1,-1
