1320209,1612,21858079
1757098,75,1211612
1608921,75,1210605
-1,75,1210720
1962413,78,1680690
-1,75,1210499
-1,55,174204
-1,75,1210926
1484033,71,867296
1377787,72,972987
1367151,70,773300
1583573,68,612794
1775220,68,634904
1944295,61,315766
1478092,68,639866
850663,79,1801392
1184881,69,714070
1283231,71,822723
1089360,72,907602
1990347,54,157274
754051,84,3155718
1161119,59,270262
1321337,67,563657
1170337,70,739212
-1,1,0
-1,-1
-1,-1
-1,-1
-1,-1
-1,-1
-1,-1
-1,-1
1819867,5
1589245,2
1469404,2
-1,-1
1396677,1
-1,-1
-1,-1
-1,-1
-1,-1
-1,-1
752958,35
-1,-1
-1,-1
-1,-1
-1,-1
-1,-1
-1,-1
-1,-1
-1,-1
-1,0
-1,-1
-1,-1
-1,-1
-1,-1
-1,-1
-1,-1
-1,-1
-1,-1
-1,-1
-1,-1
-1,-1
-1,-1
-1,-1
-1,-1
-1,-1
-1,-1
-1,-1
-1,-1
-1,-1
-1,-1
-1,-1
-1,-1
-1,-1
-1,-1
-1,-1
-1,-1
-1,-1
-1,-1
-1,0
-1,-1
-1,-1
-1,-1
-1,-1
-1,-1
-1,-1
-1,-1
-1,-1
-1,-1
-1,-1
-1,-1
-1,-1
-1,-1
-1,-1
-1,-1
-1,-1
-1,-1
-1,-1
-1,-1
-1,-1
-1,-1
-1,-1
-1,-1
-1,-1
-1,-1
-1,-1
-1,-1
-1,-1
-1,-1
-1,-1
1462973,35
-1,-1
-1,-1
-1,-1
