1353176,1612,21858079
1792278,75,1211612
1640607,75,1210605
-1,75,1210720
1998232,78,1680690
-1,75,1210499
-1,55,174204
-1,75,1210926
1516371,71,867296
1412992,72,972987
1393448,70,773300
1612757,68,612794
1811894,68,634904
1979225,61,315766
1511029,68,639866
876667,79,1801392
1212000,69,714070
1312569,71,822723
1118861,72,907602
-1,54,157274
772450,84,3155718
1189941,59,270262
1350684,67,563657
1198167,70,739212
-1,1,0
-1,-1
-1,-1
-1,-1
-1,-1
-1,-1
-1,-1
-1,-1
1856178,5
1621211,2
1492974,2
-1,-1
1417778,1
-1,-1
-1,-1
-1,-1
-1,-1
-1,-1
780225,35
-1,-1
-1,-1
-1,-1
-1,-1
-1,-1
-1,-1
-1,-1
-1,-1
-1,0
-1,-1
-1,-1
-1,-1
-1,-1
-1,-1
-1,-1
-1,-1
-1,-1
-1,-1
-1,-1
-1,-1
-1,-1
-1,-1
-1,-1
-1,-1
-1,-1
-1,-1
-1,-1
-1,-1
-1,-1
-1,-1
-1,-1
-1,-1
-1,-1
-1,-1
-1,-1
-1,-1
-1,0
-1,0
-1,-1
-1,-1
-1,-1
-1,-1
-1,-1
-1,-1
-1,-1
-1,-1
-1,-1
-1,-1
-1,-1
-1,-1
-1,-1
-1,-1
-1,-1
-1,-1
-1,-1
-1,-1
-1,-1
-1,-1
-1,-1
-1,-1
-1,-1
-1,-1
-1,-1
-1,-1
-1,-1
-1,-1
-1,-1
-1,-1
-1,-1
1489104,35
-1,-1
-1,-1
-1,-1
