1351069,1612,21858079
1789833,75,1211612
1638539,75,1210605
-1,75,1210720
1995685,78,1680690
-1,75,1210499
-1,55,174204
-1,75,1210926
1514260,71,867296
1410879,72,972987
1391644,70,773300
1610889,68,612794
1809567,68,634904
1976934,61,315766
1508691,68,639866
874915,79,1801392
1210128,69,714070
1310640,71,822723
1117064,72,907602
-1,54,157274
771272,84,3155718
1188100,59,270262
1348792,67,563657
1196302,70,739212
-1,1,0
-1,-1
-1,-1
-1,-1
-1,-1
-1,-1
-1,-1
-1,-1
1854130,5
1619260,2
1491648,2
-1,-1
1416407,1
-1,-1
-1,-1
-1,-1
-1,-1
-1,-1
778442,35
-1,-1
-1,-1
-1,-1
-1,-1
-1,-1
-1,-1
-1,-1
-1,-1
-1,0
-1,-1
-1,-1
-1,-1
-1,-1
-1,-1
-1,-1
-1,-1
-1,-1
-1,-1
-1,-1
-1,-1
-1,-1
-1,-1
-1,-1
-1,-1
-1,-1
-1,-1
-1,-1
-1,-1
-1,-1
-1,-1
-1,-1
-1,-1
-1,-1
-1,-1
-1,-1
-1,-1
-1,0
-1,0
-1,-1
-1,-1
-1,-1
-1,-1
-1,-1
-1,-1
-1,-1
-1,-1
-1,-1
-1,-1
-1,-1
-1,-1
-1,-1
-1,-1
-1,-1
-1,-1
-1,-1
-1,-1
-1,-1
-1,-1
-1,-1
-1,-1
-1,-1
-1,-1
-1,-1
-1,-1
-1,-1
-1,-1
-1,-1
-1,-1
-1,-1
1487433,35
-1,-1
-1,-1
-1,-1
