1323055,1612,21858079
1760040,75,1211612
1611624,75,1210605
-1,75,1210720
1965609,78,1680690
-1,75,1210499
-1,55,174204
-1,75,1210926
1486652,71,867296
1380689,72,972987
1369150,70,773300
1585895,68,612794
1778328,68,634904
1947392,61,315766
1480825,68,639866
852792,79,1801392
1187163,69,714070
1285595,71,822723
1091905,72,907602
1993124,54,157274
755563,84,3155718
1163335,59,270262
1323880,67,563657
1172788,70,739212
-1,1,0
-1,-1
-1,-1
-1,-1
-1,-1
-1,-1
-1,-1
-1,-1
1823413,5
1592275,2
1472045,2
-1,-1
1398309,1
-1,-1
-1,-1
-1,-1
-1,-1
-1,-1
754943,35
-1,-1
-1,-1
-1,-1
-1,-1
-1,-1
-1,-1
-1,-1
-1,-1
-1,0
-1,-1
-1,-1
-1,-1
-1,-1
-1,-1
-1,-1
-1,-1
-1,-1
-1,-1
-1,-1
-1,-1
-1,-1
-1,-1
-1,-1
-1,-1
-1,-1
-1,-1
-1,-1
-1,-1
-1,-1
-1,-1
-1,-1
-1,-1
-1,-1
-1,-1
-1,-1
-1,-1
-1,0
-1,0
-1,-1
-1,-1
-1,-1
-1,-1
-1,-1
-1,-1
-1,-1
-1,-1
-1,-1
-1,-1
-1,-1
-1,-1
-1,-1
-1,-1
-1,-1
-1,-1
-1,-1
-1,-1
-1,-1
-1,-1
-1,-1
-1,-1
-1,-1
-1,-1
-1,-1
-1,-1
-1,-1
-1,-1
-1,-1
-1,-1
-1,-1
1465198,35
-1,-1
-1,-1
-1,-1
