1334992,1612,21858079
1773465,75,1211612
1623481,75,1210605
-1,75,1210720
1979420,78,1680690
-1,75,1210499
-1,55,174204
-1,75,1210926
1498405,71,867296
1393843,72,972987
1378201,70,773300
1596621,68,612794
1792030,68,634904
1960429,61,315766
1492920,68,639866
862315,79,1801392
1196892,69,714070
1296127,71,822723
1102490,72,907602
-1,54,157274
761961,84,3155718
1173819,59,270262
1334945,67,563657
1182912,70,739212
-1,1,0
-1,-1
-1,-1
-1,-1
-1,-1
-1,-1
-1,-1
-1,-1
1837162,5
1604364,2
1481015,2
-1,-1
1405518,1
-1,-1
-1,-1
-1,-1
-1,-1
-1,-1
764823,35
-1,-1
-1,-1
-1,-1
-1,-1
-1,-1
-1,-1
-1,-1
-1,-1
-1,0
-1,-1
-1,-1
-1,-1
-1,-1
-1,-1
-1,-1
-1,-1
-1,-1
-1,-1
-1,-1
-1,-1
-1,-1
-1,-1
-1,-1
-1,-1
-1,-1
-1,-1
-1,-1
-1,-1
-1,-1
-1,-1
-1,-1
-1,-1
-1,-1
-1,-1
-1,-1
-1,-1
-1,0
-1,0
-1,-1
-1,-1
-1,-1
-1,-1
-1,-1
-1,-1
-1,-1
-1,-1
-1,-1
-1,-1
-1,-1
-1,-1
-1,-1
-1,-1
-1,-1
-1,-1
-1,-1
-1,-1
-1,-1
-1,-1
-1,-1
-1,-1
-1,-1
-1,-1
-1,-1
-1,-1
-1,-1
-1,-1
-1,-1
-1,-1
-1,-1
1475089,35
-1,-1
-1,-1
-1,-1
