59926,2368,1146816711
1810,99,111968366
3636,99,56229118
3883,99,192802799
1576,99,200000000
3627,99,187428363
42753,99,13565420
3181,99,100097930
244267,99,13229085
42209,99,18552572
93394,99,13456118
206952,98,12455142
279912,99,13068777
42248,99,14917808
98502,99,13129296
148776,99,13153479
30656,99,14480243
139706,97,11099448
139999,99,13298358
1784,99,70520104
181000,99,14661029
146500,94,8753489
89973,99,13271546
19389,99,13643684
96380,99,13034537
-1,0
-1,0
-1,0
-1,0
-1,0
-1,0
141667,4
45606,1238
50445,194
68408,159
153276,136
56635,337
84780,69
5684,343
51463,1371
-1,1304
-1,0
96944,338
62578,35340
20914,871
3613,2622
10269,3266
45792,110
18512,1719
97368,86
169531,396
89792,612
1187,374
12668,1890
6210,1458
7823,3560
3811,1937
2861,734
118385,49
59955,117
12446,1203
614,6051
15944,354
804,5483
1332,5203
784,5554
143998,25
50612,20
36977,827
8664,2185
138131,314
13997,1196
425898,31
26045,517
33653,972
21351,4929
17829,892
20087,635
135976,186
-1,0
-1,0
5069,30
1270,8269
5966,588
26049,155
627,368
4573,1176
6689,2830
18002,394
19180,782
32889,352
689,276
-1,2
20034,765
179428,161
240314,16
160926,218
11981,441
58760,109
4431,971
11394,852
3724,1540
1968,579
163891,423
4574,302
36197,256
76845,1
16139,36
43481,973
5138,1921
3909,1410
93967,999
425232,343
4927,1309
9899,1051
30346,2931
