63522,2368,1146816711
1874,99,111968366
3780,99,56229118
4084,99,192802799
1576,99,200000000
3790,99,187428363
43885,99,13565420
3353,99,100097930
248939,99,13229085
43639,99,18552572
95393,99,13456118
210709,98,12455142
284132,99,13068777
43743,99,14917808
100189,99,13129296
152673,99,13153479
31723,99,14480243
142542,97,11099448
142182,99,13298358
1866,99,70520104
185070,99,14661029
150092,94,8753489
92324,99,13271546
20166,99,13643684
103766,99,13034537
-1,0
-1,0
-1,0
-1,0
-1,0
-1,0
141486,4
47056,1238
52469,194
70262,159
156247,136
58155,337
86758,69
5909,343
51629,1371
-1,1304
-1,0
100715,338
65367,35340
22338,871
3725,2622
10478,3266
47883,110
19482,1719
99558,86
171903,396
95412,612
1214,374
12620,1890
6426,1458
7921,3560
3826,1937
2996,734
119816,49
61003,117
12640,1203
621,6051
16353,354
814,5483
1352,5203
804,5554
149053,25
54343,20
39100,827
8735,2185
140168,314
14579,1196
432983,31
26258,517
33974,972
21523,4929
18023,892
20478,635
143709,186
-1,0
-1,0
5303,30
1316,8269
5982,588
29762,155
656,368
4740,1176
7022,2830
18278,394
19400,782
37076,352
736,276
-1,2
20721,765
183010,161
244491,16
167367,218
12773,441
62011,109
4711,971
12157,852
3794,1540
2048,579
165843,423
4622,302
37387,256
77393,1
16315,36
45674,973
5222,1921
3907,1410
94971,999
429665,343
5410,1309
10176,1051
30569,2931
