62592,2368,1146816711
1860,99,111968366
3748,99,56229118
4044,99,192802799
1576,99,200000000
3750,99,187428363
43641,99,13565420
3304,99,100097930
247782,99,13229085
43303,99,18552572
94885,99,13456118
209765,98,12455142
283048,99,13068777
43388,99,14917808
99718,99,13129296
151713,99,13153479
31408,99,14480243
141846,97,11099448
141614,99,13298358
1847,99,70520104
184023,99,14661029
149186,94,8753489
91778,99,13271546
19979,99,13643684
101873,99,13034537
-1,0
-1,0
-1,0
-1,0
-1,0
-1,0
141540,4
46643,1238
51931,194
69768,159
155529,136
57781,337
86278,69
5854,343
51603,1371
-1,1304
-1,0
99759,338
64646,35340
22030,871
3702,2622
10422,3266
47411,110
19266,1719
98979,86
171288,396
93974,612
1210,374
12437,1890
6367,1458
7896,3560
3821,1937
2960,734
119503,49
60748,117
12596,1203
618,6051
16254,354
811,5483
1345,5203
799,5554
147879,25
53417,20
38546,827
8724,2185
139705,314
14461,1196
431284,31
26202,517
33906,972
21479,4929
17973,892
20397,635
141796,186
-1,0
-1,0
5241,30
1300,8269
5977,588
28454,155
646,368
4702,1176
6938,2830
18208,394
19324,782
36170,352
724,276
-1,2
20549,765
182179,161
243500,16
165910,218
12576,441
61173,109
4634,971
11940,852
3769,1540
2032,579
165407,423
4612,302
37059,256
77258,1
16278,36
45078,973
5198,1921
3898,1410
94705,999
428470,343
5292,1309
10100,1051
30508,2931
