58697,2368,1146816711
1778,99,111968366
3578,99,56229118
3794,99,192802799
1577,99,200000000
3569,99,187428363
42347,99,13565420
3123,99,100097930
242611,99,13229085
41761,99,18552572
92802,99,13456118
205668,98,12455142
278436,99,13068777
41610,99,14917808
97850,99,13129296
147382,99,13153479
30283,99,14480243
138769,97,11099448
139151,99,13298358
1751,99,70520104
179610,99,14661029
145442,94,8753489
88865,99,13271546
19134,99,13643684
94016,99,13034537
-1,0
-1,0
-1,0
-1,0
-1,0
-1,0
141795,4
45132,1238
49785,194
67803,159
152343,136
56071,337
84115,69
5615,343
51352,1371
-1,1304
-1,0
95625,338
61689,35340
20484,871
3583,2622
10184,3266
45117,110
18175,1719
96662,86
168812,396
87589,612
1174,374
12486,1890
6129,1458
7792,3560
3787,1937
2794,734
117960,49
59660,117
12366,1203
611,6051
15819,354
801,5483
1332,5203
780,5554
142315,25
49349,20
36293,827
8633,2185
137452,314
13795,1196
423521,31
25987,517
33568,972
21302,4929
17782,892
19967,635
133440,186
-1,0
-1,0
4993,30
1251,8269
5959,588
24786,155
621,368
4532,1176
6581,2830
17907,394
19109,782
31057,352
680,276
-1,2
19815,765
177886,161
238729,16
158332,218
11797,441
57668,109
4363,971
11147,852
3698,1540
1951,579
163216,423
4552,302
35855,256
76667,1
16074,36
42735,973
5115,1921
3927,1410
93638,999
423725,343
4784,1309
9826,1051
30282,2931
