63349,2368,1146816711
1873,99,111968366
3774,99,56229118
4074,99,192802799
1576,99,200000000
3779,99,187428363
43850,99,13565420
3342,99,100097930
248717,99,13229085
43581,99,18552572
95295,99,13456118
210552,98,12455142
283923,99,13068777
43685,99,14917808
100097,99,13129296
152526,99,13153479
31673,99,14480243
142381,97,11099448
142074,99,13298358
1863,99,70520104
184852,99,14661029
149926,94,8753489
92223,99,13271546
20133,99,13643684
103447,99,13034537
-1,0
-1,0
-1,0
-1,0
-1,0
-1,0
141489,4
46976,1238
52367,194
70186,159
156101,136
58092,337
86676,69
5900,343
51626,1371
-1,1304
-1,0
100529,338
65211,35340
22288,871
3720,2622
10471,3266
47791,110
19431,1719
99468,86
171791,396
95115,612
1212,374
12597,1890
6414,1458
7914,3560
3825,1937
2987,734
119746,49
60962,117
12632,1203
621,6051
16334,354
813,5483
1351,5203
804,5554
148818,25
54162,20
38995,827
8734,2185
140080,314
14557,1196
432703,31
26244,517
33962,972
21516,4929
18011,892
20462,635
143346,186
-1,0
-1,0
5291,30
1312,8269
5979,588
29438,155
655,368
4729,1176
7004,2830
18262,394
19388,782
36915,352
733,276
-1,2
20693,765
182867,161
244305,16
167066,218
12726,441
61865,109
4693,971
12108,852
3791,1540
2043,579
165753,423
4619,302
37326,256
77366,1
16309,36
45562,973
5219,1921
3905,1410
94919,999
429444,343
5381,1309
10163,1051
30551,2931
