57910,2368,1146816711
1756,99,111968366
3553,99,56229118
3742,99,192802799
1578,99,200000000
3540,99,187428363
42070,99,13565420
3079,99,100097930
241627,99,13229085
41437,99,18552572
92427,99,13456118
204976,98,12455142
277594,99,13068777
41172,99,14917808
97430,99,13129296
146510,99,13153479
30055,99,14480243
138186,97,11099448
138720,99,13298358
1734,99,70520104
178797,99,14661029
144858,94,8753489
88336,99,13271546
18985,99,13643684
92510,99,13034537
-1,0
-1,0
-1,0
-1,0
-1,0
-1,0
141827,4
44853,1238
49436,194
67460,159
151827,136
55640,337
83699,69
5576,343
51283,1371
-1,1304
-1,0
94987,338
61161,35340
20205,871
3555,2622
10124,3266
44721,110
17972,1719
96202,86
168415,396
86035,612
1168,374
12393,1890
6086,1458
7775,3560
3781,1937
2786,734
117684,49
59473,117
12327,1203
611,6051
15763,354
799,5483
1330,5203
778,5554
141310,25
48566,20
35851,827
8618,2185
137065,314
13658,1196
422188,31
25942,517
33514,972
21263,4929
17745,892
19910,635
131852,186
-1,0
-1,0
4950,30
1241,8269
5950,588
24029,155
620,368
4499,1176
6534,2830
17848,394
19074,782
29623,352
674,276
-1,2
19677,765
176977,161
237732,16
156621,218
11680,441
56972,109
4310,971
10990,852
3690,1540
1943,579
162767,423
4545,302
35637,256
76549,1
16035,36
42317,973
5090,1921
3923,1410
93407,999
422727,343
4668,1309
9769,1051
30254,2931
