59431,2368,1146816711
1799,99,111968366
3607,99,56229118
3847,99,192802799
1576,99,200000000
3597,99,187428363
42603,99,13565420
3153,99,100097930
243565,99,13229085
42004,99,18552572
93125,99,13456118
206395,98,12455142
279293,99,13068777
42005,99,14917808
98211,99,13129296
148142,99,13153479
30494,99,14480243
139283,97,11099448
139643,99,13298358
1774,99,70520104
180407,99,14661029
145957,94,8753489
89314,99,13271546
19286,99,13643684
95475,99,13034537
-1,0
-1,0
-1,0
-1,0
-1,0
-1,0
141676,4
45415,1238
50152,194
68156,159
152875,136
56382,337
84485,69
5648,343
51386,1371
-1,1304
-1,0
96306,338
62190,35340
20732,871
3597,2622
10232,3266
45516,110
18375,1719
97084,86
169208,396
88900,612
1184,374
12583,1890
6175,1458
7814,3560
3803,1937
2839,734
118163,49
59823,117
12417,1203
615,6051
15900,354
804,5483
1331,5203
784,5554
143294,25
50126,20
36674,827
8652,2185
137804,314
13914,1196
424888,31
26009,517
33608,972
21330,4929
17804,892
20027,635
134883,186
-1,0
-1,0
5037,30
1259,8269
5962,588
25512,155
622,368
4555,1176
6651,2830
17967,394
19136,782
32215,352
684,276
-1,2
19941,765
178738,161
239622,16
159866,218
11914,441
58302,109
4401,971
11302,852
3711,1540
1960,579
163615,423
4564,302
36061,256
76749,1
16108,36
43192,973
5121,1921
3938,1410
93801,999
424518,343
4870,1309
9868,1051
30295,2931
