62824,2368,1146816711
1864,99,111968366
3753,99,56229118
4056,99,192802799
1576,99,200000000
3757,99,187428363
43699,99,13565420
3313,99,100097930
248039,99,13229085
43376,99,18552572
94997,99,13456118
209988,98,12455142
283303,99,13068777
43461,99,14917808
99809,99,13129296
151978,99,13153479
31485,99,14480243
141999,97,11099448
141733,99,13298358
1851,99,70520104
184259,99,14661029
149385,94,8753489
91904,99,13271546
20013,99,13643684
102315,99,13034537
-1,0
-1,0
-1,0
-1,0
-1,0
-1,0
141516,4
46732,1238
52053,194
69897,159
155696,136
57867,337
86370,69
5865,343
51601,1371
-1,1304
-1,0
99973,338
64802,35340
22097,871
3706,2622
10439,3266
47514,110
19326,1719
99150,86
171417,396
94287,612
1208,374
12477,1890
6374,1458
7903,3560
3824,1937
2970,734
119567,49
60820,117
12607,1203
619,6051
16281,354
812,5483
1345,5203
800,5554
148190,25
53619,20
38662,827
8725,2185
139799,314
14492,1196
431674,31
26218,517
33916,972
21484,4929
17980,892
20414,635
142239,186
-1,0
-1,0
5260,30
1304,8269
5977,588
28663,155
649,368
4707,1176
6956,2830
18222,394
19344,782
36390,352
729,276
-1,2
20590,765
182372,161
243725,16
166209,218
12610,441
61356,109
4651,971
11983,852
3775,1540
2033,579
165503,423
4613,302
37118,256
77282,1
16292,36
45211,973
5206,1921
3900,1410
94749,999
428743,343
5320,1309
10124,1051
30520,2931
