63286,2368,1146816711
1873,99,111968366
3769,99,56229118
4071,99,192802799
1576,99,200000000
3776,99,187428363
43830,99,13565420
3338,99,100097930
248612,99,13229085
43549,99,18552572
95258,99,13456118
210498,98,12455142
283872,99,13068777
43649,99,14917808
100075,99,13129296
152436,99,13153479
31658,99,14480243
142335,97,11099448
142035,99,13298358
1863,99,70520104
184779,99,14661029
149857,94,8753489
92189,99,13271546
20117,99,13643684
103320,99,13034537
-1,0
-1,0
-1,0
-1,0
-1,0
-1,0
141506,4
46941,1238
52329,194
70144,159
156053,136
58065,337
86638,69
5894,343
51631,1371
-1,1304
-1,0
100481,338
65169,35340
22264,871
3718,2622
10471,3266
47763,110
19419,1719
99433,86
171747,396
94994,612
1212,374
12573,1890
6407,1458
7913,3560
3825,1937
2984,734
119723,49
60949,117
12628,1203
621,6051
16331,354
813,5483
1351,5203
803,5554
148754,25
54083,20
38960,827
8731,2185
140051,314
14557,1196
432587,31
26241,517
33961,972
21514,4929
18010,892
20460,635
143189,186
-1,0
-1,0
5286,30
1310,8269
5978,588
29305,155
654,368
4727,1176
6997,2830
18255,394
19384,782
36853,352
733,276
-1,2
20685,765
182821,161
244238,16
166962,218
12707,441
61799,109
4681,971
12087,852
3788,1540
2040,579
165720,423
4621,302
37306,256
77367,1
16309,36
45516,973
5216,1921
3906,1410
94901,999
429363,343
5376,1309
10158,1051
30549,2931
