61836,2368,1146816711
1856,99,111968366
3720,99,56229118
4009,99,192802799
1576,99,200000000
3715,99,187428363
43404,99,13565420
3281,99,100097930
246825,99,13229085
43000,99,18552572
94483,99,13456118
208990,98,12455142
282242,99,13068777
43092,99,14917808
99451,99,13129296
150911,99,13153479
31192,99,14480243
141275,97,11099448
141179,99,13298358
1828,99,70520104
183181,99,14661029
148409,94,8753489
91371,99,13271546
19819,99,13643684
100357,99,13034537
-1,0
-1,0
-1,0
-1,0
-1,0
-1,0
141595,4
46343,1238
51446,194
69349,159
154902,136
57436,337
85831,69
5810,343
51613,1371
-1,1304
-1,0
99055,338
64037,35340
21740,871
3670,2622
10377,3266
46937,110
19053,1719
98547,86
170768,396
93025,612
1204,374
12841,1890
6323,1458
7874,3560
3817,1937
2931,734
119173,49
60484,117
12555,1203
617,6051
16150,354
808,5483
1340,5203
795,5554
146687,25
52595,20
38071,827
8700,2185
139231,314
14344,1196
429853,31
26152,517
33840,972
21447,4929
17924,892
20306,635
140117,186
-1,0
-1,0
5172,30
1294,8269
5976,588
27738,155
640,368
4665,1176
6881,2830
18148,394
19288,782
35279,352
714,276
-1,2
20397,765
181493,161
242614,16
164549,218
12423,441
60475,109
4575,971
11787,852
3756,1540
2017,579
164987,423
4604,302
36780,256
77158,1
16238,36
44592,973
5189,1921
3904,1410
94503,999
427807,343
5190,1309
10045,1051
30454,2931
