60126,2368,1146816711
1814,99,111968366
3641,99,56229118
3896,99,192802799
1576,99,200000000
3633,99,187428363
42810,99,13565420
3188,99,100097930
244500,99,13229085
42284,99,18552572
93503,99,13456118
207173,98,12455142
280138,99,13068777
42343,99,14917808
98591,99,13129296
148985,99,13153479
30716,99,14480243
139851,97,11099448
140112,99,13298358
1788,99,70520104
181207,99,14661029
146685,94,8753489
90128,99,13271546
19426,99,13643684
96709,99,13034537
-1,0
-1,0
-1,0
-1,0
-1,0
-1,0
141671,4
45672,1238
50538,194
68486,159
153409,136
56702,337
84866,69
5698,343
51482,1371
-1,1304
-1,0
97148,338
62719,35340
20977,871
3617,2622
10278,3266
45868,110
18564,1719
97453,86
169616,396
90115,612
1189,374
12675,1890
6225,1458
7829,3560
3813,1937
2867,734
118474,49
59989,117
12455,1203
614,6051
15969,354
804,5483
1332,5203
785,5554
144222,25
50789,20
37069,827
8670,2185
138246,314
14029,1196
426283,31
26054,517
33677,972
21358,4929
17837,892
20103,635
136319,186
-1,0
-1,0
5082,30
1273,8269
5967,588
26221,155
627,368
4581,1176
6700,2830
18020,394
19189,782
33097,352
692,276
-1,2
20059,765
179648,161
240522,16
161242,218
11998,441
58900,109
4438,971
11426,852
3729,1540
1969,579
163999,423
4579,302
36249,256
76878,1
16146,36
43559,973
5145,1921
3912,1410
94023,999
425492,343
4949,1309
9919,1051
30360,2931
