60283,2368,1146816711
1818,99,111968366
3652,99,56229118
3906,99,192802799
1576,99,200000000
3645,99,187428363
42866,99,13565420
3193,99,100097930
244719,99,13229085
42355,99,18552572
93593,99,13456118
207339,98,12455142
280344,99,13068777
42414,99,14917808
98676,99,13129296
149123,99,13153479
30762,99,14480243
139982,97,11099448
140210,99,13298358
1794,99,70520104
181385,99,14661029
146877,94,8753489
90233,99,13271546
19459,99,13643684
97052,99,13034537
-1,0
-1,0
-1,0
-1,0
-1,0
-1,0
141674,4
45736,1238
50606,194
68560,159
153544,136
56775,337
84964,69
5700,343
51499,1371
-1,1304
-1,0
97368,338
62861,35340
21034,871
3624,2622
10288,3266
45986,110
18617,1719
97561,86
169718,396
90355,612
1192,374
12703,1890
6231,1458
7831,3560
3815,1937
2872,734
118526,49
60035,117
12457,1203
614,6051
15981,354
804,5483
1332,5203
785,5554
144454,25
50956,20
37153,827
8671,2185
138348,314
14067,1196
426607,31
26062,517
33693,972
21372,4929
17839,892
20118,635
136667,186
-1,0
-1,0
5090,30
1276,8269
5969,588
26392,155
629,368
4591,1176
6713,2830
18031,394
19224,782
33294,352
694,276
-1,2
20087,765
179832,161
240730,16
161557,218
12042,441
59035,109
4449,971
11449,852
3731,1540
1972,579
164099,423
4581,302
36297,256
76917,1
16156,36
43655,973
5151,1921
3916,1410
94057,999
425751,343
4968,1309
9939,1051
30389,2931
