65987,2357,599846140
39314,99,30700230
42130,99,24216447
43700,99,64050277
31280,99,86506567
24633,99,97214115
21462,99,14119118
50015,99,36285172
232044,99,13265279
21416,99,26088816
85975,99,13526318
80980,99,13599790
27722,99,19440996
196748,99,13104070
165849,97,10794943
180628,99,13043455
184676,96,10193131
144467,96,9784856
42970,99,17147304
60754,99,20982393
90953,99,18532735
139879,95,9233580
30681,99,17892886
37031,99,13391339
124800,92,6732323
-1,0
-1,0
-1,0
-1,0
-1,0
-1,0
-1,0
92,22429
348,1669
368,5056
86,12514
1374,1670
681,757
880,763
220075,611
-1,2500
49849,2432
294068,179
134987,11835
2323,1302
90566,530
64326,1264
105931,54
110529,495
88810,101
5746,1763
152362,313
35485,52
4128,4950
50622,348
139134,659
66778,376
17935,240
77993,82
55395,126
137893,135
68655,135
6240,567
76494,446
168786,313
75211,451
146910,25
-1,0
-1,1
247907,142
47640,1055
78784,349
27267,194
20024,630
34378,953
98751,2607
115979,124
110237,160
307171,49
-1,0
-1,0
510,73
24704,1268
80475,27
20758,203
52990,31
41334,396
1605,5856
20523,348
30931,500
77059,145
112674,43
-1,0
153753,20
609168,47
74941,52
150687,235
156985,51
73753,56
60879,367
-1,1
63752,103
-1,0
71740,1082
5382,287
19121,394
-1,0
-1,4
105728,153
978,4678
3414,1534
162522,621
496906,274
70973,235
127648,122
81287,1527
