65818,2357,599846140
39262,99,30700230
42061,99,24216447
43570,99,64050277
31195,99,86506567
24593,99,97214115
21423,99,14119118
49888,99,36285172
231801,99,13265279
21382,99,26088816
85880,99,13526318
80840,99,13599790
27693,99,19440996
196571,99,13104070
165700,97,10794943
180389,99,13043455
184519,96,10193131
144330,96,9784856
42945,99,17147304
60590,99,20982393
90841,99,18532735
139739,95,9233580
30645,99,17892886
36959,99,13391339
124368,92,6732323
-1,0
-1,0
-1,0
-1,0
-1,0
-1,0
-1,0
92,22429
346,1669
367,5056
86,12514
1369,1670
677,757
880,763
219961,611
-1,2500
49793,2432
293630,179
134707,11835
2310,1302
90384,530
64245,1264
105700,54
110244,495
88713,101
5739,1763
151770,313
35449,52
4105,4950
50557,348
139039,659
66748,376
17913,240
77940,82
55339,126
137810,135
68629,135
6234,567
76476,446
168713,313
75203,451
146666,25
-1,0
-1,1
247747,142
47609,1055
78552,349
27237,194
20012,630
34365,953
98721,2607
115926,124
110147,160
306543,49
-1,0
-1,0
508,73
24679,1268
80332,27
20597,203
52941,31
41241,396
1605,5856
20502,348
30923,500
76265,145
112560,43
-1,0
153566,20
608402,47
74887,52
150359,235
156571,51
73581,56
60661,367
-1,1
63679,103
-1,0
71681,1082
5382,287
19093,394
-1,0
-1,4
105495,153
976,4678
3415,1534
162444,621
496614,274
70728,235
127519,122
81232,1527
