70707,2357,599846140
40336,99,30700230
43770,99,24216447
46335,99,64050277
33023,99,86506567
25901,99,97214115
22269,99,14119118
53106,99,36285172
237863,99,13265279
22309,99,26088816
88266,99,13526318
83741,99,13599790
28431,99,19440996
201742,99,13104070
169735,97,10794943
186261,99,13043455
189468,96,10193131
148195,96,9784856
43802,99,17147304
63751,99,20982393
93643,99,18532735
144078,95,9233580
31749,99,17892886
38853,99,13391339
135888,92,6732323
-1,0
-1,0
-1,0
-1,0
-1,0
-1,0
-1,0
96,22429
365,1669
390,5056
87,12514
1489,1670
758,757
931,763
221137,611
-1,2500
50760,2432
306473,179
142253,11835
2647,1302
94774,530
66214,1264
112353,54
117204,495
91382,101
5836,1763
165669,313
36455,52
4151,4950
52761,348
141607,659
67645,376
19129,240
79229,82
56629,126
140513,135
69165,135
6466,567
77199,446
171138,313
75860,451
153220,25
-1,0
-1,1
251649,142
48494,1055
83081,349
28166,194
20227,630
34753,953
99474,2607
117553,124
112327,160
323959,49
-1,0
-1,0
553,73
25346,1268
83199,27
24671,203
54296,31
43600,396
1716,5856
20921,348
31330,500
90306,145
115490,43
-1,0
158640,20
626593,47
76173,52
158842,235
166504,51
78350,56
66356,367
-1,1
65410,103
-1,0
72933,1082
5451,287
19835,394
-1,0
-1,4
111607,153
1025,4678
3380,1534
164768,621
503455,274
76590,235
130613,122
82150,1527
