68759,2357,599846140
39953,99,30700230
43186,99,24216447
45357,99,64050277
32342,99,86506567
25400,99,97214115
21964,99,14119118
51948,99,36285172
235641,99,13265279
21955,99,26088816
87331,99,13526318
82878,99,13599790
28140,99,19440996
199851,99,13104070
168251,97,10794943
184032,99,13043455
187500,96,10193131
146865,96,9784856
43460,99,17147304
62671,99,20982393
92562,99,18532735
142359,95,9233580
31402,99,17892886
38161,99,13391339
131462,92,6732323
-1,0
-1,0
-1,0
-1,0
-1,0
-1,0
-1,0
94,22429
354,1669
377,5056
86,12514
1442,1670
727,757
909,763
220939,611
-1,2500
50397,2432
301789,179
139626,11835
2525,1302
93092,530
65506,1264
109782,54
114680,495
90311,101
5792,1763
161069,313
36034,52
4435,4950
51869,348
140582,659
67349,376
18731,240
78769,82
56106,126
139460,135
68940,135
6371,567
76889,446
170194,313
75590,451
150639,25
-1,0
-1,1
250151,142
48140,1055
81498,349
27795,194
20156,630
34593,953
99193,2607
116934,124
111503,160
317246,49
-1,0
-1,0
538,73
25099,1268
82112,27
23038,203
53767,31
42770,396
1667,5856
20757,348
31176,500
85734,145
114427,43
-1,0
156652,20
620113,47
75687,52
155903,235
162568,51
76453,56
64161,367
-1,1
64660,103
-1,0
72476,1082
5424,287
19554,394
-1,0
-1,4
109154,153
1013,4678
3376,1534
163875,621
501067,274
74376,235
129450,122
81775,1527
