65429,2357,599846140
39154,99,30700230
41892,99,24216447
43277,99,64050277
31029,99,86506567
24488,99,97214115
21341,99,14119118
49565,99,36285172
231282,99,13265279
21301,99,26088816
85687,99,13526318
80590,99,13599790
27640,99,19440996
196094,99,13104070
165355,97,10794943
179830,99,13043455
184123,96,10193131
144001,96,9784856
42862,99,17147304
60189,99,20982393
90615,99,18532735
139392,95,9233580
30539,99,17892886
36798,99,13391339
123430,92,6732323
-1,0
-1,0
-1,0
-1,0
-1,0
-1,0
-1,0
91,22429
344,1669
365,5056
86,12514
1359,1670
674,757
870,763
219800,611
-1,2500
49696,2432
292683,179
134061,11835
2293,1302
89989,530
64059,1264
105166,54
109587,495
88461,101
5730,1763
150261,313
35375,52
4068,4950
50382,348
138840,659
66699,376
17864,240
77833,82
55252,126
137580,135
68604,135
6215,567
76416,446
168509,313
75153,451
146129,25
-1,0
-1,1
247424,142
47541,1055
78067,349
27148,194
20001,630
34336,953
98655,2607
115811,124
109982,160
305149,49
-1,0
-1,0
507,73
24607,1268
80100,27
20232,203
52826,31
41022,396
1599,5856
20471,348
30905,500
74348,145
112326,43
-1,0
153172,20
606744,47
74762,52
149454,235
155837,51
73174,56
60236,367
-1,1
63502,103
-1,0
71552,1082
5376,287
19023,394
-1,0
-1,4
104971,153
974,4678
3418,1534
162239,621
495965,274
70278,235
127235,122
81146,1527
