67608,2357,599846140
39719,99,30700230
42785,99,24216447
44664,99,64050277
31915,99,86506567
25087,99,97214115
21737,99,14119118
51174,99,36285172
234133,99,13265279
21716,99,26088816
86738,99,13526318
82125,99,13599790
27932,99,19440996
198541,99,13104070
167270,97,10794943
182618,99,13043455
186264,96,10193131
145801,96,9784856
43280,99,17147304
61910,99,20982393
91903,99,18532735
141320,95,9233580
31140,99,17892886
37696,99,13391339
128628,92,6732323
-1,0
-1,0
-1,0
-1,0
-1,0
-1,0
-1,0
92,22429
353,1669
375,5056
86,12514
1414,1670
709,757
901,763
220545,611
-1,2500
50174,2432
298645,179
137748,11835
2402,1302
91935,530
64990,1264
107992,54
112924,495
89683,101
5773,1763
157370,313
35796,52
4337,4950
51315,348
139946,659
67137,376
18438,240
78422,82
55774,126
138746,135
68819,135
6313,567
76720,446
169564,313
75415,451
149033,25
-1,0
-1,1
249167,142
47931,1055
80405,349
27568,194
20090,630
34488,953
99020,2607
116469,124
110950,160
312915,49
-1,0
-1,0
527,73
24932,1268
81391,27
22173,203
53427,31
42137,396
1645,5856
20653,348
31110,500
82329,145
113677,43
-1,0
155383,20
615529,47
75388,52
153799,235
159884,51
75291,56
62668,367
-1,1
64233,103
-1,0
72142,1082
5403,287
19351,394
-1,0
-1,4
107707,153
997,4678
3393,1534
163300,621
499305,274
72895,235
128693,122
81621,1527
