157633,2256,267952826
150241,99,18417769
181509,99,15489986
233836,99,21629816
271886,99,28530573
302712,99,22433288
198699,99,13038500
496673,99,13314962
397999,99,13049182
226664,99,13075720
317397,98,12239863
314679,92,6582136
516767,94,8023773
146195,99,13318771
423704,86,3609005
312717,93,7197117
411524,86,3785139
225814,89,5210355
147079,99,13255890
403527,94,8422627
411745,97,10805869
503734,77,1515181
548003,81,2246091
429916,84,3072097
111366,96,9689116
-1,0
-1,0
-1,0
-1,0
-1,0
-1,0
-1,0
803548,54
1510926,2
1275818,3
667428,16
601473,31
671252,2
-1,0
-1,472
-1,2500
-1,180
240141,207
-1,0
-1,366
217874,150
-1,0
62607,91
-1,0
-1,0
477436,134
217046,200
-1,0
280243,14
-1,0
113297,813
-1,3
-1,0
-1,0
-1,0
-1,0
-1,0
378209,25
450080,15
193965,278
445443,15
-1,0
55803,13
201985,43
164102,289
670705,5
87871,325
573876,19
250660,50
632240,25
333000,878
-1,0
296703,22
-1,1
-1,0
64206,6
-1,0
-1,0
-1,0
-1,0
-1,0
236620,29
-1,0
-1,0
-1,2
57172,225
534903,9
-1,0
-1,0
885116,20
358385,6
164746,215
-1,0
-1,1
434123,12
-1,1
-1,0
-1,0
130177,595
317969,10
204722,10
149304,1
-1,2
-1,1
-1,0
-1,0
576292,59
418652,354
-1,0
-1,0
310789,301
