155734,2256,267869629
149351,99,18417769
180177,99,15489986
231208,99,21629816
269458,99,28530573
300139,99,22433288
197662,99,13038500
493230,99,13314962
395804,99,13049182
224910,99,13075720
316044,98,12239863
312480,92,6582136
513990,94,8023773
145131,99,13318771
421157,86,3609005
310226,93,7197117
408907,86,3785139
225919,89,5127158
146320,99,13255890
400406,94,8422627
409184,97,10805869
500419,77,1515181
544520,81,2246091
426853,84,3072097
108696,96,9689116
-1,0
-1,0
-1,0
-1,0
-1,0
-1,0
-1,0
799768,54
1503741,2
1271615,3
664182,16
598929,31
668235,2
-1,0
-1,472
-1,2500
-1,180
237077,207
-1,0
-1,366
215644,150
-1,0
61600,91
-1,0
-1,0
475149,134
211810,200
-1,0
279157,14
-1,0
112793,813
-1,3
-1,0
-1,0
-1,0
-1,0
-1,0
376219,25
448023,15
193196,278
443496,15
-1,0
54497,13
199123,43
163356,289
665546,5
86599,325
570965,19
249714,50
630504,25
332225,878
-1,0
295314,22
-1,1
-1,0
60536,6
-1,0
-1,0
-1,0
-1,0
-1,0
233760,29
-1,0
-1,0
-1,2
54672,225
531616,9
-1,0
-1,0
878289,20
355718,6
162339,215
-1,0
-1,1
427500,12
-1,1
-1,0
-1,0
129591,595
315462,10
202713,10
149306,1
-1,2
-1,1
-1,0
-1,0
573670,59
417006,354
-1,0
-1,0
309228,301
