155979,2253,266591234
147888,99,18417769
178176,99,15489986
227608,99,21629816
266118,99,28530573
296861,99,22433288
196296,99,13038500
488778,99,13314747
393168,99,13049182
222571,99,13075720
314483,98,12239863
309469,92,6582136
510716,94,8023773
143580,99,13318771
417737,86,3609005
306972,93,7197117
405484,86,3785139
281463,86,3848978
145296,99,13255890
396211,94,8422627
405960,97,10805869
496119,77,1515181
539917,81,2246091
423022,84,3072097
105307,96,9689116
-1,0
-1,0
-1,0
-1,0
-1,0
-1,0
-1,0
795280,54
1494223,2
1266244,3
660310,16
595931,31
664724,2
-1,0
-1,472
-1,2500
-1,180
233032,207
-1,0
-1,360
212892,150
-1,0
60427,91
-1,0
-1,0
472673,134
204626,200
-1,0
277674,14
-1,0
112195,813
-1,3
-1,0
-1,0
-1,0
-1,0
-1,0
373934,25
445830,15
192248,278
441409,15
-1,0
52840,13
195610,43
162502,289
659517,5
84801,325
567398,19
248809,50
628670,25
331415,878
-1,0
293745,22
-1,1
-1,0
54872,6
-1,0
-1,0
-1,0
-1,0
-1,0
230199,29
-1,0
-1,0
-1,2
50975,225
527533,9
-1,0
-1,0
869297,20
352191,6
159052,215
-1,0
-1,1
419631,12
-1,1
-1,0
-1,0
128869,595
312486,10
200306,10
149420,1
-1,2
-1,1
-1,0
-1,0
570721,59
415041,354
-1,0
-1,0
307537,301
