158815,2256,268264346
150922,99,18417769
182497,99,15489986
235653,99,21629816
273536,99,28530573
304278,99,22433288
199413,99,13038500
499016,99,13315022
399310,99,13049182
227833,99,13075720
318223,98,12239863
316183,92,6582136
518516,94,8023773
139144,99,13371511
425374,86,3609005
303657,93,7415073
413200,86,3785139
226019,89,5251119
147632,99,13255890
405453,94,8422627
413525,97,10805869
505903,77,1515181
550109,81,2246091
431836,84,3072097
113170,96,9689116
-1,0
-1,0
-1,0
-1,0
-1,0
-1,0
-1,0
806039,54
1515398,2
1278537,3
669582,16
603182,31
673225,2
-1,0
-1,472
-1,2500
-1,180
242177,207
-1,0
-1,374
219396,150
-1,0
63314,91
-1,0
-1,0
479004,134
220123,200
-1,0
281018,14
-1,0
113657,813
-1,3
-1,0
-1,0
-1,0
-1,0
-1,0
379586,25
451423,15
194554,278
446728,15
-1,0
56732,13
203986,43
164589,289
674050,5
88695,325
575881,19
251279,50
633461,25
333544,878
-1,0
297740,22
-1,1
-1,0
66301,6
-1,0
-1,0
-1,0
-1,0
-1,0
238504,29
-1,0
-1,0
-1,2
58709,225
537090,9
-1,0
-1,0
889430,20
360094,6
166230,215
-1,0
-1,1
438456,12
-1,1
-1,0
-1,0
130543,595
319659,10
206170,10
149235,1
-1,2
-1,1
-1,0
-1,0
578094,59
419620,354
-1,0
-1,0
311921,301
