155309,2254,266789144
148037,99,18417769
178409,99,15489986
228044,99,21629816
266504,99,28530573
297218,99,22433288
196481,99,13038500
489295,99,13314777
393493,99,13049182
222840,99,13075720
314657,98,12239863
309794,92,6582136
511111,94,8023773
143758,99,13318771
418114,86,3609005
307327,93,7197117
405815,86,3785139
268619,87,4046858
145399,99,13255890
396752,94,8422627
406337,97,10805869
496561,77,1515181
540400,81,2246091
423460,84,3072097
105672,96,9689116
-1,0
-1,0
-1,0
-1,0
-1,0
-1,0
-1,0
795792,54
1495403,2
1266944,3
660733,16
596287,31
665135,2
-1,0
-1,472
-1,2500
-1,180
233385,207
-1,0
-1,360
213203,150
-1,0
60572,91
-1,0
-1,0
472951,134
205490,200
-1,0
277864,14
-1,0
112269,813
-1,3
-1,0
-1,0
-1,0
-1,0
-1,0
374183,25
446075,15
192349,278
441643,15
-1,0
53030,13
195981,43
162603,289
660278,5
85052,325
567755,19
248919,50
628899,25
331518,878
-1,0
293967,22
-1,1
-1,0
55384,6
-1,0
-1,0
-1,0
-1,0
-1,0
230593,29
-1,0
-1,0
-1,2
51480,225
527999,9
-1,0
-1,0
870375,20
352627,6
159391,215
-1,0
-1,1
420538,12
-1,1
-1,0
-1,0
128971,595
312854,10
200585,10
149415,1
-1,2
-1,1
-1,0
-1,0
571017,59
415281,354
-1,0
-1,0
307743,301
