156318,2251,265030348
147173,99,18407896
177261,99,15480113
226560,99,21539369
268100,99,28259500
296705,99,22328217
195465,99,13038500
572985,98,12971351
391709,99,13049182
221377,99,13075720
315288,98,11971348
308182,92,6582136
508969,94,8023773
149819,99,13273351
415926,86,3608905
312387,92,7016553
403750,86,3785139
280320,86,3848976
144770,99,13255890
403451,94,8186075
404255,97,10805869
493909,77,1515181
537257,81,2246091
420921,84,3072097
103566,96,9689116
-1,0
-1,0
-1,0
-1,0
-1,0
-1,0
-1,0
792806,54
1488413,2
1262326,3
658277,16
594135,31
662760,2
-1,0
-1,472
-1,2500
-1,180
231387,207
-1,0
-1,358
211307,150
-1,0
59797,91
-1,0
-1,0
471308,134
200124,200
-1,0
276932,14
-1,0
111793,813
-1,3
-1,0
-1,0
-1,0
-1,0
-1,0
372701,25
444696,15
191788,278
440300,15
-1,0
51909,13
193716,43
162013,289
656206,5
83667,325
565499,19
312417,16
627694,25
410588,559
-1,0
292912,22
-1,1
-1,0
51947,6
-1,0
-1,0
-1,0
-1,0
228183,29
-1,0
-1,0
-1,2
48193,225
525474,9
-1,0
-1,0
864377,20
350137,6
156890,215
-1,0
-1,1
415322,12
-1,1
-1,0
-1,0
194947,306
310866,10
198887,10
149458,1
-1,2
-1,1
-1,0
-1,0
569082,59
413921,354
-1,0
-1,0
306608,301
