157123,2256,267896986
150124,99,18417769
181294,99,15489986
233334,99,21629816
271351,99,28530573
302129,99,22433288
198490,99,13038500
495848,99,13314962
397480,99,13049182
226231,99,13075720
317079,98,12239863
314092,92,6582136
516089,94,8023773
145949,99,13318771
423062,86,3609005
312053,93,7197117
410887,86,3785139
226496,89,5154515
146895,99,13255890
402840,94,8422627
411102,97,10805869
502989,77,1515181
547168,81,2246091
429156,84,3072097
110597,96,9689116
-1,0
-1,0
-1,0
-1,0
-1,0
-1,0
-1,0
802640,54
1509260,2
1274810,3
666607,16
600851,31
670517,2
-1,0
-1,472
-1,2500
-1,180
239438,207
-1,0
-1,366
217326,150
-1,0
62343,91
-1,0
-1,0
476891,134
215760,200
-1,0
280024,14
-1,0
113184,813
-1,3
-1,0
-1,0
-1,0
-1,0
-1,0
377746,25
449620,15
193797,278
445011,15
-1,0
55496,13
201277,43
163941,289
669529,5
87570,325
573132,19
250413,50
631880,25
332848,878
-1,0
296430,22
-1,1
-1,0
63392,6
-1,0
-1,0
-1,0
-1,0
-1,0
235949,29
-1,0
-1,0
-1,2
56575,225
534117,9
-1,0
-1,0
883537,20
357800,6
164183,215
-1,0
-1,1
432622,12
-1,1
-1,0
-1,0
130040,595
317453,10
204283,10
149325,1
-1,2
-1,1
-1,0
-1,0
575698,59
418296,354
-1,0
-1,0
310424,301
