283867,2146,349746230
124222,99,19785716
367390,99,13189913
31122,99,78190697
89088,99,52671680
209680,99,29258197
55736,99,13444236
126398,99,24170694
71432,99,16900962
239077,99,13050910
139151,99,13185108
1176816,73,1046625
728781,88,4387263
467326,87,4142587
54295,99,13381361
669918,82,2576033
257241,91,6240546
667833,77,1574911
764853,76,1383809
512962,91,6187183
112964,99,17088787
835005,66,519338
53979,99,14606060
643133,83,2698593
601003,45,65021
-1,0
-1,0
-1,0
-1,0
-1,0
-1,0
-1,0
498290,132
162773,51
370477,22
704141,14
896068,9
327181,14
137821,22
-1,471
-1,2500
92811,1071
550836,70
203119,877
-1,264
291076,50
-1,0
-1,0
-1,0
-1,0
650089,78
49206,1029
267116,6
205208,41
240811,20
298185,152
103088,225
60992,36
-1,1
137378,50
355344,7
-1,2
186080,50
377750,34
591336,35
335837,49
50430,55
-1,0
160987,76
436997,25
288477,92
224504,100
223867,62
235691,50
321195,106
437024,476
-1,1
-1,1
-1,0
-1,0
-1,0
235444,1
116776,123
15619,251
-1,0
360314,5
250098,18
209252,72
-1,0
155042,103
-1,0
158453,37
-1,0
183676,10
416363,79
25135,100
345950,6
169759,46
-1,3
439045,8
-1,1
5976,1219
19604,71
-1,0
32691,145
101687,74
-1,0
194364,7
-1,1
139634,53
107842,69
336214,246
554755,241
148105,20
175651,74
547668,13
