284069,2145,349519838
123929,99,19785716
366556,99,13189913
30930,99,78189453
88709,99,52660201
209365,99,29224976
55573,99,13444236
125799,99,24170694
71225,99,16900962
289587,98,12941050
138941,99,13185108
1175389,73,1046625
727790,88,4387263
466357,87,4142587
54155,99,13381361
668686,82,2574786
256638,91,6240546
666466,77,1574911
763515,76,1383809
511896,91,6187183
113363,99,17053046
833826,66,519338
54327,99,14572460
642240,83,2698593
595344,45,65021
-1,0
-1,0
-1,0
-1,0
-1,0
-1,0
-1,0
497550,132
162289,51
369829,22
703218,14
895291,9
326714,14
137564,22
-1,471
-1,2500
92758,1071
549527,70
202358,877
-1,264
290311,50
-1,0
-1,0
-1,0
-1,0
649358,78
48764,1029
266760,6
204994,41
240268,20
297786,152
102898,225
60466,36
-1,1
137267,50
354971,7
-1,2
185867,50
377450,34
590586,35
335622,49
50177,55
-1,0
160226,76
436648,25
287934,92
223441,100
227946,61
235505,50
321203,106
436824,476
-1,1
-1,1
-1,0
-1,0
-1,0
235098,1
116565,123
15606,251
-1,0
359873,5
249176,18
208520,72
-1,0
154772,103
-1,0
158225,37
-1,0
183238,10
415330,79
25100,100
344553,6
168944,46
-1,3
437031,8
-1,1
5960,1219
19563,71
-1,0
32668,145
101363,74
-1,0
194281,7
-1,1
139471,53
107631,69
335912,246
554217,241
147321,20
175315,74
546929,13
