285861,2142,349093802
123330,99,19785716
364454,99,13189913
30577,99,78188253
87876,99,52654217
208182,99,29208207
55230,99,13444236
124599,99,24170694
70803,99,16900962
290379,98,12620330
138370,99,13185108
1171840,73,1046625
725387,88,4387263
463691,87,4142587
53875,99,13381361
665379,82,2574786
255394,91,6240546
664062,77,1574911
760547,76,1383809
509119,91,6187183
113540,99,17007803
830850,66,519338
54238,99,14554460
639656,83,2698593
605684,42,46901
-1,0
-1,0
-1,0
-1,0
-1,0
-1,0
-1,0
495769,132
161370,51
368393,22
701122,14
893020,9
325629,14
137035,22
-1,471
-1,2500
92460,1071
546649,70
200807,877
-1,264
288501,50
-1,0
-1,0
-1,0
-1,0
647651,78
47880,1029
265866,6
204422,41
239112,20
296873,152
102683,225
60102,36
-1,1
136910,50
354108,7
-1,2
185377,50
376623,34
588784,35
334974,49
49643,55
-1,0
158630,76
435676,25
286630,92
220885,100
231849,60
234985,50
320812,106
436105,476
-1,1
-1,1
-1,0
-1,0
-1,0
234335,1
116037,123
15571,251
-1,0
358720,5
247140,18
206956,72
-1,0
154147,103
-1,0
157734,37
-1,0
182202,10
413065,79
25030,100
341175,6
167286,46
-1,3
432977,8
-1,1
5940,1219
19452,71
-1,0
32575,145
100635,74
-1,0
193943,7
-1,1
139008,53
107184,69
335132,246
552748,241
145666,20
174551,74
545140,13
