284923,2143,349350397
123448,99,19785716
364861,99,13189913
30651,99,78189453
88030,99,52660201
208273,99,29224976
55302,99,13444236
124807,99,24170694
70886,99,16900962
289480,98,12801590
138465,99,13185108
1172387,73,1046625
725804,88,4387263
464295,87,4142587
53921,99,13381361
666073,82,2574786
255608,91,6240546
664383,77,1574911
761057,76,1383809
509669,91,6187183
113038,99,17042205
831377,66,519338
54196,99,14562860
640091,83,2698593
597378,43,55481
-1,0
-1,0
-1,0
-1,0
-1,0
-1,0
-1,0
496100,132
161533,51
368663,22
701495,14
893389,9
325832,14
137131,22
-1,471
-1,2500
92498,1071
547170,70
201090,877
-1,264
288847,50
-1,0
-1,0
-1,0
-1,0
647962,78
48058,1029
266028,6
204470,41
239324,20
297032,152
102709,225
60165,36
-1,1
136959,50
354256,7
-1,2
185444,50
376742,34
589087,35
335069,49
49742,55
-1,0
158919,76
435853,25
286887,92
221408,100
227405,61
235054,50
320879,106
436212,476
-1,1
-1,1
-1,0
-1,0
-1,0
234475,1
116142,123
15571,251
-1,0
358925,5
247538,18
207242,72
-1,0
154260,103
-1,0
157825,37
-1,0
182397,10
413460,79
25040,100
341859,6
167559,46
-1,3
433722,8
-1,1
5939,1219
19468,71
-1,0
32589,145
100756,74
-1,0
193997,7
-1,1
139059,53
107273,69
335258,246
552996,241
145929,20
174662,74
545452,13
