282523,2152,351773795
125884,99,19793372
373188,99,13189939
31764,99,78740059
90425,99,52986663
213181,99,29323571
56468,99,13446056
127398,99,24385639
72829,99,16900962
217240,99,13098838
141058,99,13185108
1188449,73,1046625
737135,88,4387434
474023,87,4142587
54094,99,13397664
656917,83,2712868
261256,91,6241116
676801,77,1574923
774890,76,1384196
509440,91,6374101
110492,99,17334922
845186,66,519338
52792,99,14802040
651568,83,2698593
573915,50,107181
-1,0
-1,0
-1,0
-1,0
-1,0
-1,0
-1,0
504015,132
166052,51
375161,22
711388,14
903444,9
330849,14
139527,22
-1,471
-1,2500
93571,1071
561228,70
208570,877
-1,266
296761,50
-1,0
-1,0
-1,0
-1,0
656557,78
51729,1029
270012,6
206918,41
244725,20
301473,152
103980,225
62681,37
-1,1
138633,50
358479,7
-1,2
187814,50
381051,34
598147,35
338472,49
52187,55
-1,0
166275,76
440715,25
292797,92
230482,100
217772,64
237816,50
322671,106
439497,476
-1,1
-1,1
-1,0
-1,0
-1,0
237902,1
118531,123
15735,251
-1,0
363921,5
256455,18
214900,72
-1,0
157008,103
-1,0
145579,39
-1,0
187230,10
423844,79
25376,100
355088,6
175760,46
-1,3
452962,8
-1,1
6063,1220
19970,71
-1,0
32947,145
103999,74
-1,0
195542,7
-1,1
140896,53
109122,69
339131,246
559359,241
153704,20
177944,74
554492,13
