282943,2147,349811169
124334,99,19785716
367724,99,13189913
31189,99,78191913
89251,99,52672089
209924,99,29258209
55729,99,13444736
126614,99,24170694
71529,99,16900962
239336,99,13050910
139242,99,13185108
1177621,73,1046625
729174,88,4387263
467815,87,4142587
54383,99,13381361
666849,82,2596839
257476,91,6240546
668459,77,1574911
765496,76,1383809
513466,91,6187183
112633,99,17111283
835644,66,519338
53933,99,14615660
643720,83,2698593
585090,46,74921
-1,0
-1,0
-1,0
-1,0
-1,0
-1,0
-1,0
498623,132
162958,51
370742,22
704603,14
896541,9
327400,14
137927,22
-1,471
-1,2500
92854,1071
551475,70
203503,877
-1,264
291411,50
-1,0
-1,0
-1,0
-1,0
650445,78
49367,1029
267286,6
205301,41
241045,20
298358,152
103143,225
61154,36
-1,1
137455,50
355530,7
-1,2
186174,50
377922,34
591742,35
336000,49
50531,55
-1,0
161331,76
437217,25
288732,92
224927,100
219695,63
235785,50
321283,106
437180,476
-1,1
-1,1
-1,0
-1,0
-1,0
235558,1
116880,123
15623,251
-1,0
360523,5
250443,18
209556,72
-1,0
155164,103
-1,0
158557,37
-1,0
183894,10
416850,79
25149,100
346581,6
170014,46
-1,3
439795,8
-1,1
5979,1219
19624,71
-1,0
32701,145
101814,74
-1,0
194436,7
-1,1
139702,53
107936,69
336392,246
554920,241
148411,20
175785,74
548034,13
