283585,2146,349740434
124144,99,19785716
367165,99,13189913
31084,99,78190697
89001,99,52671680
209511,99,29258197
55700,99,13444236
126286,99,24170694
71385,99,16900962
238925,99,13050910
139087,99,13185108
1176372,73,1046625
728493,88,4387263
467088,87,4142587
54255,99,13381361
669579,82,2576033
257077,91,6240546
667539,77,1574911
764471,76,1383809
512730,91,6187183
112918,99,17087791
834699,66,519338
54039,99,14601260
642815,83,2698593
599794,45,65021
-1,0
-1,0
-1,0
-1,0
-1,0
-1,0
-1,0
498087,132
162675,51
370313,22
703900,14
895812,9
327049,14
137760,22
-1,471
-1,2500
92787,1071
550523,70
202906,877
-1,264
290876,50
-1,0
-1,0
-1,0
-1,0
649870,78
49123,1029
267027,6
205129,41
240676,20
298076,152
103053,225
60895,36
-1,1
137329,50
355207,7
-1,2
186018,50
377629,34
591103,35
335734,49
50378,55
-1,0
160786,76
436856,25
288327,92
224267,100
223786,62
235618,50
321113,106
436934,476
-1,1
-1,1
-1,0
-1,0
-1,0
235356,1
116704,123
15613,251
-1,0
360182,5
249861,18
209072,72
-1,0
154982,103
-1,0
158388,37
-1,0
183557,10
416099,79
25131,100
345650,6
169588,46
-1,3
438614,8
-1,1
5972,1219
19600,71
-1,0
32686,145
101609,74
-1,0
194313,7
-1,1
139595,53
107786,69
336109,246
554570,241
147942,20
175566,74
547437,13
