281921,2150,351557665
125098,99,19793372
370458,99,13189939
31231,99,78707451
89302,99,52975054
211172,99,29322727
55984,99,13446056
125793,99,24381268
72105,99,16900962
219353,99,13088958
140097,99,13185108
1183097,73,1046625
733094,88,4387434
470777,87,4142587
53659,99,13397664
654662,83,2698268
259281,91,6241116
672495,77,1574923
769863,76,1384196
505834,91,6374101
111032,99,17246664
840423,66,519338
52638,99,14768060
647496,83,2698593
582828,48,87201
-1,0
-1,0
-1,0
-1,0
-1,0
-1,0
-1,0
501064,132
164300,51
372667,22
707764,14
899768,9
328967,14
138656,22
-1,471
-1,2500
93226,1071
556314,70
206083,877
-1,265
293803,50
-1,0
-1,0
-1,0
-1,0
653081,78
50533,1029
268490,6
206140,41
242732,20
299720,152
103592,225
61838,37
-1,1
138005,50
356896,7
-1,2
186873,50
379340,34
594727,35
337128,49
51253,55
-1,0
163568,76
438907,25
290586,92
227586,100
216439,64
236673,50
321960,106
438288,476
-1,1
-1,1
-1,0
-1,0
-1,0
236620,1
117695,123
15680,251
-1,0
362138,5
253242,18
212060,72
-1,0
156078,103
-1,0
144766,39
-1,0
185396,10
420307,79
25264,100
350747,6
172293,46
-1,3
445722,8
-1,1
6022,1219
19783,71
-1,0
32812,145
102833,74
-1,0
195012,7
-1,1
140228,53
108450,69
337667,246
557224,241
150885,20
176799,74
550876,13
