283581,2151,351749607
125792,99,19793372
372869,99,13189939
31701,99,78740059
90315,99,52986663
212994,99,29323571
56422,99,13446056
127216,99,24385639
72761,99,16900962
217061,99,13098838
140957,99,13185108
1187980,73,1046625
736786,88,4387434
473713,87,4142587
54052,99,13397664
656353,83,2712868
261048,91,6241116
676406,77,1574923
774389,76,1384196
509042,91,6374101
110545,99,17325854
844803,66,519338
52795,99,14797240
651198,83,2698593
588043,49,96861
-1,0
-1,0
-1,0
-1,0
-1,0
-1,0
-1,0
503707,132
165863,51
374886,22
711045,14
903099,9
330640,14
139425,22
-1,471
-1,2500
93558,1071
560787,70
208333,877
-1,266
296475,50
-1,0
-1,0
-1,0
-1,0
656227,78
51696,1029
269796,6
206879,41
244520,20
301317,152
103939,225
62590,37
-1,1
138572,50
358354,7
-1,2
187719,50
380886,34
597818,35
338336,49
52096,55
-1,0
166007,76
440548,25
292564,92
230202,100
217613,64
237699,50
322623,106
439352,476
-1,1
-1,1
-1,0
-1,0
-1,0
237787,1
118454,123
15726,251
-1,0
363737,5
256139,18
214636,72
-1,0
156902,103
-1,0
145493,39
-1,0
187040,10
423490,79
25370,100
354645,6
175442,46
-1,3
452343,8
-1,1
6059,1220
19944,71
-1,0
32940,145
103871,74
-1,0
195495,7
-1,1
140829,53
109060,69
338979,246
559229,241
153467,20
177827,74
554208,13
