1658193,1440,16005795
-1,63,383840
-1,59,254889
-1,65,449572
-1,64,429999
-1,61,302738
-1,46,74768
-1,61,325585
758182,87,4180038
1741981,70,740629
-1,55,174754
887704,78,1734897
906927,84,3005074
1643291,66,496463
1736513,60,300089
1455523,70,805697
1770055,52,127655
-1,57,208715
1157386,70,794851
-1,40,38168
1618173,56,200489
763078,68,614985
1580783,60,285591
1888085,47,76309
-1,1,0
-1,0
-1,0
-1,0
-1,0
-1,0
-1,0
-1,0
730878,64
278597,26
321705,26
748263,12
-1,0
-1,0
-1,0
246447,590
-1,2500
108229,855
439828,105
-1,0
-1,96
-1,0
-1,0
-1,0
-1,0
-1,0
1259006,5
-1,0
-1,2
-1,0
-1,0
-1,0
-1,0
-1,0
-1,0
-1,0
-1,0
-1,0
-1,0
-1,0
-1,0
-1,0
-1,0
-1,0
-1,0
-1,0
-1,0
-1,0
-1,0
-1,0
-1,0
-1,0
-1,0
-1,0
-1,0
-1,0
-1,0
-1,0
-1,0
-1,0
-1,0
-1,0
-1,0
-1,0
-1,0
-1,0
-1,0
-1,0
-1,0
583382,50
-1,0
-1,0
-1,0
-1,0
-1,0
-1,0
-1,0
-1,0
-1,0
-1,0
-1,0
-1,0
-1,0
-1,0
-1,0
-1,0
-1,0
738016,159
-1,0
-1,0
-1,0
