1681733,1440,16005795
-1,63,383840
-1,59,254889
-1,65,449572
-1,64,429999
-1,61,302738
-1,46,74768
-1,61,325585
768857,87,4180038
1764543,70,740629
-1,55,174754
901278,78,1734897
920114,84,3005074
1665794,66,496463
1761192,60,300089
1480174,70,805697
1793425,52,127655
-1,57,208715
1177746,70,794851
-1,40,38168
1638926,56,200489
776558,68,614985
1602001,60,285591
1913131,47,76309
-1,1,0
-1,0
-1,0
-1,0
-1,0
-1,0
-1,0
-1,0
741190,64
285451,26
327931,26
758712,12
-1,0
-1,0
-1,0
247862,590
-1,2500
109276,855
452180,105
-1,0
-1,96
-1,0
-1,0
-1,0
-1,0
-1,0
1277270,5
-1,0
-1,2
-1,0
-1,0
-1,0
-1,0
-1,0
-1,0
-1,0
-1,0
-1,0
-1,0
-1,0
-1,0
-1,0
-1,0
-1,0
-1,0
-1,0
-1,0
-1,0
-1,0
-1,0
-1,0
-1,0
-1,0
-1,0
-1,0
-1,0
-1,0
-1,0
-1,0
-1,0
-1,0
-1,0
-1,0
-1,0
-1,0
-1,0
-1,0
-1,0
-1,0
-1,0
597857,50
-1,0
-1,0
-1,0
-1,0
-1,0
-1,0
-1,0
-1,0
-1,0
-1,0
-1,0
-1,0
-1,0
-1,0
-1,0
-1,0
-1,0
746758,159
-1,0
-1,0
-1,0
