1661155,1440,16005795
-1,63,383840
-1,59,254889
-1,65,449572
-1,64,429999
-1,61,302738
-1,46,74768
-1,61,325585
759393,87,4180038
1744687,70,740629
-1,55,174754
889031,78,1734897
908370,84,3005074
1646473,66,496463
1739369,60,300089
1458601,70,805697
1772644,52,127655
-1,57,208715
1159912,70,794851
-1,40,38168
1620661,56,200489
764672,68,614985
1583428,60,285591
1891340,47,76309
-1,1,0
-1,0
-1,0
-1,0
-1,0
-1,0
-1,0
-1,0
732056,64
279416,26
322443,26
749437,12
-1,0
-1,0
-1,0
246625,590
-1,2500
108215,855
441013,105
-1,0
-1,96
-1,0
-1,0
-1,0
-1,0
-1,0
1261095,5
-1,0
-1,2
-1,0
-1,0
-1,0
-1,0
-1,0
-1,0
-1,0
-1,0
-1,0
-1,0
-1,0
-1,0
-1,0
-1,0
-1,0
-1,0
-1,0
-1,0
-1,0
-1,0
-1,0
-1,0
-1,0
-1,0
-1,0
-1,0
-1,0
-1,0
-1,0
-1,0
-1,0
-1,0
-1,0
-1,0
-1,0
-1,0
-1,0
-1,0
-1,0
-1,0
-1,0
584917,50
-1,0
-1,0
-1,0
-1,0
-1,0
-1,0
-1,0
-1,0
-1,0
-1,0
-1,0
-1,0
-1,0
-1,0
-1,0
-1,0
-1,0
739003,159
-1,0
-1,0
-1,0
