1689731,1440,16005795
-1,63,383840
-1,59,254889
-1,65,449572
-1,64,429999
-1,61,302738
-1,46,74768
-1,61,325585
773106,87,4180038
1772406,70,740629
-1,55,174754
906023,78,1734897
924762,84,3005074
1673453,66,496463
1769012,60,300089
1488238,70,805697
1801133,52,127655
-1,57,208715
1184661,70,794851
-1,40,38168
1645764,56,200489
781274,68,614985
1608371,60,285591
1920175,47,76309
-1,1,0
-1,0
-1,0
-1,0
-1,0
-1,0
-1,0
-1,0
745245,64
288252,26
330410,26
762610,12
-1,0
-1,0
-1,0
248021,590
-1,2500
109572,855
456694,105
-1,0
-1,96
-1,0
-1,0
-1,0
-1,0
-1,0
1284331,5
-1,0
-1,2
-1,0
-1,0
-1,0
-1,0
-1,0
-1,0
-1,0
-1,0
-1,0
-1,0
-1,0
-1,0
-1,0
-1,0
-1,0
-1,0
-1,0
-1,0
-1,0
-1,0
-1,0
-1,0
-1,0
-1,0
-1,0
-1,0
-1,0
-1,0
-1,0
-1,0
-1,0
-1,0
-1,0
-1,0
-1,0
-1,0
-1,0
-1,0
-1,0
-1,0
-1,0
602787,50
-1,0
-1,0
-1,0
-1,0
-1,0
-1,0
-1,0
-1,0
-1,0
-1,0
-1,0
-1,0
-1,0
-1,0
-1,0
-1,0
-1,0
749510,159
-1,0
-1,0
-1,0
