1677888,1440,16005795
-1,63,383840
-1,59,254889
-1,65,449572
-1,64,429999
-1,61,302738
-1,46,74768
-1,61,325585
766949,87,4180038
1760870,70,740629
-1,55,174754
898955,78,1734897
917914,84,3005074
1662132,66,496463
1757386,60,300089
1476373,70,805697
1789671,52,127655
-1,57,208715
1174388,70,794851
-1,40,38168
1635610,56,200489
774331,68,614985
1598978,60,285591
1909455,47,76309
-1,1,0
-1,0
-1,0
-1,0
-1,0
-1,0
-1,0
-1,0
739325,64
284223,26
326761,26
756897,12
-1,0
-1,0
-1,0
247658,590
-1,2500
109102,855
450051,105
-1,0
-1,96
-1,0
-1,0
-1,0
-1,0
-1,0
1273853,5
-1,0
-1,2
-1,0
-1,0
-1,0
-1,0
-1,0
-1,0
-1,0
-1,0
-1,0
-1,0
-1,0
-1,0
-1,0
-1,0
-1,0
-1,0
-1,0
-1,0
-1,0
-1,0
-1,0
-1,0
-1,0
-1,0
-1,0
-1,0
-1,0
-1,0
-1,0
-1,0
-1,0
-1,0
-1,0
-1,0
-1,0
-1,0
-1,0
-1,0
-1,0
-1,0
-1,0
595467,50
-1,0
-1,0
-1,0
-1,0
-1,0
-1,0
-1,0
-1,0
-1,0
-1,0
-1,0
-1,0
-1,0
-1,0
-1,0
-1,0
-1,0
745399,159
-1,0
-1,0
-1,0
