1668994,1440,16005795
-1,63,383840
-1,59,254889
-1,65,449572
-1,64,429999
-1,61,302738
-1,46,74768
-1,61,325585
762930,87,4180038
1752536,70,740629
-1,55,174754
893697,78,1734897
912875,84,3005074
1653995,66,496463
1747865,60,300089
1467251,70,805697
1780716,52,127655
-1,57,208715
1166834,70,794851
-1,40,38168
1627636,56,200489
769257,68,614985
1590956,60,285591
1900021,47,76309
-1,1,0
-1,0
-1,0
-1,0
-1,0
-1,0
-1,0
-1,0
735655,64
281844,26
324611,26
753074,12
-1,0
-1,0
-1,0
246996,590
-1,2500
108634,855
445179,105
-1,0
-1,96
-1,0
-1,0
-1,0
-1,0
-1,0
1267202,5
-1,0
-1,2
-1,0
-1,0
-1,0
-1,0
-1,0
-1,0
-1,0
-1,0
-1,0
-1,0
-1,0
-1,0
-1,0
-1,0
-1,0
-1,0
-1,0
-1,0
-1,0
-1,0
-1,0
-1,0
-1,0
-1,0
-1,0
-1,0
-1,0
-1,0
-1,0
-1,0
-1,0
-1,0
-1,0
-1,0
-1,0
-1,0
-1,0
-1,0
-1,0
-1,0
-1,0
590123,50
-1,0
-1,0
-1,0
-1,0
-1,0
-1,0
-1,0
-1,0
-1,0
-1,0
-1,0
-1,0
-1,0
-1,0
-1,0
-1,0
-1,0
742023,159
-1,0
-1,0
-1,0
