1678152,1440,16005795
-1,63,383840
-1,59,254889
-1,65,449572
-1,64,429999
-1,61,302738
-1,46,74768
-1,61,325585
767093,87,4180038
1761208,70,740629
-1,55,174754
899215,78,1734897
918172,84,3005074
1662395,66,496463
1757582,60,300089
1476733,70,805697
1789884,52,127655
-1,57,208715
1174634,70,794851
-1,40,38168
1635875,56,200489
774542,68,614985
1599191,60,285591
1909664,47,76309
-1,1,0
-1,0
-1,0
-1,0
-1,0
-1,0
-1,0
-1,0
739491,64
284354,26
326884,26
757056,12
-1,0
-1,0
-1,0
247662,590
-1,2500
109136,855
450293,105
-1,0
-1,96
-1,0
-1,0
-1,0
-1,0
-1,0
1274168,5
-1,0
-1,2
-1,0
-1,0
-1,0
-1,0
-1,0
-1,0
-1,0
-1,0
-1,0
-1,0
-1,0
-1,0
-1,0
-1,0
-1,0
-1,0
-1,0
-1,0
-1,0
-1,0
-1,0
-1,0
-1,0
-1,0
-1,0
-1,0
-1,0
-1,0
-1,0
-1,0
-1,0
-1,0
-1,0
-1,0
-1,0
-1,0
-1,0
-1,0
-1,0
-1,0
-1,0
595705,50
-1,0
-1,0
-1,0
-1,0
-1,0
-1,0
-1,0
-1,0
-1,0
-1,0
-1,0
-1,0
-1,0
-1,0
-1,0
-1,0
-1,0
745556,159
-1,0
-1,0
-1,0
