1688280,1440,16005795
-1,63,383840
-1,59,254889
-1,65,449572
-1,64,429999
-1,61,302738
-1,46,74768
-1,61,325585
772368,87,4180038
1770987,70,740629
-1,55,174754
905192,78,1734897
923878,84,3005074
1672059,66,496463
1767495,60,300089
1486690,70,805697
1799658,52,127655
-1,57,208715
1183499,70,794851
-1,40,38168
1644534,56,200489
780409,68,614985
1607094,60,285591
1918675,47,76309
-1,1,0
-1,0
-1,0
-1,0
-1,0
-1,0
-1,0
-1,0
744568,64
287796,26
329997,26
761978,12
-1,0
-1,0
-1,0
247989,590
-1,2500
109477,855
455833,105
-1,0
-1,96
-1,0
-1,0
-1,0
-1,0
-1,0
1283135,5
-1,0
-1,2
-1,0
-1,0
-1,0
-1,0
-1,0
-1,0
-1,0
-1,0
-1,0
-1,0
-1,0
-1,0
-1,0
-1,0
-1,0
-1,0
-1,0
-1,0
-1,0
-1,0
-1,0
-1,0
-1,0
-1,0
-1,0
-1,0
-1,0
-1,0
-1,0
-1,0
-1,0
-1,0
-1,0
-1,0
-1,0
-1,0
-1,0
-1,0
-1,0
-1,0
-1,0
601996,50
-1,0
-1,0
-1,0
-1,0
-1,0
-1,0
-1,0
-1,0
-1,0
-1,0
-1,0
-1,0
-1,0
-1,0
-1,0
-1,0
-1,0
748946,159
-1,0
-1,0
-1,0
