1659144,1440,16005795
-1,63,383840
-1,59,254889
-1,65,449572
-1,64,429999
-1,61,302738
-1,46,74768
-1,61,325585
758618,87,4180038
1742937,70,740629
-1,55,174754
888201,78,1734897
907441,84,3005074
1644021,66,496463
1737391,60,300089
1456475,70,805697
1770870,52,127655
-1,57,208715
1158276,70,794851
-1,40,38168
1619016,56,200489
763581,68,614985
1581685,60,285591
1889061,47,76309
-1,1,0
-1,0
-1,0
-1,0
-1,0
-1,0
-1,0
-1,0
731261,64
278886,26
321923,26
748650,12
-1,0
-1,0
-1,0
246531,590
-1,2500
108250,855
440291,105
-1,0
-1,96
-1,0
-1,0
-1,0
-1,0
-1,0
1259769,5
-1,0
-1,2
-1,0
-1,0
-1,0
-1,0
-1,0
-1,0
-1,0
-1,0
-1,0
-1,0
-1,0
-1,0
-1,0
-1,0
-1,0
-1,0
-1,0
-1,0
-1,0
-1,0
-1,0
-1,0
-1,0
-1,0
-1,0
-1,0
-1,0
-1,0
-1,0
-1,0
-1,0
-1,0
-1,0
-1,0
-1,0
-1,0
-1,0
-1,0
-1,0
-1,0
583966,50
-1,0
-1,0
-1,0
-1,0
-1,0
-1,0
-1,0
-1,0
-1,0
-1,0
-1,0
-1,0
-1,0
-1,0
-1,0
-1,0
-1,0
738338,159
-1,0
-1,0
-1,0
