1661803,1440,16005795
-1,63,383840
-1,59,254889
-1,65,449572
-1,64,429999
-1,61,302738
-1,46,74768
-1,61,325585
759642,87,4180038
1745274,70,740629
-1,55,174754
889289,78,1734897
908691,84,3005074
1647234,66,496463
1740098,60,300089
1459275,70,805697
1773374,52,127655
-1,57,208715
1160438,70,794851
-1,40,38168
1621236,56,200489
765038,68,614985
1584074,60,285591
1892195,47,76309
-1,1,0
-1,0
-1,0
-1,0
-1,0
-1,0
-1,0
-1,0
732282,64
279579,26
322592,26
749711,12
-1,0
-1,0
-1,0
246678,590
-1,2500
108248,855
441276,105
-1,0
-1,96
-1,0
-1,0
-1,0
-1,0
-1,0
1261554,5
-1,0
-1,2
-1,0
-1,0
-1,0
-1,0
-1,0
-1,0
-1,0
-1,0
-1,0
-1,0
-1,0
-1,0
-1,0
-1,0
-1,0
-1,0
-1,0
-1,0
-1,0
-1,0
-1,0
-1,0
-1,0
-1,0
-1,0
-1,0
-1,0
-1,0
-1,0
-1,0
-1,0
-1,0
-1,0
-1,0
-1,0
-1,0
-1,0
-1,0
-1,0
-1,0
-1,0
585272,50
-1,0
-1,0
-1,0
-1,0
-1,0
-1,0
-1,0
-1,0
-1,0
-1,0
-1,0
-1,0
-1,0
-1,0
-1,0
-1,0
-1,0
739253,159
-1,0
-1,0
-1,0
