1689294,1440,16005795
-1,63,383840
-1,59,254889
-1,65,449572
-1,64,429999
-1,61,302738
-1,46,74768
-1,61,325585
772881,87,4180038
1772003,70,740629
-1,55,174754
905748,78,1734897
924502,84,3005074
1673002,66,496463
1768593,60,300089
1487783,70,805697
1800725,52,127655
-1,57,208715
1184300,70,794851
-1,40,38168
1645370,56,200489
781030,68,614985
1608002,60,285591
1919787,47,76309
-1,1,0
-1,0
-1,0
-1,0
-1,0
-1,0
-1,0
-1,0
745052,64
288113,26
330271,26
762426,12
-1,0
-1,0
-1,0
248017,590
-1,2500
109537,855
456446,105
-1,0
-1,96
-1,0
-1,0
-1,0
-1,0
-1,0
1283993,5
-1,0
-1,2
-1,0
-1,0
-1,0
-1,0
-1,0
-1,0
-1,0
-1,0
-1,0
-1,0
-1,0
-1,0
-1,0
-1,0
-1,0
-1,0
-1,0
-1,0
-1,0
-1,0
-1,0
-1,0
-1,0
-1,0
-1,0
-1,0
-1,0
-1,0
-1,0
-1,0
-1,0
-1,0
-1,0
-1,0
-1,0
-1,0
-1,0
-1,0
-1,0
-1,0
-1,0
602547,50
-1,0
-1,0
-1,0
-1,0
-1,0
-1,0
-1,0
-1,0
-1,0
-1,0
-1,0
-1,0
-1,0
-1,0
-1,0
-1,0
-1,0
749329,159
-1,0
-1,0
-1,0
