1687197,1440,16005795
-1,63,383840
-1,59,254889
-1,65,449572
-1,64,429999
-1,61,302738
-1,46,74768
-1,61,325585
771535,87,4180038
1769789,70,740629
-1,55,174754
904416,78,1734897
923287,84,3005074
1671127,66,496463
1767021,60,300089
1485949,70,805697
1798812,52,127655
-1,57,208715
1182402,70,794851
-1,40,38168
1643683,56,200489
779679,68,614985
1606592,60,285591
1918613,47,76309
-1,1,0
-1,0
-1,0
-1,0
-1,0
-1,0
-1,0
-1,0
743804,64
287249,26
329528,26
761284,12
-1,0
-1,0
-1,0
248186,590
-1,2500
109562,855
455131,105
-1,0
-1,96
-1,0
-1,0
-1,0
-1,0
-1,0
1281825,5
-1,0
-1,2
-1,0
-1,0
-1,0
-1,0
-1,0
-1,0
-1,0
-1,0
-1,0
-1,0
-1,0
-1,0
-1,0
-1,0
-1,0
-1,0
-1,0
-1,0
-1,0
-1,0
-1,0
-1,0
-1,0
-1,0
-1,0
-1,0
-1,0
-1,0
-1,0
-1,0
-1,0
-1,0
-1,0
-1,0
-1,0
-1,0
-1,0
-1,0
-1,0
-1,0
-1,0
601125,50
-1,0
-1,0
-1,0
-1,0
-1,0
-1,0
-1,0
-1,0
-1,0
-1,0
-1,0
-1,0
-1,0
-1,0
-1,0
-1,0
-1,0
748681,159
-1,0
-1,0
-1,0
