1687746,1440,16005795
-1,63,383840
-1,59,254889
-1,65,449572
-1,64,429999
-1,61,302738
-1,46,74768
-1,61,325585
772136,87,4180038
1770457,70,740629
-1,55,174754
904884,78,1734897
923610,84,3005074
1671558,66,496463
1766893,60,300089
1486160,70,805697
1799105,52,127655
-1,57,208715
1183064,70,794851
-1,40,38168
1644067,56,200489
780098,68,614985
1606677,60,285591
1918086,47,76309
-1,1,0
-1,0
-1,0
-1,0
-1,0
-1,0
-1,0
-1,0
744362,64
287624,26
329842,26
761758,12
-1,0
-1,0
-1,0
247975,590
-1,2500
109437,855
455572,105
-1,0
-1,96
-1,0
-1,0
-1,0
-1,0
-1,0
1282678,5
-1,0
-1,2
-1,0
-1,0
-1,0
-1,0
-1,0
-1,0
-1,0
-1,0
-1,0
-1,0
-1,0
-1,0
-1,0
-1,0
-1,0
-1,0
-1,0
-1,0
-1,0
-1,0
-1,0
-1,0
-1,0
-1,0
-1,0
-1,0
-1,0
-1,0
-1,0
-1,0
-1,0
-1,0
-1,0
-1,0
-1,0
-1,0
-1,0
-1,0
-1,0
-1,0
-1,0
601674,50
-1,0
-1,0
-1,0
-1,0
-1,0
-1,0
-1,0
-1,0
-1,0
-1,0
-1,0
-1,0
-1,0
-1,0
-1,0
-1,0
-1,0
748738,159
-1,0
-1,0
-1,0
