23040,2376,599657911
99131,99,21670524
132387,99,17009856
35083,99,73846837
33051,99,85418103
24390,99,98535822
117698,99,13120317
40764,99,39867764
57617,99,18398769
289875,99,13034441
93233,99,13462039
195274,99,13034533
156508,99,13321033
68871,99,14347155
158398,99,13034594
147083,99,13167005
23887,99,15053581
122647,99,13037360
37650,99,18072975
47015,99,23251949
126163,99,16486606
109470,99,13040927
143925,99,13037770
42650,99,13355301
67356,99,13052650
-1,0
-1,0
-1,0
-1,0
-1,0
-1,0
-1,0
96855,738
345184,20
117525,90
42516,407
136703,201
427684,8
195472,12
6021,6243
-1,2205
-1,0
170212,248
34572,40513
36390,760
64159,699
101064,878
12293,270
118562,466
91902,99
60615,729
452331,30
362355,5
85039,234
2510,2284
63612,1245
51892,482
96541,8
162213,30
91719,76
93308,246
111580,65
371434,25
79097,434
85344,532
76200,447
197664,25
37892,77
2957,2853
19443,1443
11854,3001
125672,225
174263,74
61111,265
551967,34
194969,1636
46757,436
16893,705
261345,71
80905,33
14338,400
188346,1
45644,669
112836,11
9948,508
397629,5
15366,687
164234,106
164624,27
338081,35
98407,112
225814,29
25581,6
44075,322
1044646,10
318327,9
87528,407
63285,148
22683,708
148733,203
82988,32
60208,121
-1,1
260227,148
41406,129
9974,556
67160,1
128432,11
10581,2292
58186,222
79751,109
163788,620
79757,642
60073,314
89081,191
54093,2045
