22870,2376,593280967
98060,99,21670524
137504,99,16745516
36503,99,71242140
33681,99,84004614
24338,99,97842244
127575,99,13101384
41863,99,39087055
56907,99,18398769
286959,99,13034441
92298,99,13462039
193542,99,13034533
155232,99,13321033
67770,99,14347155
156934,99,13034594
145181,99,13167005
23491,99,15053581
121426,99,13037335
37388,99,18072975
49437,99,22653746
124812,99,16486606
108060,99,13040927
142217,99,13037770
42285,99,13352331
63656,99,13052650
-1,0
-1,0
-1,0
-1,0
-1,0
-1,0
-1,0
95685,738
341544,20
116385,90
42155,407
135377,201
424737,8
194021,12
6121,6132
-1,2205
-1,0
166551,248
33839,40513
35789,758
63035,699
99861,878
12080,270
115875,466
90910,99
60206,729
431565,30
359992,5
84417,234
2475,2284
63251,1245
51591,482
94171,8
161182,30
91041,76
92528,246
111150,65
368668,25
78803,434
84991,532
75915,447
195452,25
36551,77
2870,2853
19363,1443
11757,3001
123180,225
172677,74
60902,265
549798,34
194376,1636
46486,436
16743,705
255752,71
67898,25
12199,400
186524,1
45168,669
111070,11
27813,131
395203,5
15055,687
161446,106
163714,27
334037,35
92076,112
223949,29
25086,6
43471,322
1032999,10
315167,9
85849,407
61869,148
22026,708
144704,203
81237,32
59674,121
-1,1
258464,148
41165,129
9827,556
66797,1
127941,11
10294,2292
57776,222
79110,109
162842,620
79104,642
58227,314
88254,191
53814,2045
