22881,2376,595921913
98427,99,21670524
138188,99,16745782
35218,99,73041817
33387,99,84604695
24505,99,97844130
127977,99,13101414
41586,99,39325071
57149,99,18398769
288047,99,13034441
92602,99,13462039
194134,99,13034533
155682,99,13321033
68156,99,14347155
157473,99,13034594
145799,99,13167005
23648,99,15053581
121905,99,13037335
37470,99,18072975
49818,99,22653746
125315,99,16486606
108592,99,13040927
142830,99,13037770
42423,99,13353321
65013,99,13052650
-1,0
-1,0
-1,0
-1,0
-1,0
-1,0
-1,0
96096,738
342827,20
116776,90
42315,407
135841,201
425777,8
194556,12
5982,6243
-1,2205
-1,0
167700,248
34096,40513
35897,759
63410,699
100296,878
12160,270
116809,466
91280,99
60346,729
439017,30
360844,5
84652,234
2486,2284
63382,1245
51710,482
95202,8
161537,30
91299,76
92805,246
111336,65
369663,25
78907,434
85103,532
76018,447
196246,25
37037,77
2899,2853
19395,1443
11782,3001
124074,225
173219,74
60971,265
550650,34
194586,1636
46585,436
16794,705
257699,71
72668,25
13025,400
187145,1
45309,669
111778,11
11525,421
396095,5
15164,687
162379,106
164060,27
335464,35
94467,112
224631,29
25255,6
43667,322
1037217,10
316284,9
86464,407
62331,148
22250,708
146084,203
81893,32
59861,121
-1,1
259121,148
41243,129
9875,556
66920,1
128124,11
10392,2292
57953,222
79397,109
163156,620
79342,642
58856,314
88554,191
53927,2045
