23322,2376,602020684
99511,99,21686013
132771,99,17031843
34550,99,75113292
33005,99,85958245
24542,99,98815360
118314,99,13120557
41032,99,40019371
58124,99,18398769
291862,99,13034441
93881,99,13462039
196599,99,13034533
157433,99,13321033
69527,99,14347155
159337,99,13034594
148116,99,13168250
24144,99,15053581
123332,99,13037403
37816,99,18072975
47197,99,23335896
127132,99,16486606
110294,99,13040927
144919,99,13037770
42893,99,13357381
70362,99,13052650
-1,0
-1,0
-1,0
-1,0
-1,0
-1,0
-1,0
97747,738
347756,20
118471,90
42784,407
137632,201
429713,8
196495,12
6044,6236
-1,2205
-1,0
172274,248
35104,40513
36830,762
64978,699
101897,878
12460,270
120345,466
92604,99
60975,729
465039,30
364004,5
85398,234
2542,2284
63903,1245
52033,482
97648,8
162846,30
92194,76
93788,246
111849,65
373332,25
79291,434
85605,532
76381,447
199228,25
38835,77
3007,2853
19523,1443
11926,3001
113135,254
175479,74
61256,265
553250,34
195316,1636
46920,436
17008,705
265216,71
89890,33
15733,400
189657,1
45930,669
113985,11
7259,690
399163,5
15622,687
166169,106
165232,27
340460,35
102442,112
227142,29
25998,6
44579,322
1051843,10
320418,9
88567,407
64620,148
23175,708
151926,203
84202,32
60609,121
-1,1
261363,148
41545,129
9900,561
67368,1
128732,11
10770,2292
58462,222
80183,109
164333,620
80159,642
61391,314
89668,191
54191,2045
