23094,2376,588336341
98150,99,21641837
138667,99,16689527
37206,99,70182180
34326,99,83069505
25294,99,96089757
129376,99,13098364
41886,99,38969456
56717,99,18398769
286287,99,13034441
93363,99,13449964
193162,99,13034533
154985,99,13321033
67438,99,14347140
156626,99,13034594
144665,99,13167005
28947,99,14558376
121213,99,13037302
37321,99,18072975
52116,99,22171129
124410,99,16486606
108817,99,13040327
142239,99,13037530
42243,99,13351341
62273,99,13052650
-1,0
-1,0
-1,0
-1,0
-1,0
-1,0
-1,0
95406,738
340628,20
116046,90
42087,407
135026,201
424126,8
193701,12
6122,6132
-1,2205
-1,0
165972,248
33685,40513
36566,752
62730,699
99578,878
12041,270
115112,466
90676,99
60125,729
425554,30
359482,5
84284,234
2458,2284
63188,1245
51554,482
93641,8
161059,30
90976,76
92387,246
111130,65
368192,25
78784,434
84958,532
75908,447
194901,25
41193,49
2841,2853
19356,1443
11736,3001
122435,225
172236,74
60874,265
549884,34
194346,1636
46461,436
16714,705
254324,71
-1,0
11548,400
186069,1
45081,669
110641,11
42656,46
394759,5
14976,687
160852,106
163628,27
333288,35
89774,112
223508,29
24951,6
43317,322
1030422,10
314404,9
85370,407
61479,148
21835,708
143658,203
80791,32
59546,121
-1,1
258139,148
41134,129
9786,556
66781,1
127889,11
10218,2292
57709,222
78952,109
162714,620
78972,642
57747,314
88019,191
53926,2041
