22975,2376,599657911
99037,99,21670524
132273,99,17009856
35026,99,73846837
32985,99,85418103
24357,99,98535822
117609,99,13120317
40679,99,39867764
57560,99,18398769
289617,99,13034441
93150,99,13462039
195150,99,13034533
156395,99,13321033
68783,99,14347155
158301,99,13034594
146916,99,13167005
23866,99,15053581
122573,99,13037360
37640,99,18072975
46931,99,23251949
126043,99,16486606
109368,99,13040927
143797,99,13037770
42600,99,13355301
67061,99,13052650
-1,0
-1,0
-1,0
-1,0
-1,0
-1,0
-1,0
96753,738
344854,20
117423,90
42479,407
136589,201
427455,8
195338,12
6017,6243
-1,2205
-1,0
169931,248
34518,40513
36262,760
64038,699
100967,878
12263,270
118311,466
91825,99
60574,729
450477,30
362169,5
85017,234
2507,2284
63588,1245
51881,482
96397,8
162127,30
91671,76
93261,246
111561,65
371242,25
79084,434
85323,532
76184,447
197502,25
37782,77
2952,2853
19440,1443
11847,3001
125432,225
174124,74
61096,265
551848,34
194942,1636
46737,436
16879,705
260873,71
79393,33
14142,400
188178,1
45602,669
112719,11
9906,508
397435,5
15344,687
164015,106
164584,27
337780,35
97905,112
225680,29
25535,6
43999,322
1043724,10
318074,9
87416,407
63151,148
22616,708
148365,203
82820,32
60157,121
-1,1
260104,148
41390,129
9961,556
67144,1
128417,11
10554,2292
58168,222
79701,109
163702,620
79718,642
59915,314
89016,191
54117,2045
