22833,2376,598322936
98650,99,21670524
134084,99,16915396
34930,99,73607183
33013,99,85130254
24338,99,98255998
127742,99,13102147
40815,99,39695069
57290,99,18398769
288607,99,13034441
92799,99,13462039
194488,99,13034533
155927,99,13321033
68392,99,14347155
157771,99,13034594
146257,99,13167005
23727,99,15053581
122146,99,13037338
37532,99,18072975
47939,99,23010638
125560,99,16486606
108892,99,13040927
143216,99,13037770
42463,99,13354311
65726,99,13052650
-1,0
-1,0
-1,0
-1,0
-1,0
-1,0
-1,0
96350,738
343565,20
117007,90
42376,407
136129,201
426409,8
194857,12
5997,6243
-1,2205
-1,0
168563,248
34244,40513
36093,759
63651,699
100566,878
12196,270
117364,466
91477,99
60428,729
443375,30
361335,5
84785,234
2494,2284
63456,1245
51774,482
95679,8
161741,30
91434,76
92972,246
111421,65
370223,25
78982,434
85188,532
76081,447
196714,25
37288,77
2927,2853
19412,1443
11803,3001
124593,225
173551,74
61024,265
551096,34
194739,1636
46634,436
16817,705
258864,71
74811,25
13457,400
187520,1
45419,669
112166,11
9716,503
396592,5
15221,687
162975,106
164260,27
336256,35
95788,112
225008,29
25359,6
43785,322
1039617,10
316952,9
86805,407
62626,148
22377,708
146951,203
82238,32
59960,121
-1,1
259526,148
41291,129
9909,556
67015,1
128243,11
10451,2292
58020,222
79473,109
163371,620
79447,642
59247,314
88713,191
53994,2045
