23467,2376,577297042
101671,99,21288964
161239,99,15906519
38721,99,67794048
35953,99,80715610
26547,99,93543495
181533,99,13044963
43191,99,38174291
56308,99,18398769
284188,99,13034441
93218,99,13445194
192038,99,13034533
154152,99,13321033
67838,99,14316163
155644,99,13034594
144119,99,13161980
28619,99,14556856
122268,99,13036262
37101,99,18072975
63601,99,20471302
123399,99,16486606
118324,99,13035327
141169,99,13037501
42139,99,13348064
75193,99,13037552
-1,0
-1,0
-1,0
-1,0
-1,0
-1,0
-1,0
94626,738
338171,20
115215,90
41835,407
134014,201
422103,8
192731,12
6086,6132
-1,2205
-1,0
164349,248
33160,40513
36666,747
61919,699
98807,878
11885,270
113166,466
89894,99
59797,729
408699,30
357889,5
83721,234
2434,2284
62879,1245
51371,482
92874,8
160408,30
90513,76
91865,246
110881,65
366356,25
78564,434
84685,532
75721,447
193425,25
40301,47
2788,2853
19292,1443
11667,3001
120474,225
171031,74
60732,265
548586,34
193896,1636
46257,436
16613,705
250424,71
184823,1
10977,350
44760,669
109352,11
40939,46
393035,5
14772,687
159104,106
162935,27
330749,35
103305,58
222352,29
24595,6
42819,322
1022525,10
311270,9
83997,407
60476,148
21310,708
140551,203
79460,32
59078,121
-1,1
256945,148
40956,129
9645,556
66539,1
127482,11
10017,2292
57393,222
78489,109
162064,620
78613,642
56463,314
87408,191
53780,2041
