23439,2376,602020684
99693,99,21686013
133039,99,17031843
34678,99,75113292
33144,99,85958245
24634,99,98815360
118509,99,13120557
41218,99,40019371
58270,99,18398769
292412,99,13034441
94058,99,13462039
196916,99,13034533
157684,99,13321033
69697,99,14347155
159568,99,13034594
148497,99,13168250
24248,99,15053581
123573,99,13037403
37879,99,18072975
47356,99,23335896
127391,99,16486606
110505,99,13040927
145227,99,13037770
43028,99,13357381
70946,99,13052650
-1,0
-1,0
-1,0
-1,0
-1,0
-1,0
-1,0
97968,738
348440,20
118725,90
42867,407
137871,201
430224,8
196791,12
6058,6236
-1,2205
-1,0
172936,248
35275,40513
36987,762
65180,699
102097,878
12510,270
120828,466
92796,99
61055,729
468032,30
364505,5
85457,234
2548,2284
63995,1245
52095,482
97970,8
163035,30
92352,76
93916,246
111940,65
373899,25
79341,434
85674,532
76421,447
199703,25
39116,77
3020,2853
19541,1443
11938,3001
113489,254
175783,74
61305,265
553700,34
195439,1636
46979,436
17041,705
266308,71
91731,33
16058,400
189992,1
46030,669
114262,11
7338,690
399582,5
15678,687
166673,106
165442,27
341120,35
103416,112
227473,29
26109,6
44701,322
1053627,10
320951,9
88852,407
65022,148
23310,708
152751,203
84537,32
60727,121
-1,1
261679,148
41599,129
9923,561
67422,1
128840,11
10823,2292
58541,222
80315,109
164487,620
80281,642
61733,314
89813,191
54230,2045
