23814,2376,603088677
100104,99,21688943
133775,99,17038376
34834,99,75503861
33404,99,86143534
24881,99,98941361
119167,99,13120557
41647,99,40079582
58749,99,18398769
270001,99,13036323
92239,99,13485934
198012,99,13034533
158472,99,13321301
70302,99,14347155
160478,99,13034594
149661,99,13168980
24565,99,15054661
124372,99,13037443
38062,99,18072975
47881,99,23335896
128324,99,16486873
54184,99,13307895
145710,99,13038050
43336,99,13358431
73001,99,13052650
-1,0
-1,0
-1,0
-1,0
-1,0
-1,0
-1,0
98842,738
351101,20
119768,90
43132,407
138736,201
432206,8
197800,12
6074,6236
-1,2205
-1,0
174913,248
35791,40513
37632,762
65931,699
102829,878
12680,270
122540,466
93496,99
61374,729
480304,30
366099,5
85530,234
2578,2284
64283,1245
52178,483
99116,8
163636,30
92850,76
94377,246
112152,65
375630,25
79553,434
85882,532
76597,447
201224,25
40093,77
3082,2853
19608,1443
12007,3001
114753,254
176940,74
61476,265
554957,34
195766,1636
47154,436
17153,705
270269,71
98246,33
17287,400
191222,1
46297,669
115572,11
7142,743
401096,5
15871,687
168771,106
166095,27
343306,35
106766,112
228600,29
26482,6
45197,322
1060002,10
322862,9
89888,407
66133,148
23788,708
155706,203
85761,32
61159,121
-1,1
262697,148
41754,129
9876,564
67608,1
129119,11
11009,2292
58735,222
80774,109
165083,620
80513,642
63015,314
90356,191
54361,2045
