543919,1999,140728652
536036,98,12819870
929123,85,3551281
847318,98,11892696
495297,99,19255578
477811,99,15805774
641921,80,2089906
616836,98,12023185
794046,86,3894470
524307,88,4428152
641424,86,3635607
455382,88,4611576
171569,99,13257230
332243,93,7444582
741746,77,1560276
685447,82,2561345
423221,86,3695327
583898,79,1914457
556139,82,2434856
504796,92,6517591
677452,87,4121886
858515,66,507879
638475,79,1875175
1021888,71,829953
-1,1,0
-1,0
-1,0
-1,0
-1,0
-1,0
-1,0
-1,0
148507,533
49157,204
159513,64
220667,90
223056,136
191480,31
235637,8
251617,587
-1,2500
-1,0
-1,0
-1,0
-1,402
153485,308
-1,0
-1,0
-1,0
176464,15
236851,301
-1,0
233964,7
-1,2
-1,0
325895,117
120777,181
95473,9
-1,3
140360,50
247071,38
-1,0
268940,34
474508,11
560377,47
485325,9
127586,29
-1,0
-1,1
393062,42
-1,1
361041,35
345929,41
238647,50
-1,0
350587,805
222513,20
196924,73
-1,0
-1,0
-1,0
139558,2
-1,4
-1,0
-1,0
-1,0
254643,20
-1,0
306182,5
-1,0
-1,0
170631,35
-1,0
-1,0
-1,0
158633,27
124890,311
-1,0
120351,5
-1,0
-1,1
68811,89
-1,0
-1,0
133539,54
172419,21
-1,0
-1,2
113344,142
-1,0
124687,55
684452,48
68626,652
-1,0
82054,210
209505,622
