541373,1999,140718341
534524,98,12819870
927275,85,3551281
845101,98,11892637
493691,99,19255559
476639,99,15805774
644219,80,2079826
615544,98,12023032
791991,86,3894470
522267,88,4428152
639836,86,3635607
453933,88,4611576
171124,99,13257230
331094,93,7444582
739790,77,1560276
683413,82,2561345
421928,86,3695327
582427,79,1914457
554434,82,2434856
503067,92,6517591
675576,87,4121886
856353,66,507879
636835,79,1875175
1019225,71,829953
-1,1,0
-1,0
-1,0
-1,0
-1,0
-1,0
-1,0
-1,0
147890,533
48767,204
158864,64
219970,90
222467,136
190882,31
234999,8
251747,587
-1,2500
-1,0
-1,0
-1,0
-1,402
152576,308
-1,0
-1,0
-1,0
175687,15
236240,301
-1,0
233271,7
-1,2
-1,0
324927,117
120563,181
94847,9
-1,3
139988,50
246477,38
-1,0
268306,34
473451,11
558854,47
484281,9
126691,29
-1,0
-1,1
392204,42
-1,1
359268,35
344861,41
238057,50
-1,0
350144,805
222068,20
196322,73
-1,0
-1,0
-1,0
139008,2
-1,4
-1,0
-1,0
-1,0
253135,20
-1,0
305422,5
-1,0
-1,0
170122,35
-1,0
-1,0
-1,0
158251,27
124063,311
-1,0
119463,5
-1,0
-1,1
68518,89
-1,0
-1,0
133178,54
171432,21
-1,0
-1,2
112457,142
-1,0
124350,55
682732,48
68582,652
-1,0
81787,210
209025,622
