539357,1999,140718341
533068,98,12819870
925332,85,3551281
842888,98,11892637
492095,99,19255559
475400,99,15805774
642815,80,2079826
614090,98,12023032
790518,86,3894470
520694,88,4428152
638627,86,3635607
452720,88,4611576
170694,99,13257230
330247,93,7444582
738039,77,1560276
681262,82,2561345
420937,86,3695327
581170,79,1914457
553081,82,2434856
501667,92,6517591
674021,87,4121886
854608,66,507879
635357,79,1875175
1017142,71,829953
-1,1,0
-1,0
-1,0
-1,0
-1,0
-1,0
-1,0
-1,0
147384,533
48496,204
158314,64
219341,90
221899,136
190346,31
234470,8
251550,587
-1,2500
-1,0
-1,0
-1,0
-1,402
151812,308
-1,0
-1,0
-1,0
175076,15
235779,301
-1,0
232637,7
-1,2
-1,0
324167,117
120389,181
94363,9
-1,3
139755,50
246048,38
-1,0
267785,34
472633,11
557683,47
483452,9
126012,29
-1,0
-1,1
391604,42
-1,1
357668,35
343944,41
237626,50
-1,0
349774,805
221708,20
195888,73
-1,0
-1,0
-1,0
138570,2
-1,4
-1,0
-1,0
-1,0
251929,20
-1,0
304844,5
-1,0
-1,0
169643,35
-1,0
-1,0
-1,0
157930,27
123355,311
-1,0
118810,5
-1,0
-1,1
68323,89
-1,0
-1,0
132902,54
170649,21
-1,0
-1,2
111759,142
-1,0
124018,55
681208,48
68430,652
-1,0
81578,210
208646,622
