544384,1999,140728652
536408,98,12819870
929637,85,3551281
847826,98,11892696
495662,99,19255578
478139,99,15805774
642228,80,2089906
617152,98,12023185
794418,86,3894470
524736,88,4428152
641746,86,3635607
455665,88,4611576
171670,99,13257230
332466,93,7444582
742135,77,1560276
686013,82,2561345
423508,86,3695327
584236,79,1914457
556469,82,2434856
505097,92,6517591
677862,87,4121886
858928,66,507879
638837,79,1875175
1022318,71,829953
-1,1,0
-1,0
-1,0
-1,0
-1,0
-1,0
-1,0
-1,0
148659,533
49238,204
159663,64
220844,90
223172,136
191603,31
235781,8
251640,587
-1,2500
-1,0
-1,0
-1,0
-1,402
153648,308
-1,0
-1,0
-1,0
176633,15
236969,301
-1,0
234079,7
-1,2
-1,0
326092,117
120832,181
95597,9
-1,3
140420,50
247175,38
-1,0
269046,34
474698,11
560672,47
485521,9
127765,29
-1,0
-1,1
393184,42
-1,1
361353,35
346189,41
238741,50
-1,0
350658,805
222587,20
197013,73
-1,0
-1,0
-1,0
139671,2
-1,4
-1,0
-1,0
-1,0
254910,20
-1,0
306333,5
-1,0
-1,0
170701,35
-1,0
-1,0
-1,0
158724,27
125052,311
-1,0
120501,5
-1,0
-1,1
68868,89
-1,0
-1,0
133598,54
172593,21
-1,0
-1,2
113517,142
-1,0
124763,55
684817,48
68664,652
-1,0
82099,210
209616,622
