524213,1999,140718341
522219,98,12819870
910249,85,3551281
826960,98,11892637
481115,99,19255559
465827,99,15805774
632315,80,2079826
602807,98,12023032
779938,86,3894470
510731,88,4428152
630654,86,3635607
444695,88,4611576
167933,99,13257230
323737,93,7444582
725005,77,1560276
667514,82,2561345
413207,86,3695327
570778,79,1914457
543742,82,2434856
491282,92,6517591
663685,87,4121886
840787,66,507879
623643,79,1875175
1000809,71,829953
-1,1,0
-1,0
-1,0
-1,0
-1,0
-1,0
-1,0
-1,0
144091,533
46759,204
155033,64
215534,90
218150,136
186929,31
230941,8
250188,587
-1,2500
-1,0
-1,0
-1,0
-1,402
146744,308
-1,0
-1,0
-1,0
171139,15
232807,301
-1,0
229281,7
-1,2
-1,0
319335,117
118863,181
90384,9
-1,3
138140,50
242881,38
-1,0
264544,34
467089,11
549718,47
477968,9
121771,29
-1,0
-1,1
387303,42
-1,1
344939,35
337893,41
234982,50
-1,0
347691,805
219547,20
193084,73
-1,0
-1,0
-1,0
135664,2
-1,4
-1,0
-1,0
-1,0
243236,20
-1,0
300274,5
-1,0
-1,0
166670,35
-1,0
-1,0
-1,0
155417,27
118171,311
-1,0
114210,5
-1,0
-1,1
66987,89
-1,0
-1,0
130871,54
165696,21
-1,0
-1,2
107087,142
-1,0
121969,55
671894,48
67271,652
-1,0
79945,210
206218,622
