525757,1999,140718341
523359,98,12819870
911752,85,3551281
828534,98,11892637
482230,99,19255559
466771,99,15805774
633355,80,2079826
603867,98,12023032
780731,86,3894470
511625,88,4428152
631350,86,3635607
445231,88,4611576
168157,99,13257230
324462,93,7444582
726166,77,1560276
668895,82,2561345
413877,86,3695327
571486,79,1914457
544485,82,2434856
492471,92,6517591
664568,87,4121886
842003,66,507879
624789,79,1875175
1002399,71,829953
-1,1,0
-1,0
-1,0
-1,0
-1,0
-1,0
-1,0
-1,0
144418,533
46895,204
155315,64
215851,90
218520,136
187223,31
231274,8
250295,587
-1,2500
-1,0
-1,0
-1,0
-1,402
147246,308
-1,0
-1,0
-1,0
171516,15
233053,301
-1,0
229580,7
-1,2
-1,0
319728,117
118964,181
90581,9
-1,3
138275,50
243148,38
-1,0
264822,34
467511,11
550331,47
478389,9
122126,29
-1,0
-1,1
387696,42
-1,1
346555,35
338425,41
235183,50
-1,0
347893,805
219737,20
193313,73
-1,0
-1,0
-1,0
135929,2
-1,4
-1,0
-1,0
-1,0
244082,20
-1,0
300703,5
-1,0
-1,0
166932,35
-1,0
-1,0
-1,0
155683,27
118637,311
-1,0
114638,5
-1,0
-1,1
67126,89
-1,0
-1,0
131050,54
166139,21
-1,0
-1,2
107501,142
-1,0
122159,55
672721,48
67348,652
-1,0
80055,210
206381,622
