524652,1999,140718341
522532,98,12819870
910718,85,3551281
827457,98,11892637
481468,99,19255559
466152,99,15805774
632653,80,2079826
603166,98,12023032
780180,86,3894470
510967,88,4428152
630866,86,3635607
444831,88,4611576
168006,99,13257230
323938,93,7444582
725354,77,1560276
667906,82,2561345
413426,86,3695327
571060,79,1914457
543972,82,2434856
491637,92,6517591
663934,87,4121886
841231,66,507879
623978,79,1875175
1001310,71,829953
-1,1,0
-1,0
-1,0
-1,0
-1,0
-1,0
-1,0
-1,0
144180,533
46795,204
155102,64
215630,90
218266,136
187032,31
231048,8
250236,587
-1,2500
-1,0
-1,0
-1,0
-1,402
146877,308
-1,0
-1,0
-1,0
171253,15
232886,301
-1,0
229372,7
-1,2
-1,0
319446,117
118909,181
90469,9
-1,3
138187,50
242987,38
-1,0
264640,34
467235,11
549918,47
478108,9
121880,29
-1,0
-1,1
387452,42
-1,1
345414,35
338040,41
235067,50
-1,0
347757,805
219614,20
193174,73
-1,0
-1,0
-1,0
135757,2
-1,4
-1,0
-1,0
-1,0
243508,20
-1,0
300415,5
-1,0
-1,0
166730,35
-1,0
-1,0
-1,0
155491,27
118324,311
-1,0
114345,5
-1,0
-1,1
67045,89
-1,0
-1,0
130931,54
165832,21
-1,0
-1,2
107205,142
-1,0
122028,55
672179,48
67291,652
-1,0
79983,210
206281,622
