546907,1999,140728652
538422,98,12819870
932396,85,3551281
850785,98,11892696
497706,99,19255578
479836,99,15805774
644339,80,2089906
619270,98,12023185
796422,86,3894470
526797,88,4428152
643295,86,3635607
457236,88,4611576
172236,99,13257230
333565,93,7444582
744536,77,1560276
688491,82,2561345
424963,86,3695327
586019,79,1914457
558221,82,2434856
506831,92,6517591
679875,87,4121886
861555,66,507879
640883,79,1875175
1025233,71,829953
-1,1,0
-1,0
-1,0
-1,0
-1,0
-1,0
-1,0
-1,0
149306,533
49601,204
160362,64
221654,90
223827,136
192264,31
236469,8
251803,587
-1,2500
-1,0
-1,0
-1,0
-1,402
154639,308
-1,0
-1,0
-1,0
177421,15
237611,301
-1,0
234776,7
-1,2
-1,0
327155,117
121113,181
96255,9
-1,3
140729,50
247747,38
-1,0
269676,34
475790,11
562247,47
486607,9
128511,29
-1,0
-1,1
394071,42
-1,1
363122,35
347279,41
239327,50
-1,0
351079,805
223006,20
197587,73
-1,0
-1,0
-1,0
140245,2
-1,4
-1,0
-1,0
-1,0
256437,20
-1,0
307234,5
-1,0
-1,0
171259,35
-1,0
-1,0
-1,0
159136,27
125893,311
-1,0
121375,5
-1,0
-1,1
69194,89
-1,0
-1,0
134001,54
173680,21
-1,0
-1,2
114470,142
-1,0
125234,55
686751,48
68943,652
-1,0
82421,210
210174,622
