538289,1999,140718341
532264,98,12819870
924227,85,3551281
841719,98,11892637
491308,99,19255559
474675,99,15805774
641975,80,2079826
613167,98,12023032
789731,86,3894470
520046,88,4428152
638061,86,3635607
452150,88,4611576
170476,99,13257230
329800,93,7444582
737085,77,1560276
680211,82,2561345
420371,86,3695327
580362,79,1914457
552348,82,2434856
500975,92,6517591
673273,87,4121886
853612,66,507879
634533,79,1875175
1015934,71,829953
-1,1,0
-1,0
-1,0
-1,0
-1,0
-1,0
-1,0
-1,0
147144,533
48364,204
158053,64
219043,90
221645,136
190083,31
234201,8
251456,587
-1,2500
-1,0
-1,0
-1,0
-1,402
151481,308
-1,0
-1,0
-1,0
174786,15
235517,301
-1,0
232373,7
-1,2
-1,0
323762,117
120280,181
94107,9
-1,3
139628,50
245777,38
-1,0
267522,34
472171,11
557013,47
483000,9
125692,29
-1,0
-1,1
391239,42
-1,1
356922,35
343535,41
237398,50
-1,0
349613,805
221541,20
195650,73
-1,0
-1,0
-1,0
138322,2
-1,4
-1,0
-1,0
-1,0
251319,20
-1,0
304516,5
-1,0
-1,0
169418,35
-1,0
-1,0
-1,0
157781,27
123021,311
-1,0
118481,5
-1,0
-1,1
68199,89
-1,0
-1,0
132728,54
170225,21
-1,0
-1,2
111385,142
-1,0
123880,55
680474,48
68320,652
-1,0
81458,210
208428,622
