69752,2351,369375691
217688,99,15868805
177888,99,15496980
205902,99,23187226
205383,99,33144237
195697,99,30628899
369690,88,4640712
217491,99,18688664
51311,99,19213436
178640,99,13207486
75308,99,13661747
186186,99,13035013
90781,99,14091487
69005,99,14314131
154591,99,13034822
176925,99,13048665
203168,94,8554336
129690,99,13034866
108013,99,13620561
146087,99,15029440
167734,99,14948796
123592,99,13034641
35273,99,16918509
68275,99,13225981
135752,90,5746251
-1,0
-1,0
-1,0
-1,0
-1,0
-1,0
-1,0
38485,1365
35922,267
25566,388
77100,260
65551,312
43842,112
123164,26
-1,463
-1,2500
-1,55
50698,493
134672,11856
24189,837
18614,1299
128166,653
292762,12
135063,353
-1,0
144725,441
-1,0
72362,27
308343,8
287728,7
110265,825
275688,23
-1,0
301893,7
237057,25
5800,1723
-1,0
37715,191
150974,225
206455,260
139940,242
144803,25
-1,0
-1,1
271115,117
226058,143
122239,225
91302,107
174441,94
91966,432
108786,2469
173816,49
32647,460
22814,398
-1,0
-1,0
59903,6
-1,0
124655,7
-1,0
85503,21
258318,13
121344,158
214475,22
110744,146
-1,0
257949,26
-1,0
-1,0
7517,1179
221549,18
40194,646
114621,79
-1,1
140995,206
-1,1
-1,0
-1,0
42480,1577
174021,37
-1,0
-1,0
59484,19
-1,1
-1,1
-1,1
420744,154
1035571,88
-1,0
26500,543
171640,788
