72467,2355,372623702
218725,99,15991593
178360,99,15619768
213162,99,23360569
212311,99,33284032
202811,99,30629433
376701,88,4649318
226268,99,18695020
53034,99,19213436
183494,99,13212161
77612,99,13661747
191205,99,13035013
92887,99,14091487
71882,99,14314131
156111,99,13035334
182962,99,13048665
197016,95,9413431
133213,99,13034875
110287,99,13622399
148237,99,15172986
168006,99,15080360
127309,99,13034641
36534,99,16918961
70609,99,13228173
131031,93,7276169
-1,0
-1,0
-1,0
-1,0
-1,0
-1,0
-1,0
40165,1365
37926,267
26502,388
79093,260
67880,312
45722,112
126107,26
-1,463
-1,2500
-1,55
53034,493
142407,11856
25680,842
19491,1299
132480,653
311330,12
143576,353
-1,0
147428,441
-1,0
74090,27
312627,8
296148,7
112193,825
280992,23
-1,0
308689,7
241578,25
5923,1723
-1,0
38810,191
152680,225
209694,260
141315,242
151522,25
-1,0
-1,1
275482,117
231347,143
128994,225
92501,108
177224,94
92770,432
109559,2469
176360,49
33481,460
24882,398
-1,0
-1,0
61885,6
-1,0
130489,7
-1,0
87439,21
270136,13
127252,158
219461,22
112936,146
-1,0
263581,26
-1,0
-1,0
7703,1179
226886,18
42151,646
122318,79
-1,1
153002,206
-1,1
-1,0
-1,0
43340,1577
178364,37
-1,0
-1,0
56840,20
-1,1
-1,1
-1,1
427409,154
1049921,88
-1,0
27358,543
174159,788
