71650,2354,372254915
217442,99,15991593
177047,99,15619768
210781,99,23360569
210192,99,33284032
201081,99,30629433
374734,88,4649318
224202,99,18694565
52581,99,19213436
181921,99,13212161
76983,99,13661747
190069,99,13035013
92351,99,14091487
71193,99,14314131
155244,99,13035334
181405,99,13048665
195533,95,9411213
132275,99,13034875
109671,99,13622399
146859,99,15172986
166692,99,15080360
126259,99,13034641
36271,99,16918961
69833,99,13228173
131144,92,6910055
-1,0
-1,0
-1,0
-1,0
-1,0
-1,0
-1,0
39694,1365
37317,267
26229,388
78527,260
67215,312
45218,112
125295,26
-1,463
-1,2500
-1,55
52439,493
140477,11856
25263,841
19249,1299
131425,653
306484,12
141395,353
-1,0
146636,441
-1,0
73570,27
311800,8
293793,7
111656,825
279816,23
-1,0
306954,7
240361,25
5892,1723
-1,0
38487,191
152206,225
208811,260
140944,242
149672,25
-1,0
-1,1
274280,117
229998,143
127395,225
91838,108
176416,94
92562,432
109370,2469
175685,49
33241,460
24301,398
-1,0
-1,0
61347,6
-1,0
128764,7
-1,0
86884,21
267081,13
125516,158
218113,22
112376,146
-1,0
262193,26
-1,0
-1,0
7699,1179
225569,18
41616,646
120240,79
-1,1
149743,206
-1,1
-1,0
-1,0
43129,1577
177224,37
-1,0
-1,0
56772,20
-1,1
-1,1
-1,1
425582,154
1046515,88
-1,0
27110,543
173438,788
