71575,2351,369990897
216354,99,15963466
176165,99,15591641
208133,99,23283590
207464,99,33239466
198352,99,30628899
371978,88,4648022
220704,99,18692824
51920,99,19213436
180663,99,13207486
76075,99,13661747
187709,99,13035013
91432,99,14091487
70116,99,14314131
155889,99,13034822
179098,99,13048665
205025,94,8555913
130834,99,13034875
108869,99,13620561
146106,99,15115306
168707,99,14970805
124809,99,13034641
35769,99,16918509
69348,99,13225981
139124,90,5859611
-1,0
-1,0
-1,0
-1,0
-1,0
-1,0
-1,0
39019,1365
36560,267
25847,388
77718,260
66327,312
44495,112
124139,26
-1,463
-1,2500
-1,55
51512,493
137535,11856
24841,837
18897,1299
129739,653
299065,12
138085,353
-1,0
145553,441
-1,0
72903,27
309955,8
290520,7
110884,825
277832,23
-1,0
304221,7
238546,25
5839,1723
-1,0
38053,191
151510,225
207506,260
140369,242
147051,25
-1,0
-1,1
272525,117
227863,143
124707,225
92173,107
175213,94
92187,432
109058,2469
174589,49
32918,460
23526,398
-1,0
-1,0
60549,6
-1,0
126671,7
-1,0
86158,21
262417,13
123237,158
216136,22
111569,146
-1,0
259851,26
-1,0
-1,0
7630,1179
223490,18
40883,646
116855,79
-1,1
144831,206
-1,1
-1,0
-1,0
42805,1577
175475,37
-1,0
-1,0
59677,19
-1,1
-1,1
-1,1
422936,154
1040718,88
-1,0
26789,543
172416,788
