69260,2351,369259907
217987,99,15842526
178210,99,15470842
205197,99,23154886
204720,99,33115998
194910,99,30628899
368977,88,4640652
216582,99,18685936
51154,99,19213436
178100,99,13207486
75123,99,13661747
185764,99,13035013
90587,99,14091487
68642,99,14314131
154253,99,13034822
176273,99,13048665
202606,94,8554336
129355,99,13034866
107763,99,13620561
145243,99,15029440
167249,99,14948796
123291,99,13034641
35141,99,16918509
67967,99,13225981
134552,90,5746251
-1,0
-1,0
-1,0
-1,0
-1,0
-1,0
-1,0
38325,1365
35755,267
25502,388
76931,260
65292,312
43681,112
122926,26
-1,463
-1,2500
-1,55
50474,493
133881,11856
24222,835
18544,1299
127689,653
291078,12
134158,353
-1,0
144514,441
-1,0
72203,27
307969,8
286955,7
110072,825
275290,23
-1,0
301217,7
236705,25
5794,1723
-1,0
37634,191
150845,225
206175,260
139828,242
144169,25
-1,0
-1,1
270726,117
225554,143
121330,225
91045,107
174245,94
91880,432
108709,2469
173637,49
32586,460
22623,398
-1,0
-1,0
59703,6
-1,0
124040,7
-1,0
85293,21
257081,13
120813,158
213996,22
110536,146
-1,0
257370,26
-1,0
-1,0
7497,1179
220966,18
39989,646
157303,51
-1,1
139886,206
-1,1
-1,0
-1,0
42373,1577
173616,37
-1,0
-1,0
59428,19
-1,1
-1,1
-1,1
420183,154
1034089,88
-1,0
26423,543
171411,788
