71769,2351,369993407
216605,99,15963466
176385,99,15591641
208581,99,23283590
207869,99,33239466
198658,99,30628899
372309,88,4648022
221093,99,18692824
51979,99,19213436
180887,99,13207486
76159,99,13661747
187912,99,13035013
91514,99,14091487
70246,99,14314131
156084,99,13034822
179298,99,13048665
205249,94,8555913
130991,99,13034875
108981,99,13620561
146353,99,15115306
168891,99,14970805
124982,99,13034641
35844,99,16918509
69471,99,13225981
139582,90,5862121
-1,0
-1,0
-1,0
-1,0
-1,0
-1,0
-1,0
39087,1365
36623,267
25878,388
77802,260
66418,312
44583,112
124271,26
-1,463
-1,2500
-1,55
51619,493
137888,11856
24921,837
18926,1299
129947,653
299871,12
138418,353
-1,0
145656,441
-1,0
72957,27
310188,8
290848,7
110973,825
278112,23
-1,0
304511,7
238721,25
5849,1723
-1,0
38097,191
151606,225
207650,260
140457,242
147338,25
-1,0
-1,1
272729,117
228084,143
124990,225
92256,107
175330,94
92225,432
109100,2469
174709,49
32953,460
23598,398
-1,0
-1,0
60647,6
-1,0
126919,7
-1,0
86229,21
262928,13
123461,158
216336,22
111690,146
-1,0
260126,26
-1,0
-1,0
7651,1179
223718,18
40957,646
117185,79
-1,1
145341,206
-1,1
-1,0
-1,0
42847,1577
175651,37
-1,0
-1,0
59702,19
-1,1
-1,1
-1,1
423249,154
1041488,88
-1,0
26818,543
172536,788
