69657,2351,369375691
217559,99,15868805
177747,99,15496980
205722,99,23187226
205221,99,33144237
195521,99,30628899
369548,88,4640712
217277,99,18688664
51284,99,19213436
178545,99,13207486
75264,99,13661747
186098,99,13035013
90740,99,14091487
68949,99,14314131
154528,99,13034822
176803,99,13048665
203064,94,8554336
129621,99,13034866
107942,99,13620561
145925,99,15029440
167648,99,14948796
123535,99,13034641
35252,99,16918509
68218,99,13225981
135554,90,5746251
-1,0
-1,0
-1,0
-1,0
-1,0
-1,0
-1,0
38455,1365
35897,267
25554,388
77066,260
65505,312
43813,112
123110,26
-1,463
-1,2500
-1,55
50641,493
134512,11856
24152,837
18595,1299
128060,653
292429,12
134896,353
-1,0
144687,441
-1,0
72331,27
308230,8
287564,7
110231,825
275575,23
-1,0
301757,7
236960,25
5798,1723
-1,0
37692,191
150935,225
206388,260
139911,242
144678,25
-1,0
-1,1
271020,117
225957,143
122051,225
91260,107
174393,94
91941,432
108767,2469
173774,49
32630,460
22773,398
-1,0
-1,0
59860,6
-1,0
124474,7
-1,0
85451,21
258056,13
121224,158
214381,22
110687,146
-1,0
257826,26
-1,0
-1,0
7509,1179
221425,18
40142,646
114442,79
-1,1
140768,206
-1,1
-1,0
-1,0
42460,1577
173928,37
-1,0
-1,0
59468,19
-1,1
-1,1
-1,1
420619,154
1035236,88
-1,0
26475,543
171590,788
