72025,2351,370174963
216913,99,15963669
176704,99,15591844
209072,99,23284405
208325,99,33239876
199029,99,30628909
372747,88,4648022
221557,99,18692824
52070,99,19213436
181187,99,13207486
76293,99,13661747
188140,99,13035013
91633,99,14091487
70402,99,14314131
156285,99,13034822
179634,99,13048665
204732,94,8630856
131206,99,13034875
109090,99,13620561
146680,99,15115306
165384,99,15075533
125180,99,13034641
35923,99,16918509
69635,99,13225981
140279,90,5862365
-1,0
-1,0
-1,0
-1,0
-1,0
-1,0
-1,0
39169,1365
36719,267
25926,388
77910,260
66533,312
44673,112
124410,26
-1,463
-1,2500
-1,55
51773,493
138353,11856
25053,837
18970,1299
130194,653
300765,12
138831,353
-1,0
145789,441
-1,0
73046,27
310400,8
291277,7
111069,825
278361,23
-1,0
304895,7
238990,25
5852,1723
-1,0
38155,191
151679,225
207817,260
140526,242
147641,25
-1,0
-1,1
272966,117
228388,143
125375,225
91156,108
175496,94
92287,432
109151,2469
174847,49
32995,460
23686,398
-1,0
-1,0
60750,6
-1,0
127167,7
-1,0
86319,21
263550,13
123761,158
216621,22
111806,146
-1,0
260434,26
-1,0
-1,0
7669,1179
224015,18
41058,646
117533,79
-1,1
145881,206
-1,1
-1,0
-1,0
42891,1577
175889,37
-1,0
-1,0
59740,19
-1,1
-1,1
-1,1
423648,154
1042344,88
-1,0
26852,543
172663,788
