69084,2351,368731803
219262,99,15798933
179695,99,15427249
208099,99,22896246
205575,99,33000778
194574,99,30628899
368706,88,4640592
216394,99,18676664
51102,99,19213436
177894,99,13207486
75036,99,13661747
185588,99,13035013
90511,99,14091487
68475,99,14314031
154728,99,13034722
175942,99,13048665
202423,94,8552496
129187,99,13034866
107686,99,13620561
146278,99,14973754
167088,99,14948796
123139,99,13034641
35086,99,16918509
67833,99,13225981
134166,90,5746251
-1,0
-1,0
-1,0
-1,0
-1,0
-1,0
-1,0
38271,1365
35688,267
25475,388
76848,260
65172,312
43619,112
122793,26
-1,463
-1,2500
-1,55
50384,493
133576,11856
24199,834
18515,1299
127518,653
290375,12
139212,322
-1,0
144429,441
-1,0
72118,27
307716,8
286641,7
109991,825
275078,23
-1,0
300957,7
236531,25
5790,1723
-1,0
37590,191
150777,225
206064,260
139774,242
143930,25
-1,0
-1,1
270532,117
225336,143
121004,225
90957,107
174136,94
91847,432
108676,2469
173519,49
32560,460
22535,398
-1,0
-1,0
59617,6
-1,0
123796,7
-1,0
85209,21
256563,13
120603,158
213793,22
110449,146
-1,0
257168,26
-1,0
-1,0
7486,1179
220701,18
39895,646
169382,45
-1,1
139391,206
-1,1
-1,0
-1,0
42338,1577
173447,37
-1,0
-1,0
59400,19
-1,1
-1,1
-1,1
419905,154
1033363,88
-1,0
26387,543
171312,788
