72004,2355,372623702
218210,99,15991593
177876,99,15619768
212262,99,23360569
211552,99,33284032
202151,99,30629433
375987,88,4649318
225465,99,18695020
52875,99,19213436
182961,99,13212161
77377,99,13661747
190761,99,13035013
92659,99,14091487
71651,99,14314131
155727,99,13035334
182427,99,13048665
196467,95,9413431
132868,99,13034875
110042,99,13622399
147789,99,15172986
167522,99,15080360
126935,99,13034641
36439,99,16918961
70361,99,13228173
129963,93,7276169
-1,0
-1,0
-1,0
-1,0
-1,0
-1,0
-1,0
39989,1365
37727,267
26398,388
78895,260
67650,312
45537,112
125826,26
-1,463
-1,2500
-1,55
52816,493
141645,11856
25508,842
19404,1299
132097,653
309730,12
142788,353
-1,0
147140,441
-1,0
73906,27
312078,8
295359,7
112020,825
280538,23
-1,0
308142,7
241171,25
5906,1723
-1,0
38713,191
152530,225
209387,260
141197,242
150999,25
-1,0
-1,1
275064,117
230933,143
128482,225
92286,108
176975,94
92702,432
109497,2469
176161,49
33421,460
24688,398
-1,0
-1,0
61707,6
-1,0
129724,7
-1,0
87244,21
269100,13
126695,158
218996,22
112733,146
-1,0
263110,26
-1,0
-1,0
7697,1179
226420,18
41971,646
121620,79
-1,1
151865,206
-1,1
-1,0
-1,0
43268,1577
177953,37
-1,0
-1,0
56835,20
-1,1
-1,1
-1,1
426759,154
1048577,88
-1,0
27275,543
173932,788
