72396,2355,372623702
218636,99,15991593
178291,99,15619768
213024,99,23360569
212216,99,33284032
202718,99,30629433
376613,88,4649318
226183,99,18695020
53015,99,19213436
183418,99,13212161
77589,99,13661747
191157,99,13035013
92860,99,14091487
71843,99,14314131
156056,99,13035334
182891,99,13048665
196946,95,9413431
133169,99,13034875
110240,99,13622399
148165,99,15172986
167921,99,15080360
127269,99,13034641
36518,99,16918961
70583,99,13228173
130875,93,7276169
-1,0
-1,0
-1,0
-1,0
-1,0
-1,0
-1,0
40136,1365
37892,267
26482,388
79069,260
67855,312
45696,112
126075,26
-1,463
-1,2500
-1,55
53006,493
142334,11856
25645,842
19482,1299
132424,653
311101,12
143440,353
-1,0
147385,441
-1,0
74084,27
312580,8
296061,7
112171,825
280936,23
-1,0
308627,7
241544,25
5918,1723
-1,0
38798,191
152666,225
209668,260
141304,242
151459,25
-1,0
-1,1
275434,117
231292,143
128915,225
92475,108
177186,94
92771,432
109549,2469
176343,49
33471,460
24861,398
-1,0
-1,0
61859,6
-1,0
130352,7
-1,0
87412,21
269988,13
127175,158
219408,22
112913,146
-1,0
263524,26
-1,0
-1,0
7702,1179
226817,18
42125,646
122192,79
-1,1
152843,206
-1,1
-1,0
-1,0
43339,1577
178316,37
-1,0
-1,0
56846,20
-1,1
-1,1
-1,1
427327,154
1049757,88
-1,0
27351,543
174138,788
