71324,2354,372226570
217084,99,15991593
176666,99,15619768
210143,99,23360569
209699,99,33284032
200651,99,30629433
374294,88,4649318
223559,99,18694500
52463,99,19213436
181563,99,13212161
76837,99,13661747
189753,99,13035013
92202,99,14091487
71029,99,14314131
154990,99,13035334
180988,99,13048665
195178,95,9411213
132005,99,13034875
109512,99,13622399
146544,99,15172986
166400,99,15080360
126016,99,13034641
36196,99,16918961
69656,99,13228173
130699,92,6881775
-1,0
-1,0
-1,0
-1,0
-1,0
-1,0
-1,0
39579,1365
37177,267
26167,388
78379,260
67068,312
45108,112
125106,26
-1,463
-1,2500
-1,55
52287,493
140021,11856
25136,841
19185,1299
131173,653
305292,12
140834,353
-1,0
146444,441
-1,0
73434,27
311485,8
293240,7
111529,825
279536,23
-1,0
306592,7
240052,25
5886,1723
-1,0
38406,191
152089,225
208573,260
140841,242
149187,25
-1,0
-1,1
274010,117
229653,143
126991,225
91687,108
176208,94
92488,432
109313,2469
175477,49
33178,460
24174,398
-1,0
-1,0
61220,6
-1,0
128428,7
-1,0
86732,21
266319,13
125134,158
217812,22
112203,146
-1,0
261803,26
-1,0
-1,0
7693,1179
225234,18
41478,646
119641,79
-1,1
148891,206
-1,1
-1,0
-1,0
43070,1577
176915,37
-1,0
-1,0
56745,20
-1,1
-1,1
-1,1
425145,154
1045688,88
-1,0
27068,543
173241,788
