707938,1916,99861562
1755074,75,1217394
-1,66,507600
349340,99,16757939
711244,99,13824576
585518,99,13848842
1815250,60,294748
480270,99,13469556
692584,90,5395241
1370737,73,1027509
1690954,66,496635
931658,78,1653779
852976,85,3367454
982972,75,1306176
496247,84,3080987
952268,77,1546724
409811,86,3866689
610777,79,1800526
839872,75,1273982
658598,87,4298118
825773,82,2670857
593661,73,1093886
318734,87,4347455
686968,83,2681134
695604,39,33755
-1,0
-1,0
-1,0
-1,0
-1,0
-1,0
-1,1
451770,158
1367136,2
702959,9
473396,30
320264,93
252963,22
388962,2
312864,542
-1,2500
-1,0
-1,0
-1,0
-1,229
-1,0
-1,0
-1,0
-1,0
-1,0
464584,141
-1,0
-1,0
172313,66
-1,0
-1,0
141895,140
-1,0
-1,1
-1,3
345271,8
-1,0
449997,25
225610,129
569623,45
233007,118
-1,0
-1,0
-1,1
532754,8
-1,0
-1,0
753332,9
-1,4
-1,0
-1,0
-1,1
-1,0
-1,1
-1,0
-1,0
194898,1
-1,0
-1,0
-1,0
-1,0
-1,0
-1,0
-1,4
518347,12
-1,0
452763,13
-1,0
117627,54
1023912,12
-1,1
253912,66
-1,0
-1,1
161748,195
-1,1
124360,6
-1,0
-1,0
115481,63
-1,4
-1,0
-1,2
-1,1
226001,16
167404,32
775530,17
733461,164
-1,0
-1,0
290908,356
