689789,1916,99859417
1731607,75,1217394
-1,66,507600
338988,99,16757917
697040,99,13824569
574626,99,13848842
1793082,60,294748
469752,99,13469200
681950,90,5395241
1346663,73,1027509
1669077,66,496635
917056,78,1653779
839620,85,3367454
964747,75,1306176
486776,84,3080987
933594,77,1546724
401668,86,3866689
599182,79,1800526
824045,75,1273982
646458,87,4298118
812120,82,2670857
582098,73,1092426
311554,87,4347155
674688,83,2681134
648180,39,33755
-1,0
-1,0
-1,0
-1,0
-1,0
-1,0
-1,1
443919,158
1344036,2
692945,9
465032,30
315209,93
248360,22
383007,2
310997,542
-1,2500
-1,0
-1,0
-1,0
-1,229
-1,0
-1,0
-1,0
-1,0
-1,0
457712,141
-1,0
-1,0
170355,66
-1,0
-1,0
139896,140
-1,0
-1,1
-1,3
340599,8
-1,0
445765,25
223129,129
560104,45
230679,118
-1,0
-1,0
-1,1
526023,8
-1,0
-1,0
741124,9
-1,4
-1,0
-1,0
-1,1
-1,0
-1,1
-1,0
-1,0
190704,1
-1,0
-1,0
-1,0
-1,0
-1,0
-1,0
-1,4
504110,12
-1,0
444499,13
-1,0
114272,54
1000506,12
-1,1
243285,66
-1,0
-1,1
151508,195
-1,1
121310,6
-1,0
-1,0
113653,63
-1,4
-1,0
-1,2
-1,1
222960,16
164391,32
762385,17
724774,164
-1,0
-1,0
286281,356
