696297,1916,99859481
1741013,75,1217394
-1,66,507600
342707,99,16757939
702459,99,13824576
578804,99,13848842
1801945,60,294748
473681,99,13469235
685733,90,5395241
1355507,73,1027509
1677098,66,496635
922693,78,1653779
844696,85,3367454
971378,75,1306176
490263,84,3080987
940681,77,1546724
404476,86,3866689
603618,79,1800526
829683,75,1273982
650878,87,4298118
817026,82,2670857
586604,73,1092426
314383,87,4347155
679187,83,2681134
665348,39,33755
-1,0
-1,0
-1,0
-1,0
-1,0
-1,0
-1,1
446563,158
1352345,2
696417,9
467949,30
316992,93
249944,22
385035,2
312018,542
-1,2500
-1,0
-1,0
-1,0
-1,229
-1,0
-1,0
-1,0
-1,0
-1,0
459890,141
-1,0
-1,0
171220,66
-1,0
-1,0
140701,140
-1,0
-1,1
-1,3
342253,8
-1,0
447218,25
223972,129
563401,45
231432,118
-1,0
-1,0
-1,1
528446,8
-1,0
-1,0
745403,9
-1,4
-1,0
-1,0
-1,1
-1,0
-1,1
-1,0
-1,0
192110,1
-1,0
-1,0
-1,0
-1,0
-1,0
-1,0
-1,4
509419,12
-1,0
447402,13
-1,0
115402,54
1009421,12
-1,1
247385,66
-1,0
-1,1
154758,195
-1,1
122299,6
-1,0
-1,0
114240,63
-1,4
-1,0
-1,2
-1,1
224048,16
165428,32
766980,17
728275,164
-1,0
-1,0
287792,356
