705698,1916,99861562
1751814,75,1217394
-1,66,507600
347915,99,16757939
709361,99,13824576
584108,99,13848842
1812343,60,294748
478882,99,13469556
691183,90,5395241
1367647,73,1027509
1688164,66,496635
929807,78,1653779
851227,85,3367454
980662,75,1306176
495004,84,3080987
949909,77,1546724
408766,86,3866689
609353,79,1800526
837990,75,1273982
657085,87,4298118
824075,82,2670857
592118,73,1093886
317796,87,4347455
685406,83,2681134
689820,39,33755
-1,0
-1,0
-1,0
-1,0
-1,0
-1,0
-1,1
450746,158
1364085,2
701649,9
472327,30
319632,93
252357,22
388170,2
312692,542
-1,2500
-1,0
-1,0
-1,0
-1,229
-1,0
-1,0
-1,0
-1,0
-1,0
463659,141
-1,0
-1,0
171874,66
-1,0
-1,0
141668,140
-1,0
-1,1
-1,3
344724,8
-1,0
449448,25
225289,129
568401,45
232702,118
-1,0
-1,0
-1,1
531914,8
-1,0
-1,0
751877,9
-1,4
-1,0
-1,0
-1,1
-1,0
-1,1
-1,0
-1,0
194320,1
-1,0
-1,0
-1,0
-1,0
-1,0
-1,0
-1,4
516604,12
-1,0
451751,13
-1,0
117170,54
1021099,12
-1,1
252684,66
-1,0
-1,1
160406,195
-1,1
123904,6
-1,0
-1,0
115218,63
-1,4
-1,0
-1,2
-1,1
225607,16
166970,32
773752,17
732362,164
-1,0
-1,0
290284,356
