698690,1916,99859481
1743731,75,1217394
-1,66,507600
343928,99,16757939
704221,99,13824576
580263,99,13848842
1804811,60,294748
475076,99,13469235
687096,90,5395241
1358531,73,1027509
1679886,66,496635
924448,78,1653779
846309,85,3367454
973707,75,1306176
491480,84,3080987
942765,77,1546724
405560,86,3866689
605177,79,1800526
831839,75,1273982
652431,87,4298118
818790,82,2670857
588021,73,1092426
315292,87,4347155
680784,83,2681134
671693,39,33755
-1,0
-1,0
-1,0
-1,0
-1,0
-1,0
-1,1
447593,158
1355536,2
697705,9
469035,30
317668,93
250532,22
385793,2
312287,542
-1,2500
-1,0
-1,0
-1,0
-1,229
-1,0
-1,0
-1,0
-1,0
-1,0
460888,141
-1,0
-1,0
171501,66
-1,0
-1,0
140967,140
-1,0
-1,1
-1,3
342929,8
-1,0
447769,25
224266,129
564695,45
231748,118
-1,0
-1,0
-1,1
529302,8
-1,0
-1,0
746946,9
-1,4
-1,0
-1,0
-1,1
-1,0
-1,1
-1,0
-1,0
192678,1
-1,0
-1,0
-1,0
-1,0
-1,0
-1,0
-1,4
511283,12
-1,0
448514,13
-1,0
115821,54
1012436,12
-1,1
248662,66
-1,0
-1,1
156246,195
-1,1
122673,6
-1,0
-1,0
114494,63
-1,4
-1,0
-1,2
-1,1
224490,16
165816,32
768633,17
729285,164
-1,0
-1,0
288371,356
