699375,1916,99859481
1744730,75,1217394
-1,66,507600
344351,99,16757939
704787,99,13824576
580706,99,13848842
1805720,60,294748
475493,99,13469235
687503,90,5395241
1359494,73,1027509
1680786,66,496635
925047,78,1653779
846865,85,3367454
974454,75,1306176
491878,84,3080987
943549,77,1546724
405882,86,3866689
605674,79,1800526
832416,75,1273982
652858,87,4298118
819364,82,2670857
588454,73,1092426
315561,87,4347155
681298,83,2681134
673673,39,33755
-1,0
-1,0
-1,0
-1,0
-1,0
-1,0
-1,1
447906,158
1356325,2
698090,9
469382,30
317832,93
250718,22
385987,2
312371,542
-1,2500
-1,0
-1,0
-1,0
-1,229
-1,0
-1,0
-1,0
-1,0
-1,0
461156,141
-1,0
-1,0
171587,66
-1,0
-1,0
141051,140
-1,0
-1,1
-1,3
343113,8
-1,0
447932,25
224355,129
565036,45
231819,118
-1,0
-1,0
-1,1
529546,8
-1,0
-1,0
747422,9
-1,4
-1,0
-1,0
-1,1
-1,0
-1,1
-1,0
-1,0
192872,1
-1,0
-1,0
-1,0
-1,0
-1,0
-1,0
-1,4
511777,12
-1,0
448815,13
-1,0
115973,54
1013342,12
-1,1
249069,66
-1,0
-1,1
156625,195
-1,1
122786,6
-1,0
-1,0
114568,63
-1,4
-1,0
-1,2
-1,1
224623,16
165930,32
769143,17
729657,164
-1,0
-1,0
288548,356
