683947,1916,99858949
1724952,75,1217394
-1,66,507600
335557,99,16757917
692622,99,13824569
571408,99,13848842
1787300,60,294748
466588,99,13468732
679174,90,5395241
1339497,73,1027509
1663663,66,496635
912968,78,1653779
836185,85,3367454
958706,75,1306176
484110,84,3080987
928292,77,1546724
399288,86,3866689
595851,79,1800526
819732,75,1273982
642599,87,4298118
808597,82,2670857
578925,73,1092426
309407,87,4347155
671468,83,2681134
630219,39,33755
-1,0
-1,0
-1,0
-1,0
-1,0
-1,0
-1,1
441759,158
1336914,2
689928,9
462831,30
313763,93
247133,22
381416,2
310566,542
-1,2500
-1,0
-1,0
-1,0
-1,229
-1,0
-1,0
-1,0
-1,0
-1,0
456010,141
-1,0
-1,0
169698,66
-1,0
-1,0
139315,140
-1,0
-1,1
-1,3
339397,8
-1,0
444835,25
222596,129
557905,45
230202,118
-1,0
-1,0
-1,1
524456,8
-1,0
-1,0
737912,9
-1,4
-1,0
-1,0
-1,1
-1,0
-1,1
-1,0
-1,0
189516,1
-1,0
-1,0
-1,0
-1,0
-1,0
-1,0
-1,4
500152,12
-1,0
442105,13
-1,0
113446,54
993457,12
-1,1
239405,66
-1,0
-1,1
148723,195
-1,1
120461,6
-1,0
-1,0
113125,63
-1,4
-1,0
-1,2
-1,1
222066,16
163568,32
759231,17
722431,164
-1,0
-1,0
285242,356
