695294,1916,99859417
1739601,75,1217394
-1,66,507600
342126,99,16757917
701631,99,13824569
578145,99,13848842
1800683,60,294748
473075,99,13469200
685141,90,5395241
1354110,73,1027509
1675854,66,496635
921758,78,1653779
843869,85,3367454
970372,75,1306176
489748,84,3080987
939432,77,1546724
404056,86,3866689
602909,79,1800526
828811,75,1273982
650148,87,4298118
816227,82,2670857
585957,73,1092426
313980,87,4347155
678533,83,2681134
662525,39,33755
-1,0
-1,0
-1,0
-1,0
-1,0
-1,0
-1,1
446098,158
1350975,2
695871,9
467407,30
316708,93
249681,22
384714,2
311871,542
-1,2500
-1,0
-1,0
-1,0
-1,229
-1,0
-1,0
-1,0
-1,0
-1,0
459480,141
-1,0
-1,0
171135,66
-1,0
-1,0
140594,140
-1,0
-1,1
-1,3
341989,8
-1,0
447003,25
223842,129
562895,45
231320,118
-1,0
-1,0
-1,1
528120,8
-1,0
-1,0
744685,9
-1,4
-1,0
-1,0
-1,1
-1,0
-1,1
-1,0
-1,0
191859,1
-1,0
-1,0
-1,0
-1,0
-1,0
-1,0
-1,4
508491,12
-1,0
446938,13
-1,0
115233,54
1007986,12
-1,1
246737,66
-1,0
-1,1
154163,195
-1,1
122168,6
-1,0
-1,0
114165,63
-1,4
-1,0
-1,2
-1,1
223890,16
165244,32
766249,17
727725,164
-1,0
-1,0
287580,356
