700786,1916,99859481
1746758,75,1217394
-1,66,507600
345236,99,16757939
705976,99,13824576
581600,99,13848842
1807609,60,294748
476420,99,13469235
688277,90,5395241
1361384,73,1027509
1682545,66,496635
926152,78,1653779
847914,85,3367454
975935,75,1306176
492685,84,3080987
945091,77,1546724
406501,86,3866689
606525,79,1800526
833665,75,1273982
653863,87,4298118
820384,82,2670857
589383,73,1092426
316106,87,4347155
682271,83,2681134
677625,39,33755
-1,0
-1,0
-1,0
-1,0
-1,0
-1,0
-1,1
448539,158
1358173,2
698923,9
470069,30
318238,93
251065,22
386500,2
312492,542
-1,2500
-1,0
-1,0
-1,0
-1,229
-1,0
-1,0
-1,0
-1,0
-1,0
461722,141
-1,0
-1,0
171772,66
-1,0
-1,0
141186,140
-1,0
-1,1
-1,3
343501,8
-1,0
448270,25
224573,129
565815,45
232031,118
-1,0
-1,0
-1,1
530115,8
-1,0
-1,0
748370,9
-1,4
-1,0
-1,0
-1,1
-1,0
-1,1
-1,0
-1,0
193193,1
-1,0
-1,0
-1,0
-1,0
-1,0
-1,0
-1,4
512915,12
-1,0
449463,13
-1,0
116230,54
1015242,12
-1,1
249851,66
-1,0
-1,1
157519,195
-1,1
123051,6
-1,0
-1,0
114741,63
-1,4
-1,0
-1,2
-1,1
224874,16
166165,32
770206,17
730357,164
-1,0
-1,0
288926,356
