743883,1890,138640069
545104,98,11880633
878535,86,3926977
681466,99,13124661
435917,99,20849498
500532,99,15100004
220172,99,13034633
476387,99,13415433
434040,99,13037937
1107282,76,1376248
292488,99,13034609
1737259,66,501503
787294,86,3718964
631593,82,2629360
571864,82,2476812
1714749,68,623665
588667,80,2153309
1783542,64,427095
1390914,63,383781
862848,81,2337665
1058695,75,1293689
1674760,45,62914
1577421,60,289502
501040,84,2961177
-1,1,0
-1,0
-1,0
-1,0
-1,0
-1,0
-1,0
-1,0
1547142,8
1401846,2
1186180,3
1356503,2
1335751,1
-1,0
-1,0
-1,0
-1,2500
-1,0
-1,0
-1,0
-1,90
-1,0
-1,0
-1,0
-1,0
-1,0
890895,34
-1,0
-1,0
-1,0
-1,0
-1,0
128007,162
-1,0
-1,0
-1,0
-1,0
-1,0
-1,0
-1,0
-1,0
-1,0
-1,0
-1,0
-1,0
420829,30
-1,0
-1,0
-1,0
-1,0
680236,17
-1,0
-1,1
-1,0
-1,0
-1,0
-1,0
-1,0
-1,0
-1,0
-1,0
39170,39
-1,0
-1,0
-1,0
-1,0
-1,0
-1,0
-1,0
-1,0
-1,0
-1,0
-1,0
-1,0
-1,0
-1,0
-1,0
-1,0
-1,0
-1,0
-1,0
-1,0
-1,0
-1,3
-1,0
-1,0
-1,0
458751,123
1356584,47
-1,0
-1,0
-1,0
