739726,1890,138640069
542612,98,11880633
875422,86,3926977
678386,99,13124661
433504,99,20849498
498312,99,15100004
219545,99,13034633
474120,99,13415433
432747,99,13037937
1103760,76,1376248
291707,99,13034609
1733037,66,501503
784921,86,3718964
628529,82,2629360
569712,82,2476812
1709499,68,623665
586279,80,2153309
1778785,64,427095
1386120,63,383781
859657,81,2337665
1055811,75,1293689
1669449,45,62914
1573212,60,289502
499012,84,2961177
-1,1,0
-1,0
-1,0
-1,0
-1,0
-1,0
-1,0
-1,0
1542581,8
1396817,2
1183138,3
1353493,2
1332948,1
-1,0
-1,0
-1,0
-1,2500
-1,0
-1,0
-1,0
-1,90
-1,0
-1,0
-1,0
-1,0
-1,0
888638,34
-1,0
-1,0
-1,0
-1,0
-1,0
127597,162
-1,0
-1,0
-1,0
-1,0
-1,0
-1,0
-1,0
-1,0
-1,0
-1,0
-1,0
-1,0
419969,30
-1,0
-1,0
-1,0
-1,0
679190,17
-1,0
-1,1
-1,0
-1,0
-1,0
-1,0
-1,0
-1,0
-1,0
-1,0
38980,39
-1,0
-1,0
-1,0
-1,0
-1,0
-1,0
-1,0
-1,0
-1,0
-1,0
-1,0
-1,0
-1,0
-1,0
-1,0
-1,0
-1,0
-1,0
-1,0
-1,0
-1,0
-1,3
-1,0
-1,0
-1,0
457720,123
1353295,47
-1,0
-1,0
-1,0
