751931,1890,138640069
550128,98,11880633
885343,86,3926977
687849,99,13124661
440529,99,20849498
505113,99,15100004
221581,99,13034633
480977,99,13415433
436875,99,13037937
1115017,76,1376248
294284,99,13034609
1746809,66,501503
792808,86,3718964
637237,82,2629360
576580,82,2476812
1726258,68,623665
593436,80,2153309
1794749,64,427095
1401533,63,383781
869156,81,2337665
1065743,75,1293689
1685841,45,62914
1586890,60,289502
505770,84,2961177
-1,1,0
-1,0
-1,0
-1,0
-1,0
-1,0
-1,0
-1,0
1556363,8
1411638,2
1192354,3
1363010,2
1342294,1
-1,0
-1,0
-1,0
-1,2500
-1,0
-1,0
-1,0
-1,90
-1,0
-1,0
-1,0
-1,0
-1,0
896374,34
-1,0
-1,0
-1,0
-1,0
-1,0
128826,162
-1,0
-1,0
-1,0
-1,0
-1,0
-1,0
-1,0
-1,0
-1,0
-1,0
-1,0
-1,0
423048,30
-1,0
-1,0
-1,0
-1,0
683348,17
-1,0
-1,1
-1,0
-1,0
-1,0
-1,0
-1,0
-1,0
-1,0
-1,0
39523,39
-1,0
-1,0
-1,0
-1,0
-1,0
-1,0
-1,0
-1,0
-1,0
-1,0
-1,0
-1,0
-1,0
-1,0
-1,0
-1,0
-1,0
-1,0
-1,0
-1,0
-1,0
-1,3
-1,0
-1,0
-1,0
461384,123
1363710,47
-1,0
-1,0
-1,0
