750417,1890,138640069
549264,98,11880633
884154,86,3926977
686754,99,13124661
439730,99,20849498
504307,99,15100004
221321,99,13034633
480197,99,13415433
436329,99,13037937
1113645,76,1376248
293935,99,13034609
1745309,66,501503
791850,86,3718964
636259,82,2629360
575718,82,2476812
1724503,68,623665
592607,80,2153309
1793051,64,427095
1399754,63,383781
868026,81,2337665
1064419,75,1293689
1684148,45,62914
1585469,60,289502
504950,84,2961177
-1,1,0
-1,0
-1,0
-1,0
-1,0
-1,0
-1,0
-1,0
1554662,8
1409716,2
1191201,3
1361787,2
1341030,1
-1,0
-1,0
-1,0
-1,2500
-1,0
-1,0
-1,0
-1,90
-1,0
-1,0
-1,0
-1,0
-1,0
895230,34
-1,0
-1,0
-1,0
-1,0
-1,0
128698,162
-1,0
-1,0
-1,0
-1,0
-1,0
-1,0
-1,0
-1,0
-1,0
-1,0
-1,0
-1,0
422648,30
-1,0
-1,0
-1,0
-1,0
682722,17
-1,0
-1,1
-1,0
-1,0
-1,0
-1,0
-1,0
-1,0
-1,0
-1,0
39464,39
-1,0
-1,0
-1,0
-1,0
-1,0
-1,0
-1,0
-1,0
-1,0
-1,0
-1,0
-1,0
-1,0
-1,0
-1,0
-1,0
-1,0
-1,0
-1,0
-1,0
-1,0
-1,3
-1,0
-1,0
-1,0
460887,123
1362575,47
-1,0
-1,0
-1,0
