737491,1890,138640069
541205,98,11880633
873690,86,3926977
676648,99,13124661
432352,99,20849498
497215,99,15100004
219245,99,13034633
472942,99,13415433
432146,99,13037937
1101997,76,1376248
291349,99,13034609
1730890,66,501503
783751,86,3718964
626636,82,2629360
568750,82,2476812
1706634,68,623665
585218,80,2153309
1776385,64,427095
1383629,63,383781
857886,81,2337665
1054330,75,1293689
1666635,45,62914
1570972,60,289502
497999,84,2961177
-1,1,0
-1,0
-1,0
-1,0
-1,0
-1,0
-1,0
-1,0
1540030,8
1394263,2
1181297,3
1352014,2
1331531,1
-1,0
-1,0
-1,0
-1,2500
-1,0
-1,0
-1,0
-1,90
-1,0
-1,0
-1,0
-1,0
-1,0
887587,34
-1,0
-1,0
-1,0
-1,0
-1,0
127485,162
-1,0
-1,0
-1,0
-1,0
-1,0
-1,0
-1,0
-1,0
-1,0
-1,0
-1,0
-1,0
419529,30
-1,0
-1,0
-1,0
-1,0
678597,17
-1,0
-1,1
-1,0
-1,0
-1,0
-1,0
-1,0
-1,0
-1,0
-1,0
38887,39
-1,0
-1,0
-1,0
-1,0
-1,0
-1,0
-1,0
-1,0
-1,0
-1,0
-1,0
-1,0
-1,0
-1,0
-1,0
-1,0
-1,0
-1,0
-1,0
-1,0
-1,0
-1,3
-1,0
-1,0
-1,0
457204,123
1351617,47
-1,0
-1,0
-1,0
