733982,1890,138640069
539145,98,11880633
871149,86,3926977
674001,99,13124661
430457,99,20849498
495654,99,15100004
218739,99,13034633
471203,99,13415433
431198,99,13037937
1099673,76,1376248
290745,99,13034609
1728001,66,501503
782096,86,3718964
623687,82,2629360
567349,82,2476812
1702834,68,623665
583702,80,2153309
1772946,64,427095
1379867,63,383781
855685,81,2337665
1052102,75,1293689
1661909,45,62914
1567667,60,289502
496411,84,2961177
-1,1,0
-1,0
-1,0
-1,0
-1,0
-1,0
-1,0
-1,0
1536473,8
1390361,2
1178483,3
1349951,2
1329569,1
-1,0
-1,0
-1,0
-1,2500
-1,0
-1,0
-1,0
-1,90
-1,0
-1,0
-1,0
-1,0
-1,0
885799,34
-1,0
-1,0
-1,0
-1,0
-1,0
127254,162
-1,0
-1,0
-1,0
-1,0
-1,0
-1,0
-1,0
-1,0
-1,0
-1,0
-1,0
-1,0
418862,30
-1,0
-1,0
-1,0
-1,0
677613,17
-1,0
-1,1
-1,0
-1,0
-1,0
-1,0
-1,0
-1,0
-1,0
38773,39
-1,0
-1,0
-1,0
-1,0
-1,0
-1,0
-1,0
-1,0
-1,0
-1,0
-1,0
-1,0
-1,0
-1,0
-1,0
-1,0
-1,0
-1,0
-1,0
-1,0
-1,0
-1,3
-1,0
-1,0
-1,0
456378,123
1349091,47
-1,0
-1,0
-1,0
