741648,1890,138640069
543751,98,11880633
876908,86,3926977
679847,99,13124661
434583,99,20849498
499311,99,15100004
219847,99,13034633
475190,99,13415433
433380,99,13037937
1105328,76,1376248
292095,99,13034609
1735166,66,501503
786031,86,3718964
629945,82,2629360
570621,82,2476812
1712128,68,623665
587297,80,2153309
1781154,64,427095
1388429,63,383781
861205,81,2337665
1057247,75,1293689
1672225,45,62914
1575339,60,289502
499996,84,2961177
-1,1,0
-1,0
-1,0
-1,0
-1,0
-1,0
-1,0
-1,0
1544828,8
1399093,2
1184638,3
1355006,2
1334359,1
-1,0
-1,0
-1,0
-1,2500
-1,0
-1,0
-1,0
-1,90
-1,0
-1,0
-1,0
-1,0
-1,0
889729,34
-1,0
-1,0
-1,0
-1,0
-1,0
127733,162
-1,0
-1,0
-1,0
-1,0
-1,0
-1,0
-1,0
-1,0
-1,0
-1,0
-1,0
-1,0
420413,30
-1,0
-1,0
-1,0
-1,0
679819,17
-1,0
-1,1
-1,0
-1,0
-1,0
-1,0
-1,0
-1,0
-1,0
-1,0
39067,39
-1,0
-1,0
-1,0
-1,0
-1,0
-1,0
-1,0
-1,0
-1,0
-1,0
-1,0
-1,0
-1,0
-1,0
-1,0
-1,0
-1,0
-1,0
-1,0
-1,0
-1,0
-1,3
-1,0
-1,0
-1,0
458270,123
1354994,47
-1,0
-1,0
-1,0
