748673,1890,138640069
548117,98,11880633
882590,86,3926977
685197,99,13124661
438648,99,20849498
503199,99,15100004
220991,99,13034633
479125,99,13415433
435665,99,13037937
1111945,76,1376248
293511,99,13034609
1743089,66,501503
790549,86,3718964
634980,82,2629360
574630,82,2476812
1721804,68,623665
591471,80,2153309
1790276,64,427095
1397168,63,383781
866583,81,2337665
1062879,75,1293689
1681418,45,62914
1583294,60,289502
503862,84,2961177
-1,1,0
-1,0
-1,0
-1,0
-1,0
-1,0
-1,0
-1,0
1552575,8
1407597,2
1189802,3
1360263,2
1339518,1
-1,0
-1,0
-1,0
-1,2500
-1,0
-1,0
-1,0
-1,90
-1,0
-1,0
-1,0
-1,0
-1,0
894006,34
-1,0
-1,0
-1,0
-1,0
-1,0
128505,162
-1,0
-1,0
-1,0
-1,0
-1,0
-1,0
-1,0
-1,0
-1,0
-1,0
-1,0
-1,0
422096,30
-1,0
-1,0
-1,0
-1,0
681979,17
-1,0
-1,1
-1,0
-1,0
-1,0
-1,0
-1,0
-1,0
-1,0
-1,0
39369,39
-1,0
-1,0
-1,0
-1,0
-1,0
-1,0
-1,0
-1,0
-1,0
-1,0
-1,0
-1,0
-1,0
-1,0
-1,0
-1,0
-1,0
-1,0
-1,0
-1,0
-1,0
-1,3
-1,0
-1,0
-1,0
460242,123
1360848,47
-1,0
-1,0
-1,0
