762306,1890,138640069
556358,98,11880633
893108,86,3926977
695637,99,13124661
446238,99,20849498
510358,99,15100004
223327,99,13034633
486694,99,13415433
440546,99,13037937
1125095,76,1376248
296522,99,13034609
1758522,66,501503
799616,86,3718964
644287,82,2629360
582465,82,2476812
1739745,68,623665
599721,80,2153309
1807223,64,427095
1413707,63,383781
877239,81,2337665
1074511,75,1293689
1698792,45,62914
1597220,60,289502
511748,84,2961177
-1,1,0
-1,0
-1,0
-1,0
-1,0
-1,0
-1,0
-1,0
1568215,8
1423961,2
1200220,3
1371549,2
1351014,1
-1,0
-1,0
-1,0
-1,2500
-1,0
-1,0
-1,0
-1,90
-1,0
-1,0
-1,0
-1,0
-1,0
904220,34
-1,0
-1,0
-1,0
-1,0
-1,0
129753,162
-1,0
-1,0
-1,0
-1,0
-1,0
-1,0
-1,0
-1,0
-1,0
-1,0
-1,0
-1,0
426052,30
-1,0
-1,0
-1,0
-1,0
687361,17
-1,0
-1,1
-1,0
-1,0
-1,0
-1,0
-1,0
-1,0
-1,0
-1,0
40044,39
-1,0
-1,0
-1,0
-1,0
-1,0
-1,0
-1,0
-1,0
-1,0
-1,0
-1,0
-1,0
-1,0
-1,0
-1,0
-1,0
-1,0
-1,0
-1,0
-1,0
-1,0
-1,3
-1,0
-1,0
-1,0
464811,123
1372120,47
-1,0
-1,0
-1,0
