267926,2160,369202046
284598,99,14515518
63668,99,21413815
71129,99,48148577
58088,99,65840367
45414,99,74584210
386554,87,4349486
59606,99,34075019
586245,93,7293301
533370,87,4218894
411721,92,6864595
706123,82,2468850
768954,86,3963763
294608,94,8441636
378992,86,3846378
371729,90,5837545
191302,96,9702828
416957,82,2641498
445799,85,3452978
26037,99,28702973
431958,95,9581203
291923,85,3380213
563273,80,2161330
343288,85,3361959
407608,62,355110
-1,0
-1,0
-1,0
-1,0
-1,0
-1,0
-1,0
118295,633
260770,29
146602,70
96375,217
126648,212
56319,95
218828,10
39530,1653
-1,2110
135630,618
249907,202
82091,32368
42591,727
40384,914
27899,2092
39081,123
56142,937
4476,2300
100557,557
174598,271
410898,5
83615,240
17450,807
118375,778
116497,190
50244,60
219610,25
269906,25
118603,174
258626,6
128198,69
183572,176
89857,513
182174,173
105366,37
-1,0
81000,349
105270,479
151694,276
158439,169
422272,32
127299,152
481019,49
46483,3711
66636,300
54495,318
144796,176
45140,73
46215,51
131059,3
64234,408
80148,28
48907,36
272481,7
46756,367
96805,222
96284,59
214461,71
81134,149
128636,41
-1,1
7859,1493
292736,109
151414,29
36950,686
18560,348
81069,51
9801,741
75414,50
38809,267
-1,0
228678,202
156979,44
45455,211
-1,0
211026,7
76609,397
28724,492
64902,143
413623,163
833518,133
19438,810
49077,338
161439,849
