269526,2161,370480224
286383,99,14515518
63920,99,21440136
71427,99,48440610
58514,99,66010954
45856,99,74676660
388360,87,4349506
60184,99,34153656
580639,93,7542151
533102,87,4260752
411039,92,6920131
709861,82,2468850
772637,86,3964897
295855,94,8461420
381151,86,3846378
372035,91,5916163
192104,96,9730511
419688,82,2641549
440826,85,3576841
26388,99,28702973
434097,95,9601050
293887,85,3380213
566496,80,2161366
345511,85,3362209
422344,62,355730
-1,0
-1,0
-1,0
-1,0
-1,0
-1,0
-1,0
117598,640
262830,29
147599,70
93741,224
127450,212
56830,95
219669,10
39604,1653
-1,2110
136016,618
252671,202
83241,32368
43366,728
40893,914
28094,2092
39643,123
57021,937
4522,2300
101032,557
178632,271
412347,5
83940,240
17633,807
118875,778
116196,192
50537,61
220292,25
270958,25
119221,174
259498,6
128838,69
184147,176
90106,513
182683,173
106455,37
-1,0
82365,349
105741,479
152443,276
160487,169
424396,32
127818,152
482066,49
46595,3711
66877,300
54825,318
147393,176
49818,73
47451,59
131330,3
64716,408
80834,28
50006,37
273494,7
47429,367
97927,222
96650,59
215782,71
84434,149
129372,41
-1,1
7960,1493
294902,109
152056,29
37344,686
18930,348
82230,51
10015,741
76484,50
39044,267
-1,0
229627,202
157846,44
45895,211
-1,0
211326,7
74244,440
28868,492
65218,143
415227,163
836368,133
19928,810
49434,338
155418,888
