261771,2159,362398800
281530,99,14478641
63830,99,21236262
74318,99,45660036
58873,99,64354691
45481,99,73365568
382328,87,4346973
59184,99,33625422
580654,93,7284676
527937,87,4192973
411101,92,6796713
697634,82,2467360
794467,86,3628460
290777,94,8415944
375491,86,3822278
368304,90,5736777
188691,96,9693524
423664,82,2534601
443653,85,3409538
24950,99,28702973
427115,95,9531272
292395,85,3296444
557077,80,2150231
344390,85,3341901
379308,61,325542
-1,0
-1,0
-1,0
-1,0
-1,0
-1,0
-1,0
123001,606
256249,29
147876,68
105091,198
128937,207
55177,95
226285,9
39312,1653
-1,2110
134713,618
257696,195
79462,32368
42663,718
39261,914
27427,2092
37873,123
53975,937
4414,2300
99912,556
164232,271
407552,5
82571,240
16966,807
117197,778
117782,184
51510,53
218272,25
267741,25
117288,174
257110,6
126932,69
182384,176
89336,513
181118,173
102850,37
-1,0
78005,349
104365,479
150094,276
152906,169
417459,32
126403,152
479083,49
46275,3711
66052,300
53840,318
138964,176
174842,2
46987,17
77762,288
78609,28
45036,36
270139,7
45243,367
94570,222
95474,59
211264,71
70628,149
126896,41
-1,1
7643,1493
287261,109
149667,29
36610,678
38699,211
78402,51
9312,741
73006,50
40340,247
-1,0
226302,202
155070,44
44897,209
-1,0
210459,7
79570,332
28394,492
64105,143
410191,163
828911,132
20443,765
91010,183
184759,719
