271331,2161,371703637
287616,99,14515518
64255,99,21445910
70444,99,49151620
58436,99,66310575
45958,99,74837730
389503,87,4349506
60508,99,34197187
582325,93,7542151
535381,87,4260752
412084,92,6920131
712131,82,2468850
774881,86,3964897
296860,94,8461858
382572,86,3846378
374136,91,5916163
192873,96,9730511
421155,82,2641595
442352,85,3576841
26599,99,28702973
435832,95,9601050
295123,85,3380213
568306,80,2161739
346782,85,3362209
428541,62,357280
-1,0
-1,0
-1,0
-1,0
-1,0
-1,0
-1,0
118156,640
264150,29
148306,70
94096,224
127938,212
57145,95
220181,10
39636,1653
-1,2110
136277,618
254470,202
83946,32368
43870,728
41201,914
28219,2092
40027,123
57576,937
4557,2300
101308,557
180609,271
413340,5
83986,240
17763,807
119180,778
116434,192
50899,61
220672,25
271604,25
119558,174
259916,6
129264,69
184526,176
90276,513
182995,173
107195,37
-1,0
83208,349
106007,479
152907,276
161709,169
425785,32
128080,152
482765,49
46657,3711
67041,300
55029,318
149070,176
52077,73
46463,72
131538,3
64981,408
81252,28
49812,40
274142,7
47828,367
98666,222
96925,59
216616,71
86407,149
129818,41
-1,1
8012,1493
296214,109
152443,29
37560,686
19198,348
82989,51
10154,741
77147,50
39214,267
-1,0
230275,202
158385,44
46204,211
-1,0
211485,7
65823,570
28950,492
65443,143
416168,163
837987,133
20278,810
49648,338
154295,899
