268263,2161,370354238
285760,99,14515518
63767,99,21440136
71030,99,48440434
58227,99,66010895
45634,99,74676660
387636,87,4349506
59832,99,34149538
579518,93,7542151
531700,87,4260752
410378,92,6920131
708238,82,2468850
771008,86,3964897
295210,94,8461385
380265,86,3846378
370799,91,5916163
191591,96,9730511
418552,82,2641540
446948,85,3455538
26258,99,28702973
433053,95,9601050
293062,85,3380213
565165,80,2161330
344623,85,3361959
414463,62,355730
-1,0
-1,0
-1,0
-1,0
-1,0
-1,0
-1,0
118188,636
261982,29
147172,70
95342,220
127115,212
56607,95
219308,10
39588,1653
-1,2110
135861,618
251486,202
82733,32368
43157,727
40686,914
28028,2092
39395,123
56663,937
4503,2300
100859,557
176937,271
411773,5
83802,240
17558,807
118658,778
116046,192
50297,61
220019,25
270545,25
118965,174
259168,6
128594,69
183901,176
90006,513
182465,173
105991,37
-1,0
81810,349
105555,479
152158,276
159710,169
423522,32
127598,152
481656,49
46549,3711
66787,300
54681,318
146293,176
48137,73
46297,59
131243,3
64550,408
80580,28
49446,37
273110,7
47136,367
97445,222
96503,59
215252,71
83079,149
129072,41
-1,1
7924,1493
293987,109
151806,29
37172,686
18763,348
81766,51
9915,741
76033,50
38941,267
-1,0
229224,202
157513,44
45709,211
-1,0
211220,7
73783,440
28811,492
65099,143
414596,163
835123,133
19713,810
49305,338
155195,888
