270173,2161,370917267
286814,99,14515518
64003,99,21445910
71356,99,48579769
58492,99,66120153
45759,99,74837730
388753,87,4349506
60303,99,34174329
581250,93,7542151
533975,87,4260752
411381,92,6920131
710711,82,2468850
773394,86,3964897
296200,94,8461858
381672,86,3846378
372841,91,5916163
192369,96,9730511
420130,82,2641595
441393,85,3576841
26471,99,28702973
434785,95,9601050
294355,85,3380213
567166,80,2161430
345925,85,3362209
425162,62,356350
-1,0
-1,0
-1,0
-1,0
-1,0
-1,0
-1,0
117810,640
263334,29
147885,70
93884,224
127635,212
56933,95
219832,10
39598,1653
-1,2110
136091,618
253304,202
83465,32368
43571,728
40988,914
28135,2092
39798,123
57252,937
4536,2300
101135,557
179363,271
412653,5
84008,240
17674,807
118971,778
116285,192
50642,61
220418,25
271149,25
119319,174
259602,6
128965,69
184275,176
90158,513
182784,173
106722,37
-1,0
82688,349
105851,479
152594,276
160904,169
424947,32
127922,152
482248,49
46618,3711
66914,300
54891,318
148045,176
50671,73
45554,72
131409,3
64813,408
80979,28
49208,40
273722,7
47585,367
98210,222
96711,59
216071,71
85177,149
129535,41
-1,1
7978,1493
295382,109
152202,29
37399,686
19019,348
82528,51
10064,741
76735,50
39093,267
-1,0
229863,202
158016,44
46005,211
-1,0
211364,7
74527,440
28900,492
65285,143
415534,163
836873,133
20062,810
49488,338
154016,899
