263853,2160,369030653
281713,99,14515518
62852,99,21409823
69952,99,48042017
57171,99,65797667
44659,99,74578617
383518,87,4349486
58458,99,34066527
582149,93,7293301
528832,87,4216626
409270,92,6864595
700496,82,2468850
763458,86,3963499
292184,94,8441636
375674,86,3846378
367961,90,5837545
189534,96,9702067
413094,82,2641458
442309,85,3452705
25553,99,28702973
428420,95,9580753
289053,85,3380213
558352,80,2161330
339727,85,3361959
388274,62,355110
-1,0
-1,0
-1,0
-1,0
-1,0
-1,0
-1,0
117158,633
258194,29
145433,70
95609,217
125598,212
55677,95
217813,10
39342,1653
-1,2110
134921,618
245571,202
80394,32368
41648,727
39784,914
27645,2092
38385,123
55005,937
4439,2300
99962,557
169023,271
408730,5
82978,240
17183,807
117676,778
115685,190
49407,59
218516,25
268317,25
117747,174
257380,6
127395,69
182733,176
89494,513
181406,173
103927,37
-1,0
79289,349
104612,479
150618,276
155554,169
419382,32
126725,152
479058,49
46325,3711
66257,300
54085,318
141603,176
48136,48
42095,51
130718,3
63595,408
79211,28
46817,36
271009,7
45924,367
95382,222
95722,59
212413,71
76438,149
127542,41
-1,1
7740,1493
289327,109
150375,29
36353,686
18205,348
79594,51
9525,741
74088,50
38481,267
-1,0
227213,202
155769,44
44898,211
-1,0
210374,7
75161,397
28512,492
64432,143
411081,163
829043,133
18782,810
48635,338
160501,849
