272531,2161,372797983
288201,99,14515518
64449,99,21445910
69083,99,49948059
58252,99,66575780
46167,99,74837730
390208,87,4349506
60688,99,34229857
583498,93,7542151
536944,87,4260752
412733,92,6920131
713516,82,2468850
776184,86,3964897
297565,94,8461858
383381,86,3846378
375203,91,5916163
193419,96,9730511
421936,82,2641595
443374,85,3576841
26736,99,28702973
436865,95,9601050
295925,85,3380213
569451,80,2161771
347668,85,3362209
433377,62,357280
-1,0
-1,0
-1,0
-1,0
-1,0
-1,0
-1,0
118565,640
265118,29
148797,70
94340,224
128296,212
57379,95
220577,10
39622,1653
-1,2110
136303,618
255531,202
84393,32368
44232,728
41419,914
28295,2092
40302,123
57976,937
4569,2300
101525,557
182034,271
413950,5
83855,240
17862,807
119424,778
116609,192
51149,61
220927,25
272041,25
119811,174
260232,6
129576,69
184779,176
90389,513
183214,173
107741,37
-1,0
83795,349
106205,479
153226,276
162488,169
426746,32
128283,152
483176,49
46691,3711
67144,300
55182,318
150245,176
53522,73
47466,72
131663,3
65118,408
81529,28
50485,40
274578,7
48098,367
99238,222
97098,59
217111,71
87649,149
130100,41
-1,1
8060,1493
297085,109
152723,29
37753,686
19350,348
83538,51
10250,741
77636,50
39346,267
-1,0
230684,202
158708,44
46410,211
-1,0
211617,7
55932,749
29007,492
65565,143
416819,163
838890,133
20504,810
49790,338
154538,899
