513139,2007,195256505
166167,99,17622410
239973,99,14315194
172545,99,26330369
181067,99,35721219
207044,99,29532283
306858,90,5809734
312206,99,15839418
684509,90,5381550
621599,85,3410681
701668,84,2997398
438309,88,4794859
1266679,76,1440329
876707,77,1507514
499329,84,2996288
767861,80,2121088
270082,91,5962182
488272,81,2200578
755696,76,1406760
467888,92,7002922
759947,84,3155564
365752,81,2287806
1047153,71,861406
693890,82,2558953
-1,1,0
-1,0
-1,0
-1,0
-1,0
-1,0
-1,0
-1,0
569455,105
1812041,1
853314,6
845978,9
343711,83
544756,4
379704,2
-1,494
-1,2500
-1,0
-1,0
-1,0
-1,219
-1,0
-1,0
-1,0
-1,0
-1,0
224892,311
-1,0
-1,2
143442,96
-1,0
-1,0
23696,847
68282,26
-1,1
221663,27
-1,2
115479,61
304343,28
78228,437
91403,505
74306,456
-1,0
-1,0
-1,0
255779,133
263161,107
-1,4
846656,5
270351,34
304587,115
441740,458
177842,45
-1,3
-1,4
-1,0
-1,0
-1,0
106088,154
126701,7
-1,0
-1,0
-1,0
-1,3
-1,1
-1,0
-1,0
460378,12
-1,0
-1,0
-1,4
278746,12
250643,58
-1,0
-1,0
-1,0
-1,0
32689,333
-1,1
-1,0
102425,69
-1,1
27339,2
211873,6
-1,0
206938,20
251744,9
297455,301
1191482,65
-1,0
113767,143
230391,531
