522798,2007,195256505
168291,99,17622410
243476,99,14315194
176830,99,26330369
184873,99,35721219
210847,99,29532283
310010,90,5809734
317857,99,15839418
691090,90,5381550
629544,85,3410681
707867,84,2997398
443816,88,4794859
1278734,76,1440329
887823,77,1507514
505576,84,2996288
778022,80,2121088
273901,91,5962182
494601,81,2200578
765039,76,1406760
474198,92,7002922
767999,84,3155564
371346,81,2287806
1059097,71,861406
701877,82,2558953
-1,1,0
-1,0
-1,0
-1,0
-1,0
-1,0
-1,0
-1,0
575197,105
1829630,1
860723,6
853277,9
347059,83
549911,4
383315,2
-1,494
-1,2500
-1,0
-1,0
-1,0
-1,219
-1,0
-1,0
-1,0
-1,0
-1,0
226921,311
-1,0
-1,2
144712,96
-1,0
-1,0
23855,847
70419,26
-1,1
223629,27
-1,2
116049,61
307042,28
78625,437
91944,505
74662,456
-1,0
-1,0
-1,0
257965,133
266675,107
-1,4
855296,5
272753,34
305900,115
444052,458
179196,45
-1,3
-1,4
-1,0
-1,0
-1,0
107572,154
129473,7
-1,0
-1,0
-1,0
-1,3
-1,1
-1,0
-1,0
465790,12
-1,0
-1,0
-1,4
282386,12
257623,58
-1,0
-1,0
-1,0
-1,0
33122,333
-1,1
-1,0
103400,69
-1,1
27683,2
213150,6
-1,0
208716,20
254472,9
299857,301
1200659,65
-1,0
115178,143
232327,531
