509667,2007,195256505
165289,99,17622410
238623,99,14315194
170939,99,26330369
179656,99,35721219
205644,99,29532283
305894,90,5809734
310243,99,15839418
682607,90,5381550
619163,85,3410681
700014,84,2997398
436562,88,4794859
1263076,76,1440329
872821,77,1507514
497338,84,2996288
764455,80,2121088
268782,91,5962182
486273,81,2200578
752832,76,1406760
465383,92,7002922
757593,84,3155564
364306,81,2287806
1043395,71,861406
691531,82,2558953
-1,1,0
-1,0
-1,0
-1,0
-1,0
-1,0
-1,0
-1,0
567659,105
1805954,1
850782,6
843648,9
342512,83
543200,4
378533,2
-1,494
-1,2500
-1,0
-1,0
-1,0
-1,219
-1,0
-1,0
-1,0
-1,0
-1,0
224330,311
-1,0
-1,2
143014,96
-1,0
-1,0
23646,847
67438,26
-1,1
221042,27
-1,2
115328,61
303526,28
78125,437
91262,505
74233,456
-1,0
-1,0
-1,0
255205,133
262104,107
-1,4
844300,5
269753,34
304397,115
441096,458
177505,45
-1,3
-1,4
-1,0
-1,0
-1,0
105639,154
125606,7
-1,0
-1,0
-1,0
-1,3
-1,1
-1,0
-1,0
458545,12
-1,0
-1,0
-1,4
277501,12
247880,58
-1,0
-1,0
-1,0
-1,0
32537,333
-1,1
-1,0
102113,69
-1,1
27235,2
211566,6
-1,0
206318,20
250849,9
296825,301
1188651,65
-1,0
113218,143
229833,531
