524977,2007,195256505
168829,99,17622410
244411,99,14315194
177868,99,26330369
185800,99,35721219
211645,99,29532283
310738,90,5809734
319212,99,15839418
692594,90,5381550
631541,85,3410681
709335,84,2997398
445211,88,4794859
1281311,76,1440329
890354,77,1507514
506976,84,2996288
780636,80,2121088
274822,91,5962182
496019,81,2200578
767267,76,1406760
475647,92,7002922
769924,84,3155564
372652,81,2287806
1061682,71,861406
703689,82,2558953
-1,1,0
-1,0
-1,0
-1,0
-1,0
-1,0
-1,0
-1,0
576562,105
1833343,1
862441,6
854951,9
347823,83
551144,4
384251,2
-1,494
-1,2500
-1,0
-1,0
-1,0
-1,219
-1,0
-1,0
-1,0
-1,0
-1,0
227471,311
-1,0
-1,2
144815,96
-1,0
-1,0
23882,847
70861,26
-1,1
224116,27
-1,2
116186,61
307778,28
78713,437
92096,505
74746,456
-1,0
-1,0
-1,0
258488,133
267528,107
-1,4
857417,5
273398,34
306227,115
444690,458
179583,45
-1,3
-1,4
-1,0
-1,0
-1,0
107917,154
130081,7
-1,0
-1,0
-1,0
-1,3
-1,1
-1,0
-1,0
467095,12
-1,0
-1,0
-1,4
283214,12
259214,58
-1,0
-1,0
-1,0
-1,0
33226,333
-1,1
-1,0
103648,69
-1,1
27791,2
213431,6
-1,0
209089,20
255232,9
300448,301
1202510,65
-1,0
115534,143
232854,531
