505855,2007,195256505
164362,99,17622410
237057,99,14315194
169088,99,26330369
178195,99,35721219
204332,99,29532283
305000,90,5809734
308129,99,15839418
680763,90,5381550
616891,85,3410681
698307,84,2997398
435146,88,4794859
1259322,76,1440329
866849,77,1507514
495393,84,2996288
760813,80,2121088
267567,91,5962182
484691,81,2200578
750150,76,1406760
462889,92,7002922
755180,84,3155564
362870,81,2287806
1039237,71,861406
689216,82,2558953
-1,1,0
-1,0
-1,0
-1,0
-1,0
-1,0
-1,0
-1,0
565869,105
1799225,1
847859,6
841396,9
341369,83
541686,4
377467,2
-1,494
-1,2500
-1,0
-1,0
-1,0
-1,219
-1,0
-1,0
-1,0
-1,0
-1,0
223771,311
-1,0
-1,2
142541,96
-1,0
-1,0
23627,847
67119,26
-1,1
220513,27
-1,2
115172,61
302707,28
78042,437
91114,505
74149,456
-1,0
-1,0
-1,0
254598,133
260989,107
-1,4
841697,5
269132,34
304039,115
440391,458
177130,45
-1,3
-1,4
-1,0
-1,0
105163,154
124730,7
-1,0
-1,0
-1,0
-1,3
-1,1
-1,0
-1,0
457008,12
-1,0
-1,0
-1,4
276138,12
244499,58
-1,0
-1,0
-1,0
-1,0
32404,333
-1,1
-1,0
101800,69
-1,1
27132,2
211145,6
-1,0
205831,20
250033,9
296093,301
1185638,65
-1,0
112775,143
229298,531
