171559,2235,286119481
126092,99,19572868
160094,99,15945690
141930,99,29644398
162629,99,37587293
177833,99,32589568
371691,88,4535098
243580,99,17644256
110973,99,14795108
399047,91,6460942
479393,90,5820948
306883,92,6601127
1059180,80,2094241
276012,95,9302305
308656,88,4504932
241109,95,9333720
193619,95,9122338
261370,87,4143617
380613,88,4677835
138552,99,15260284
152155,99,15379912
171319,91,6300245
395059,84,3209171
176199,94,7947233
179480,86,3646352
-1,0
-1,0
-1,0
-1,0
-1,0
-1,0
-1,0
352114,215
-1,1
1494308,2
132705,156
458074,53
855359,1
412629,2
-1,0
-1,2500
-1,0
307773,171
-1,0
-1,442
120643,400
120102,703
90889,62
42194,1094
-1,1
24316,1062
-1,0
-1,0
-1,0
-1,1
58450,1303
124169,169
-1,0
-1,1
-1,1
-1,1
-1,0
492373,15
270885,88
86804,523
362903,37
-1,4
38307,58
-1,1
86284,568
91056,530
-1,0
36560,167
-1,1
-1,3
322260,914
-1,3
200286,67
213170,98
-1,0
-1,0
-1,0
-1,0
-1,0
-1,0
-1,2
-1,3
-1,1
-1,0
-1,0
211392,30
-1,0
-1,1
814858,24
367630,5
123729,296
330992,8
-1,1
386721,20
100698,7
-1,0
-1,0
96300,823
194717,31
78690,109
143338,1
144711,10
19997,1641
-1,0
-1,0
591402,53
942979,106
84293,167
221171,46
304116,306
