174159,2240,291339025
129288,99,19572868
165016,99,15945857
149146,99,29654214
169249,99,37597859
184109,99,32610797
378272,88,4535098
250142,99,17729663
114278,99,14795108
408981,91,6460942
486787,90,5820948
314354,92,6601127
1076615,80,2094241
281799,95,9302305
315538,88,4504932
247880,95,9334000
198346,95,9123288
267674,87,4143617
388293,88,4677835
144386,99,15260284
156314,99,15379912
176153,91,6300245
405065,84,3209171
162546,99,13038362
194359,86,3646352
-1,0
-1,0
-1,0
-1,0
-1,0
-1,0
-1,0
359379,215
-1,1
1511935,2
135660,156
465083,53
864414,1
418082,2
-1,0
-1,2500
-1,0
319369,171
-1,0
-1,445
125794,400
123850,703
96065,62
44948,1094
-1,1
24832,1062
-1,0
-1,0
-1,0
-1,1
59351,1303
126027,169
-1,0
-1,1
-1,1
-1,1
-1,0
503465,15
274101,88
87655,523
367388,37
-1,4
42072,58
-1,1
87528,568
92648,530
-1,0
37658,167
-1,1
-1,3
324650,914
-1,3
203705,67
225768,98
-1,0
-1,0
-1,0
-1,0
-1,0
-1,0
-1,0
-1,2
-1,3
-1,1
-1,0
-1,0
215662,30
-1,0
-1,1
837669,24
378088,5
130520,296
348841,8
-1,1
408112,20
105676,7
-1,0
-1,0
97845,823
199031,31
81687,109
143233,1
145889,10
21264,1641
-1,0
-1,0
600337,53
955232,106
90423,167
226061,46
309044,306
