171511,2237,288080507
127004,99,19572868
161505,99,15945690
144018,99,29644434
164463,99,37587305
179478,99,32589568
373232,88,4535098
244992,99,17675660
111698,99,14795108
401400,91,6460942
481110,90,5820948
308366,92,6601127
1063280,80,2094241
277591,95,9302305
310250,88,4504932
242772,95,9333720
194701,95,9122338
262577,87,4143617
382394,88,4677835
140339,99,15260284
153143,99,15379912
172314,91,6300245
397559,84,3209171
170050,96,9876807
182765,86,3646352
-1,0
-1,0
-1,0
-1,0
-1,0
-1,0
-1,0
353792,215
-1,1
1499566,2
133341,156
459853,53
857449,1
413875,2
-1,0
-1,2500
-1,0
310099,171
-1,0
-1,442
121945,400
120981,703
92075,62
42920,1094
-1,1
24462,1062
-1,0
-1,0
-1,0
-1,1
58692,1303
124522,169
-1,0
-1,1
-1,1
-1,1
-1,0
495020,15
271655,88
87013,523
363891,37
-1,4
39215,58
-1,1
86543,568
91409,530
-1,0
36809,167
-1,1
-1,3
322863,914
-1,3
201068,67
216086,98
-1,0
-1,0
-1,0
-1,0
-1,0
-1,0
-1,0
-1,2
-1,3
-1,1
-1,0
-1,0
212337,30
-1,0
-1,1
820277,24
370450,5
125520,296
334872,8
-1,1
391796,20
101905,7
-1,0
-1,0
96697,823
195676,31
79436,109
143334,1
145012,10
20345,1641
-1,0
-1,0
593439,53
946023,106
85732,167
222386,46
305221,306
