172087,2238,289500847
127670,99,19572868
162537,99,15945690
145606,99,29644434
165816,99,37587305
180832,99,32589568
374513,88,4535098
246239,99,17698392
112399,99,14795108
403327,91,6460942
482475,90,5820948
309994,92,6601127
1066565,80,2094241
278728,95,9302305
311700,88,4504932
244023,95,9333720
195715,95,9123288
264080,87,4143617
383843,88,4677835
141573,99,15260284
154000,99,15379912
173198,91,6300245
399538,84,3209171
169177,97,11273465
185973,86,3646352
-1,0
-1,0
-1,0
-1,0
-1,0
-1,0
-1,0
355293,215
-1,1
1502866,2
133898,156
461251,53
859076,1
414944,2
-1,0
-1,2500
-1,0
312371,171
-1,0
-1,443
123019,400
121778,703
93089,62
43515,1094
-1,1
24562,1062
-1,0
-1,0
-1,0
-1,1
58849,1303
124958,169
-1,0
-1,1
-1,1
-1,1
-1,0
497121,15
272177,88
87155,523
364653,37
-1,4
40046,58
-1,1
86745,568
91704,530
-1,0
37048,167
-1,1
-1,3
323242,914
-1,3
201732,67
218691,98
-1,0
-1,0
-1,0
-1,0
-1,0
-1,0
-1,0
-1,2
-1,3
-1,1
-1,0
-1,0
213225,30
-1,0
-1,1
824983,24
372525,5
126917,296
338317,8
-1,1
395953,20
102950,7
-1,0
-1,0
97002,823
196547,31
80025,109
143233,1
145201,10
20598,1641
-1,0
-1,0
594935,53
948259,106
86938,167
223394,46
306073,306
