171653,2238,288914236
127453,99,19572868
162231,99,15945690
145141,99,29644434
165446,99,37587305
180427,99,32589568
374060,88,4535098
245981,99,17689355
112188,99,14795108
402687,91,6460942
482013,90,5820948
309487,92,6601127
1065654,80,2094241
278373,95,9302305
311271,88,4504932
243705,95,9333720
195436,95,9122338
263680,87,4143617
383414,88,4677835
141230,99,15260284
153762,99,15379912
172921,91,6300245
398944,84,3209171
169631,97,10696841
185088,86,3646352
-1,0
-1,0
-1,0
-1,0
-1,0
-1,0
-1,0
354818,215
-1,1
1501858,2
133710,156
460813,53
858483,1
414588,2
-1,0
-1,2500
-1,0
311709,171
-1,0
-1,442
122718,400
121567,703
92815,62
43361,1094
-1,1
24541,1062
-1,0
-1,0
-1,0
-1,1
58781,1303
124843,169
-1,0
-1,1
-1,1
-1,1
-1,0
496479,15
271986,88
87102,523
364365,37
-1,4
39830,58
-1,1
86668,568
91620,530
-1,0
36989,167
-1,1
-1,3
323090,914
-1,3
201533,67
217958,98
-1,0
-1,0
-1,0
-1,0
-1,0
-1,0
-1,0
-1,2
-1,3
-1,1
-1,0
-1,0
212957,30
-1,0
-1,1
823592,24
371954,5
126529,296
337471,8
-1,1
394812,20
102637,7
-1,0
-1,0
96903,823
196300,31
79864,109
143215,1
145129,10
20532,1641
-1,0
-1,0
594405,53
947681,106
86631,167
223137,46
305824,306
