172368,2239,290316761
128254,99,19572868
163409,99,15945690
146748,99,29644434
166984,99,37587305
181992,99,32589568
375797,88,4535098
247501,99,17711008
113027,99,14795108
405124,91,6460942
483918,90,5820948
311494,92,6601127
1070128,80,2094241
279748,95,9302305
312999,88,4504932
245292,95,9333720
196549,95,9123288
265263,87,4143617
385296,88,4677835
142455,99,15260284
154687,99,15379912
174238,91,6300245
401553,84,3209171
169372,98,12076763
188733,86,3646352
-1,0
-1,0
-1,0
-1,0
-1,0
-1,0
-1,0
356616,215
-1,1
1505853,2
134439,156
462494,53
860865,1
415941,2
-1,0
-1,2500
-1,0
314945,171
-1,0
-1,445
123859,400
122463,703
93955,62
43938,1094
-1,1
24635,1062
-1,0
-1,0
-1,0
-1,1
58995,1303
125357,169
-1,0
-1,1
-1,1
-1,1
-1,0
499160,15
272776,88
87312,523
365495,37
-1,4
40671,58
-1,1
86968,568
92020,530
-1,0
37243,167
-1,1
-1,3
323687,914
-1,3
202332,67
220900,98
-1,0
-1,0
-1,0
-1,0
-1,0
-1,0
-1,0
-1,2
-1,3
-1,1
-1,0
-1,0
213957,30
-1,0
-1,1
829229,24
374434,5
128178,296
341296,8
-1,1
399677,20
103773,7
-1,0
-1,0
97279,823
197345,31
80524,109
143279,1
145436,10
20811,1641
-1,0
-1,0
596739,53
950694,106
88024,167
224271,46
307006,306
