174638,2240,291339025
129541,99,19572868
165339,99,15945857
149669,99,29654214
169749,99,37597859
184581,99,32610797
378758,88,4535098
250826,99,17729663
114515,99,14795108
409718,91,6460942
487338,90,5820948
314938,92,6601127
1077782,80,2094241
282188,95,9302305
316019,88,4504932
248453,95,9334000
198703,95,9123288
268152,87,4143617
388934,88,4677835
144734,99,15260284
156602,99,15379912
176527,91,6300245
405636,84,3209171
162850,99,13038362
195398,86,3646352
-1,0
-1,0
-1,0
-1,0
-1,0
-1,0
-1,0
359965,215
-1,1
1513036,2
135889,156
465624,53
865098,1
418537,2
-1,0
-1,2500
-1,0
320245,171
-1,0
-1,445
126206,400
124103,703
96493,62
45152,1094
-1,1
24884,1062
-1,0
-1,0
-1,0
-1,1
59427,1303
126166,169
-1,0
-1,1
-1,1
-1,1
-1,0
504286,15
274400,88
87737,523
367784,37
-1,4
42357,58
-1,1
87628,568
92768,530
-1,0
37738,167
-1,1
-1,3
324856,914
-1,3
204030,67
226705,98
-1,0
-1,0
-1,0
-1,0
-1,0
-1,0
-1,0
-1,2
-1,3
-1,1
-1,0
-1,0
215994,30
-1,0
-1,1
839153,24
378818,5
130939,296
350337,8
-1,1
409705,20
106037,7
-1,0
-1,0
97953,823
199417,31
81947,109
143237,1
146003,10
21372,1641
-1,0
-1,0
601069,53
956019,106
90878,167
226478,46
309505,306
