175000,2240,291339025
129669,99,19572868
165529,99,15945857
149974,99,29654214
170048,99,37597859
184784,99,32610797
379069,88,4535098
251165,99,17729663
114680,99,14795108
410240,91,6460942
487736,90,5820948
315254,92,6601127
1078551,80,2094241
282474,95,9302305
316239,88,4504932
248878,95,9334000
198946,95,9123288
268472,87,4143617
389357,88,4677835
144952,99,15260284
156812,99,15379912
176778,91,6300245
406069,84,3209171
163015,99,13038362
196141,86,3646352
-1,0
-1,0
-1,0
-1,0
-1,0
-1,0
-1,0
360308,215
-1,1
1513717,2
136027,156
465916,53
865481,1
418802,2
-1,0
-1,2500
-1,0
320817,171
-1,0
-1,445
126450,400
124256,703
96719,62
45255,1094
-1,1
24908,1062
-1,0
-1,0
-1,0
-1,1
59473,1303
126240,169
-1,0
-1,1
-1,1
-1,1
-1,0
504792,15
274573,88
87770,523
368010,37
-1,4
42536,58
-1,1
87697,568
92848,530
-1,0
37798,167
-1,1
-1,3
324972,914
-1,3
204200,67
227349,98
-1,0
-1,0
-1,0
-1,0
-1,0
-1,0
-1,0
-1,2
-1,3
-1,1
-1,0
-1,0
216203,30
-1,0
-1,1
840094,24
379239,5
131195,296
351143,8
-1,1
410660,20
106280,7
-1,0
-1,0
98022,823
199606,31
82070,109
143227,1
146046,10
21435,1641
-1,0
-1,0
601549,53
956532,106
91201,167
226704,46
309786,306
