171778,2236,287787682
126677,99,19572868
160974,99,15945690
143261,99,29644434
163835,99,37587305
178829,99,32589568
372659,88,4535098
244218,99,17670693
111403,99,14795108
400523,91,6460942
480445,90,5820948
307676,92,6601127
1061623,80,2094241
276949,95,9302305
309621,88,4504932
242135,95,9333720
194281,95,9122338
262100,87,4143617
381705,88,4677835
139660,99,15260284
152773,99,15379912
171905,91,6300245
396627,84,3209171
170568,95,9588949
181447,86,3646352
-1,0
-1,0
-1,0
-1,0
-1,0
-1,0
-1,0
353124,215
-1,1
1497628,2
133108,156
459131,53
856622,1
413422,2
-1,0
-1,2500
-1,0
309156,171
-1,0
-1,442
121423,400
120616,703
91608,62
42674,1094
-1,1
24410,1062
-1,0
-1,0
-1,0
-1,1
58599,1303
124404,169
-1,0
-1,1
-1,1
-1,1
-1,0
494038,15
271402,88
86940,523
363577,37
-1,4
38857,58
-1,1
86442,568
91294,530
-1,0
36710,167
-1,1
-1,3
322666,914
-1,3
200773,67
214940,98
-1,0
-1,0
-1,0
-1,0
-1,0
-1,0
-1,0
-1,2
-1,3
-1,1
-1,0
-1,0
211938,30
-1,0
-1,1
818119,24
369509,5
124827,296
333344,8
-1,1
389903,20
101450,7
-1,0
-1,0
96533,823
195320,31
79154,109
143352,1
144920,10
20226,1641
-1,0
-1,0
592692,53
944834,106
85176,167
221921,46
304763,306
