172214,2238,289500847
127723,99,19572868
162611,99,15945690
145723,99,29644434
165925,99,37587305
180932,99,32589568
374600,88,4535098
246371,99,17698392
112475,99,14795108
403496,91,6460942
482609,90,5820948
310156,92,6601127
1066893,80,2094241
278812,95,9302305
311792,88,4504932
244166,95,9333720
195787,95,9123288
264186,87,4143617
383957,88,4677835
141664,99,15260284
154066,99,15379912
173303,91,6300245
399754,84,3209171
169243,97,11273465
186288,86,3646352
-1,0
-1,0
-1,0
-1,0
-1,0
-1,0
-1,0
355419,215
-1,1
1503150,2
133959,156
461379,53
859199,1
415015,2
-1,0
-1,2500
-1,0
312645,171
-1,0
-1,443
123111,400
121855,703
93161,62
43546,1094
-1,1
24571,1062
-1,0
-1,0
-1,0
-1,1
58860,1303
124981,169
-1,0
-1,1
-1,1
-1,1
-1,0
497318,15
272217,88
87159,523
364710,37
-1,4
40114,58
-1,1
86756,568
91735,530
-1,0
37075,167
-1,1
-1,3
323266,914
-1,3
201780,67
218913,98
-1,0
-1,0
-1,0
-1,0
-1,0
-1,0
-1,0
-1,2
-1,3
-1,1
-1,0
-1,0
213294,30
-1,0
-1,1
825398,24
372686,5
127036,296
338577,8
-1,1
396298,20
103032,7
-1,0
-1,0
97035,823
196612,31
80074,109
143193,1
145209,10
20623,1641
-1,0
-1,0
595054,53
948472,106
87043,167
223472,46
306149,306
