170962,2236,286961034
126254,99,19572868
160346,99,15945690
142337,99,29644434
163034,99,37587305
178195,99,32589568
372039,88,4535098
243676,99,17657703
111133,99,14795108
399670,91,6460942
479803,90,5820948
307164,92,6601127
1060002,80,2094241
276283,95,9302305
308995,88,4504932
241470,95,9333720
193865,95,9122338
261643,87,4143617
381053,88,4677835
138804,99,15260284
152411,99,15379912
171531,91,6300245
395604,84,3209171
173222,95,8775291
180264,86,3646352
-1,0
-1,0
-1,0
-1,0
-1,0
-1,0
-1,0
352444,215
-1,1
1495542,2
132849,156
458391,53
855841,1
412917,2
-1,0
-1,2500
-1,0
308244,171
-1,0
-1,442
120915,400
120258,703
91172,62
42357,1094
-1,1
24366,1062
-1,0
-1,0
-1,0
-1,1
58507,1303
124265,169
-1,0
-1,1
-1,1
-1,1
-1,0
492988,15
271126,88
86857,523
363199,37
-1,4
38528,58
-1,1
86341,568
91147,530
-1,0
36621,167
-1,1
-1,3
322477,914
-1,3
200475,67
213805,98
-1,0
-1,0
-1,0
-1,0
-1,0
-1,0
-1,0
-1,2
-1,3
-1,1
-1,0
-1,0
211597,30
-1,0
-1,1
816101,24
368508,5
124168,296
331796,8
-1,1
387924,20
101007,7
-1,0
-1,0
96388,823
194955,31
78854,109
143346,1
144797,10
20085,1641
-1,0
-1,0
591929,53
943601,106
84650,167
221463,46
304381,306
