175766,2240,291339025
129868,99,19572868
165883,99,15945857
150543,99,29654214
170606,99,37597859
185339,99,32610797
379701,88,4535098
251819,99,17729663
115017,99,14795108
411385,91,6460942
488510,90,5820948
315936,92,6601127
1080040,80,2094241
283048,95,9302305
316894,88,4504932
249548,95,9334000
199433,95,9123288
268910,87,4143617
390109,88,4677835
145416,99,15260284
157206,99,15379912
177278,91,6300245
406833,84,3209171
163425,99,13038362
197585,86,3646352
-1,0
-1,0
-1,0
-1,0
-1,0
-1,0
-1,0
361048,215
-1,1
1515149,2
136361,156
466611,53
866469,1
419368,2
-1,0
-1,2500
-1,0
321935,171
-1,0
-1,445
126962,400
124580,703
97266,62
45516,1094
-1,1
24960,1062
-1,0
-1,0
-1,0
-1,1
59568,1303
126418,169
-1,0
-1,1
-1,1
-1,1
-1,0
505890,15
274969,88
87868,523
368520,37
-1,4
42929,58
-1,1
87835,568
93009,530
-1,0
37913,167
-1,1
-1,3
325241,914
-1,3
204594,67
228695,98
-1,0
-1,0
-1,0
-1,0
-1,0
-1,0
-1,0
-1,2
-1,3
-1,1
-1,0
-1,0
216604,30
-1,0
-1,1
842099,24
380159,5
131826,296
352880,8
-1,1
412750,20
106854,7
-1,0
-1,0
98177,823
200050,31
82403,109
143182,1
146151,10
21576,1641
-1,0
-1,0
602469,53
957428,106
91850,167
227220,46
310338,306
