175883,2240,291339025
129908,99,19572868
165963,99,15945857
150654,99,29654214
170691,99,37597859
185434,99,32610797
379780,88,4535098
251924,99,17729663
115062,99,14795108
411564,91,6460942
488622,90,5820948
316044,92,6601127
1080278,80,2094241
283121,95,9302305
316973,88,4504932
249654,95,9334000
199503,95,9123288
268951,87,4143617
390214,88,4677835
145492,99,15260284
157264,99,15379912
177358,91,6300245
406977,84,3209171
163469,99,13038362
197845,86,3646352
-1,0
-1,0
-1,0
-1,0
-1,0
-1,0
-1,0
361163,215
-1,1
1515355,2
136416,156
466735,53
866599,1
419461,2
-1,0
-1,2500
-1,0
322100,171
-1,0
-1,445
127025,400
124637,703
97346,62
45553,1094
-1,1
24974,1062
-1,0
-1,0
-1,0
-1,1
59587,1303
126440,169
-1,0
-1,1
-1,1
-1,1
-1,0
506037,15
275016,88
87878,523
368570,37
-1,4
42980,58
-1,1
87852,568
93034,530
-1,0
37932,167
-1,1
-1,3
325255,914
-1,3
204655,67
228872,98
-1,0
-1,0
-1,0
-1,0
-1,0
-1,0
-1,0
-1,2
-1,3
-1,1
-1,0
-1,0
216665,30
-1,0
-1,1
842420,24
380281,5
131898,296
353097,8
-1,1
413028,20
106948,7
-1,0
-1,0
98201,823
200113,31
82450,109
143163,1
146152,10
21602,1641
-1,0
-1,0
602593,53
957564,106
91932,167
227308,46
310407,306
