171202,2237,288080507
126876,99,19572868
161275,99,15945690
143701,99,29644434
164190,99,37587305
179206,99,32589568
372968,88,4535098
244569,99,17675660
111566,99,14795108
401073,91,6460942
480806,90,5820948
308026,92,6601127
1062567,80,2094241
277305,95,9302305
309931,88,4504932
242511,95,9333720
194537,95,9122338
262360,87,4143617
382096,88,4677835
140066,99,15260284
152992,99,15379912
172156,91,6300245
397134,84,3209171
169892,96,9876807
182204,86,3646352
-1,0
-1,0
-1,0
-1,0
-1,0
-1,0
-1,0
353503,215
-1,1
1498774,2
133232,156
459549,53
857050,1
413656,2
-1,0
-1,2500
-1,0
309668,171
-1,0
-1,442
121729,400
120824,703
91858,62
42809,1094
-1,1
24451,1062
-1,0
-1,0
-1,0
-1,1
58645,1303
124461,169
-1,0
-1,1
-1,1
-1,1
-1,0
494603,15
271534,88
86969,523
363726,37
-1,4
39062,58
-1,1
86495,568
91357,530
-1,0
36771,167
-1,1
-1,3
322781,914
-1,3
200937,67
215615,98
-1,0
-1,0
-1,0
-1,0
-1,0
-1,0
-1,0
-1,2
-1,3
-1,1
-1,0
-1,0
212154,30
-1,0
-1,1
819300,24
370025,5
125215,296
334185,8
-1,1
390946,20
101707,7
-1,0
-1,0
96641,823
195505,31
79301,109
143323,1
144969,10
20278,1641
-1,0
-1,0
593078,53
945489,106
85461,167
222168,46
304982,306
