171781,2239,290056368
127978,99,19572868
163044,99,15945690
146257,99,29644434
166491,99,37587305
181507,99,32589568
375210,88,4535098
246924,99,17707115
112731,99,14795108
404303,91,6460942
483276,90,5820948
310828,92,6601127
1068671,80,2094241
279305,95,9302305
312404,88,4504932
244725,95,9333720
196187,95,9123288
264734,87,4143617
384670,88,4677835
142067,99,15260284
154392,99,15379912
173797,91,6300245
400744,84,3209171
169292,98,11820263
187483,86,3646352
-1,0
-1,0
-1,0
-1,0
-1,0
-1,0
-1,0
356058,215
-1,1
1504613,2
134213,156
461972,53
860091,1
415541,2
-1,0
-1,2500
-1,0
313871,171
-1,0
-1,445
123493,400
122179,703
93582,62
43758,1094
-1,1
24599,1062
-1,0
-1,0
-1,0
-1,1
58935,1303
125187,169
-1,0
-1,1
-1,1
-1,1
-1,0
498265,15
272527,88
87237,523
365163,37
-1,4
40395,58
-1,1
86870,568
91889,530
-1,0
37166,167
-1,1
-1,3
323508,914
-1,3
202095,67
219979,98
-1,0
-1,0
-1,0
-1,0
-1,0
-1,0
-1,0
-1,2
-1,3
-1,1
-1,0
-1,0
213651,30
-1,0
-1,1
827497,24
373610,5
127665,296
340056,8
-1,1
398197,20
103414,7
-1,0
-1,0
97169,823
197048,31
80310,109
143247,1
145339,10
20727,1641
-1,0
-1,0
595947,53
949694,106
87551,167
223926,46
306599,306
