38334,2376,449597063
159290,99,17828262
92256,99,18895443
84245,99,41960424
107772,99,47101763
126355,99,41024159
92875,99,13186248
126888,99,23884299
105721,99,14973234
83434,99,14479044
98548,99,13397843
132363,99,13091474
111108,99,13715085
73543,99,14197942
83965,99,13175596
39295,99,16223894
51489,99,13602233
88098,99,13122665
51988,99,16034093
88275,99,18122449
105382,99,17462515
63265,99,13164926
53613,99,14584026
49909,99,13301510
42847,99,13067936
-1,0
-1,0
-1,0
-1,0
-1,0
-1,0
-1,0
140689,543
144417,59
148949,67
186515,108
103187,240
104477,57
192860,12
49007,1413
-1,2500
-1,157
80120,373
132965,11778
53591,672
123362,388
136792,597
213672,23
-1,1
43552,351
33282,950
314990,72
333807,5
118259,134
199793,38
96699,922
158950,109
95690,7
272999,10
224502,26
229856,46
117087,60
116050,74
170036,193
220880,242
168317,191
138622,25
-1,0
157200,77
107834,463
224416,144
307419,50
183617,71
62709,261
374336,81
141150,2093
205481,27
236672,46
99560,230
163059,2
-1,0
149850,58
-1,2
-1,0
293544,6
216699,36
132893,138
290358,6
523419,10
-1,0
36196,65
-1,0
101687,71
562707,52
70011,54
67533,471
222366,27
-1,3
308340,49
-1,0
80364,49
-1,0
226279,201
33800,142
20582,375
-1,0
258534,5
64140,530
131606,59
207047,19
394497,177
276515,523
-1,0
199032,57
169870,796
