41146,2376,454513698
162323,99,17885564
94683,99,18958244
84967,99,43402670
109282,99,47994464
130210,99,41350222
95442,99,13186497
126899,99,24450322
109040,99,14976084
87103,99,14481594
101105,99,13397843
128410,99,13112720
113555,99,13715835
76082,99,14213792
86023,99,13176196
40541,99,16229164
48086,99,13726106
90467,99,13122900
52326,99,16106406
86125,99,18659352
99150,99,18077064
65236,99,13169926
53856,99,14719270
51340,99,13306645
44758,99,13094818
-1,0
-1,0
-1,0
-1,0
-1,0
-1,0
-1,0
141174,555
149731,59
153116,67
190555,108
100911,248
103154,59
184505,14
49392,1413
-1,2500
-1,157
84001,373
140617,11778
55152,681
129129,388
141369,597
226857,23
252976,13
45109,351
34002,950
354573,72
340252,5
120530,134
205912,38
98404,922
161221,110
100710,7
279054,10
228267,26
233786,46
118061,60
118273,74
172055,193
224357,242
170073,191
144975,25
-1,0
166419,77
109563,463
229505,144
322260,50
188210,71
63283,261
377062,81
142183,2093
185498,41
240973,46
89846,255
67636,51
-1,0
166084,2
153860,58
-1,2
-1,0
298541,6
226872,36
138826,138
296133,6
541832,10
177668,19
37454,65
-1,0
105186,71
579960,52
71321,54
71140,471
235843,27
-1,3
328891,49
-1,0
82653,49
-1,0
230290,201
34302,142
21367,375
-1,0
260972,5
68247,530
133783,59
211629,19
400438,177
280384,523
-1,0
203746,57
172188,796
