38338,2376,450824788
159488,99,17828262
92360,99,18900690
83026,99,42429735
107247,99,47292043
126313,99,41092953
92980,99,13186358
126833,99,23915140
105883,99,14973744
83694,99,14479475
98716,99,13397843
132446,99,13091652
111234,99,13715085
73590,99,14199262
84103,99,13175596
39361,99,16224149
50167,99,13633657
88246,99,13122696
51318,99,16105998
86888,99,18246735
102496,99,17662852
63350,99,13164926
53266,99,14614020
49759,99,13302817
42693,99,13069100
-1,0
-1,0
-1,0
-1,0
-1,0
-1,0
-1,0
139722,547
144719,59
149173,67
186745,108
100655,244
104643,57
193065,12
49032,1413
-1,2500
-1,157
80325,373
133365,11778
53194,674
123701,388
137002,597
214405,23
242529,12
43662,351
33330,950
317412,72
334149,5
118449,134
200154,38
96844,922
159086,109
95868,7
273358,10
224764,26
230131,46
117134,60
116211,74
170207,193
221131,242
168472,191
138949,25
-1,0
157781,77
107935,463
224667,144
307897,50
183879,71
62761,261
374549,81
141274,2093
183182,41
236936,46
96640,235
163225,2
-1,0
150113,58
-1,2
-1,0
293846,6
217296,36
133249,138
290721,6
524419,10
-1,0
36243,65
-1,0
101923,71
563640,52
70142,54
67793,471
223110,27
-1,3
309696,49
-1,0
80526,49
-1,0
226490,201
33825,142
20623,375
-1,0
258764,5
64403,530
131765,59
207338,19
394904,177
276733,523
-1,0
199310,57
169995,796
