42196,2376,454612344
163360,99,17885564
95568,99,18958244
86366,99,43402670
110792,99,47994464
131717,99,41350222
96166,99,13186497
128730,99,24450322
110211,99,14976084
88300,99,14481594
101952,99,13397843
129306,99,13112720
114338,99,13715835
76906,99,14213792
86603,99,13176196
40134,99,16327810
48738,99,13726106
91194,99,13122900
52638,99,16106406
87142,99,18659352
100098,99,18077064
65923,99,13169926
54372,99,14719270
52047,99,13306645
46554,99,13094818
-1,0
-1,0
-1,0
-1,0
-1,0
-1,0
-1,0
142576,555
151610,59
154579,67
192003,108
101782,248
104051,59
185550,14
49404,1413
-1,2500
-1,157
85204,373
142887,11778
56347,681
130908,388
142674,597
230909,23
256370,13
45653,351
34255,950
364904,72
342300,5
120848,134
207892,38
98930,922
161954,110
102159,7
280857,10
229480,26
235011,46
118358,60
119082,74
172698,193
225435,242
170651,191
147076,25
-1,0
169474,77
110110,463
231030,144
325754,50
189716,71
63510,261
377936,81
142502,2093
186293,41
242383,46
92014,255
72929,51
-1,0
167078,2
155018,58
-1,2
-1,0
300086,6
229930,36
141015,138
297883,6
546919,10
186514,19
37879,65
-1,0
106376,71
584841,52
71715,54
72191,471
240003,27
-1,3
335284,49
-1,0
83482,49
-1,0
231501,201
34444,142
21685,375
-1,0
261731,5
69652,530
134411,59
213088,19
402396,177
281287,523
-1,0
205257,57
173017,796
