41867,2376,454612344
163037,99,17885564
95282,99,18958244
85896,99,43402670
110340,99,47994464
131245,99,41350222
95964,99,13186497
128151,99,24450322
109815,99,14976084
87924,99,14481594
101702,99,13397843
129011,99,13112720
114073,99,13715835
76653,99,14213792
86375,99,13176196
40043,99,16327810
48525,99,13726106
90989,99,13122900
52541,99,16106406
86857,99,18659352
99770,99,18077064
65705,99,13169926
54213,99,14719270
51852,99,13306645
46028,99,13094818
-1,0
-1,0
-1,0
-1,0
-1,0
-1,0
-1,0
142159,555
151054,59
154140,67
191593,108
101542,248
103800,59
185235,14
49392,1413
-1,2500
-1,157
84837,373
142117,11778
55991,681
130341,388
142292,597
229716,23
255357,13
45502,351
34179,950
361310,72
341713,5
120554,134
207306,38
98784,922
161711,110
101770,7
280344,10
229140,26
234694,46
118297,60
118879,74
172535,193
225124,242
170495,191
146526,25
-1,0
168598,77
109952,463
230578,144
324751,50
189238,71
63452,261
377703,81
142431,2093
186083,41
241988,46
91379,255
71237,51
-1,0
166782,2
154685,58
-1,2
-1,0
299594,6
229007,36
140389,138
297353,6
545391,10
184058,19
37740,65
-1,0
106018,71
583373,52
71573,54
71879,471
238800,27
-1,3
333320,49
-1,0
83231,49
-1,0
231185,201
34405,142
21593,375
-1,0
261532,5
69226,530
134232,59
212589,19
401760,177
280952,523
-1,0
204841,57
172782,796
