12923,2376,737700065
119596,99,20016683
18010,99,31505300
30396,99,78089224
26688,99,91814163
20193,99,104603686
4934,99,17058024
39830,99,39527396
21514,99,30085541
18916,99,27756388
11927,99,20529421
15820,99,22033632
24834,99,20330987
6243,99,20539304
31252,99,14194604
11096,99,26402516
5643,99,22729752
14951,99,15329892
57198,99,15581862
17808,99,32223369
55239,99,22727536
40194,99,13642270
16289,99,24228671
16579,99,13713515
79811,99,13036329
-1,0
-1,0
-1,0
-1,0
-1,0
-1,0
-1,0
11438,2677
6662,652
23660,417
66892,291
7781,785
3125,411
28648,121
72103,1103
-1,2361
109407,844
205809,221
118832,22993
5997,1125
26534,1102
4594,4464
46836,106
32565,1266
45915,328
66086,696
165946,266
91216,21
55194,413
20876,700
173686,500
19411,951
35173,108
33916,198
197102,32
28147,741
57002,170
49096,151
49335,635
66372,630
46826,663
143255,25
-1,0
63406,469
47446,877
51968,1000
116677,234
159125,78
29475,468
142025,291
104553,2523
69616,281
26288,531
88353,247
8282,23
-1,0
34594,912
47406,66
-1,0
14359,78
20113,595
34749,731
50873,137
67954,234
97959,72
66762,53
-1,0
51393,251
208928,141
75674,52
62420,497
12520,424
49005,160
59602,367
21656,501
35244,299
-1,0
54554,1327
4504,303
38987,237
23900,3
65481,18
92938,219
97587,103
35329,279
156911,640
23339,768
70702,230
28652,510
26071,3199
