12986,2376,737700065
119779,99,20016683
18048,99,31505300
30540,99,78089224
26792,99,91814163
20251,99,104603686
4948,99,17058024
39975,99,39527396
21529,99,30085541
18951,99,27756388
11936,99,20529421
15843,99,22033632
24855,99,20330987
6287,99,20539304
31285,99,14194604
11107,99,26402516
5659,99,22729752
14974,99,15329892
57234,99,15581862
17898,99,32223369
55334,99,22727536
40247,99,13642270
16316,99,24228671
16622,99,13713515
82227,99,13036329
-1,0
-1,0
-1,0
-1,0
-1,0
-1,0
-1,0
11464,2677
6675,652
23694,417
66970,291
7823,785
3136,411
28692,121
72119,1103
-1,2361
109349,844
206099,221
119156,22993
6050,1125
26597,1102
4599,4464
46936,106
32676,1266
46003,328
66151,696
166791,266
91301,21
55264,413
20925,700
173867,500
19419,951
35220,108
33951,198
197228,32
28175,741
57012,170
49143,151
49355,635
66400,630
46842,663
143495,25
-1,0
63597,469
47477,877
51998,1000
117041,234
159324,78
29482,468
142055,291
104590,2523
69654,281
26307,531
88657,247
-1,0
-1,0
8295,23
34621,912
47458,66
-1,0
14377,78
20149,595
34824,731
50916,137
67987,234
99825,72
66817,53
-1,0
51497,251
209168,141
75757,52
62586,497
12559,424
49181,160
59845,367
21731,501
35286,299
-1,0
54610,1327
4507,303
39050,237
23920,3
65512,18
93191,219
97655,103
35356,279
157026,640
23352,768
70947,230
28683,510
26084,3199
