14213,2376,740001064
122603,99,20045139
18905,99,31518169
32332,99,78506547
28398,99,92012577
21508,99,104709470
5202,99,17059725
42828,99,39550141
22122,99,30085688
19803,99,27774193
12135,99,20529515
16322,99,22033632
25568,99,20330993
5620,99,21545221
32159,99,14199604
11217,99,26595829
5961,99,22732048
14363,99,15511015
58502,99,15582542
19267,99,32241325
57107,99,22728496
41784,99,13647270
16940,99,24279839
17446,99,13717080
62849,99,13065006
-1,0
-1,0
-1,0
-1,0
-1,0
-1,0
-1,0
12098,2677
7088,652
24542,417
68711,291
8495,785
3433,411
29810,121
72548,1103
-1,2361
110836,844
217036,221
126556,22993
6635,1129
28008,1102
4719,4464
49979,106
35090,1266
47782,328
67521,696
184394,266
93495,21
56104,413
21979,700
177212,500
19597,952
37159,109
34648,198
200638,32
28891,741
57447,170
50452,151
49760,635
67106,630
47232,663
150568,25
-1,0
68406,469
48280,877
52937,1000
124291,234
163791,78
29812,468
143201,291
105413,2523
70773,281
26961,531
96438,247
76648,50
-1,0
8818,23
35610,912
48878,66
-1,0
14881,78
21434,595
36721,731
51851,137
69227,234
128713,72
68960,53
-1,0
53755,251
215833,141
77115,52
66074,497
13587,424
53297,160
65872,367
23734,501
36024,302
-1,0
55725,1327
4575,303
40772,237
24521,3
66121,18
99199,219
99486,103
36040,279
159453,640
23861,768
77214,230
29640,510
26313,3199
