13574,2376,739301611
121195,99,20044982
18542,99,31516082
31411,99,78387876
27599,99,91965020
20882,99,104693398
5063,99,17058906
41456,99,39544661
21816,99,30085688
19354,99,27767293
12050,99,20529515
16087,99,22033632
25176,99,20330993
5773,99,21241301
31778,99,14199604
11185,99,26427039
5807,99,22731548
14208,99,15509999
57902,99,15582542
18653,99,32238489
56200,99,22728496
40957,99,13647270
16648,99,24255191
16968,99,13717080
57188,99,13065006
-1,0
-1,0
-1,0
-1,0
-1,0
-1,0
-1,0
11771,2677
6850,652
24053,417
67814,291
8156,785
3274,411
29230,121
72433,1103
-1,2361
110160,844
211610,221
123049,22993
6290,1127
27258,1102
4658,4464
48366,106
33900,1266
46886,328
66773,696
176453,266
92312,21
56031,413
21450,700
175436,500
19524,952
36141,109
34299,198
198877,32
28518,741
57238,170
49726,151
49552,635
66718,630
47026,663
146905,25
-1,0
65958,469
47820,877
52436,1000
120923,234
161507,78
29632,468
142578,291
105005,2523
70194,281
26599,531
92508,247
65088,50
-1,0
8557,23
35117,912
48185,66
-1,0
14609,78
20783,595
35684,731
51345,137
68685,234
117166,72
67878,53
-1,0
52526,251
212811,141
76487,52
64421,497
12980,424
51243,160
62716,367
22734,501
35773,299
-1,0
55198,1327
4545,303
39875,237
24210,3
65822,18
96180,219
98635,103
35689,279
158238,640
23591,768
74014,230
29151,510
26224,3199
