232400,2190,203798376
344833,99,13741499
600085,93,7521416
425793,99,14936779
433033,99,21127139
610107,99,13497298
485927,84,3211571
396479,99,14354404
511420,96,10502804
291038,99,13034435
432624,92,6518477
298608,92,6912714
123156,99,13588717
286218,95,8954974
281816,89,5073793
151555,99,13145505
307812,90,5514386
349242,85,3301797
427803,86,3747160
410019,94,8255179
509568,92,6928570
259645,86,3752499
401731,84,3233797
617215,83,2723207
490303,57,220256
-1,0
-1,0
-1,0
-1,0
-1,0
-1,0
-1,0
102320,710
61507,159
64959,169
113637,186
184766,160
169035,36
-1,0
-1,419
-1,2500
-1,0
142389,274
185075,1950
93914,575
-1,0
-1,0
-1,0
-1,0
-1,0
86278,609
451945,31
341414,5
-1,1
30419,543
365930,35
188890,77
-1,0
141388,37
301914,23
-1,1
-1,0
4078,679
92814,376
152831,342
84322,409
171652,25
-1,0
-1,1
329403,74
447750,33
265871,73
468111,27
194910,75
180553,228
137028,2143
288457,7
350495,10
499803,11
-1,0
-1,0
86977,4
-1,0
100267,16
-1,0
375552,5
-1,1
243769,57
-1,1
-1,0
-1,0
271731,25
-1,0
-1,0
33304,491
242144,16
94774,387
-1,0
-1,1
-1,3
-1,1
-1,0
-1,0
188052,332
114273,63
-1,3
-1,0
117580,12
-1,1
-1,1
81713,106
681906,47
252100,539
-1,0
82275,208
276123,391
