236022,2190,203801267
347866,99,13741499
604659,93,7521416
430421,99,14936779
437296,99,21127139
614231,99,13497298
489142,84,3211571
400196,99,14354864
514791,96,10502804
294007,99,13034435
435037,92,6518477
301362,92,6912714
124160,99,13588717
288367,95,8955158
283966,89,5073793
153464,99,13145505
310631,90,5514386
351900,85,3301797
431233,86,3747160
413775,94,8255179
513403,92,6928570
262067,86,3754746
404995,84,3233797
622135,83,2723207
508823,57,220256
-1,0
-1,0
-1,0
-1,0
-1,0
-1,0
-1,0
103556,710
62657,159
65805,169
114636,186
186175,160
170387,36
-1,0
-1,419
-1,2500
-1,0
144780,274
187967,1950
96005,575
-1,0
-1,0
-1,0
-1,0
-1,0
86846,609
467924,31
343796,5
-1,1
30926,543
368612,35
189956,77
-1,0
142142,37
304407,23
-1,1
-1,0
4138,679
93136,376
153591,342
84574,409
174006,25
-1,0
-1,1
331162,74
452115,33
269774,73
471571,27
196085,75
181059,228
137366,2143
289669,7
352549,10
507866,11
-1,0
-1,0
87916,4
-1,0
101499,16
-1,0
377701,5
-1,1
247875,57
-1,1
-1,0
-1,0
273755,25
-1,0
-1,0
33525,491
244045,16
96365,387
-1,0
-1,1
-1,3
-1,1
-1,0
-1,0
189110,332
115034,63
-1,3
-1,0
117945,12
-1,1
-1,1
82314,106
686489,47
252932,539
-1,0
83000,208
277978,391
