235537,2190,203801267
347480,99,13741499
603983,93,7521416
429866,99,14936779
436766,99,21127139
613693,99,13497298
488721,84,3211571
399704,99,14354864
514294,96,10502804
293589,99,13034435
434699,92,6518477
300992,92,6912714
124039,99,13588717
288083,95,8955158
283637,89,5073793
153165,99,13145505
310221,90,5514386
351536,85,3301797
430783,86,3747160
413297,94,8255179
512879,92,6928570
261712,86,3754746
404597,84,3233797
621544,83,2723207
506494,57,220256
-1,0
-1,0
-1,0
-1,0
-1,0
-1,0
-1,0
103411,710
62482,159
65696,169
114504,186
186016,160
170230,36
-1,0
-1,419
-1,2500
-1,0
144454,274
187586,1950
95734,575
-1,0
-1,0
-1,0
-1,0
-1,0
86778,609
465945,31
343515,5
-1,1
30865,543
368287,35
189838,77
-1,0
142056,37
304112,23
-1,1
-1,0
4134,679
93106,376
153506,342
84547,409
173696,25
-1,0
-1,1
330940,74
451566,33
269318,73
471112,27
195947,75
181007,228
137314,2143
289545,7
352301,10
506862,11
-1,0
-1,0
87803,4
-1,0
101374,16
-1,0
377427,5
-1,1
247325,57
-1,1
-1,0
-1,0
273550,25
-1,0
-1,0
33488,491
243811,16
96171,387
-1,0
-1,1
-1,3
-1,1
-1,0
-1,0
188981,332
114950,63
-1,3
-1,0
117896,12
-1,1
-1,1
82229,106
685951,47
252780,539
-1,0
82924,208
277755,391
