228704,2190,203798376
341628,99,13741499
594958,93,7521416
420838,99,14936779
428547,99,21127139
604914,99,13497298
482269,84,3211571
392137,99,14354404
507991,96,10502804
288441,99,13034435
430147,92,6518477
295804,92,6912714
122203,99,13588717
283996,95,8954974
279396,89,5073793
149758,99,13145505
304997,90,5514386
345996,85,3301797
424441,86,3747160
405832,94,8255179
505524,92,6928570
256797,86,3752499
397914,84,3233797
611830,83,2723207
469313,57,220256
-1,0
-1,0
-1,0
-1,0
-1,0
-1,0
-1,0
101192,710
60603,159
64218,169
112584,186
183342,160
167681,36
-1,0
-1,419
-1,2500
-1,0
139444,274
181848,1950
91729,575
-1,0
-1,0
-1,0
-1,0
-1,0
85691,609
432956,31
339186,5
-1,1
29975,543
363417,35
187608,77
-1,0
140548,37
299175,23
-1,1
-1,0
4034,679
92497,376
152080,342
84044,409
169478,25
-1,0
-1,1
327464,74
442968,33
261686,73
464709,27
193770,75
180031,228
136688,2143
287233,7
348359,10
491671,11
-1,0
-1,0
86108,4
-1,0
98853,16
-1,0
373257,5
-1,1
239544,57
-1,1
-1,0
-1,0
269587,25
-1,0
-1,0
32943,491
240108,16
93074,387
-1,0
-1,1
-1,3
-1,1
-1,0
-1,0
186965,332
113517,63
-1,3
-1,0
117186,12
-1,1
-1,1
81140,106
677253,47
250773,539
-1,0
81532,208
274450,391
