235003,2190,203801267
347232,99,13741499
603591,93,7521416
429320,99,14936779
436282,99,21127139
613316,99,13497298
488279,84,3211571
399396,99,14354864
513836,96,10502804
293185,99,13034435
434360,92,6518477
300668,92,6912714
123956,99,13588717
287802,95,8955158
283371,89,5073793
152912,99,13145505
309812,90,5514386
351347,85,3301797
430384,86,3747160
412792,94,8255179
512410,92,6928570
261421,86,3754746
404216,84,3233797
620905,83,2723207
504350,57,220256
-1,0
-1,0
-1,0
-1,0
-1,0
-1,0
-1,0
103236,710
62340,159
65577,169
114388,186
185814,160
170031,36
-1,0
-1,419
-1,2500
-1,0
144228,274
187244,1950
95436,575
-1,0
-1,0
-1,0
-1,0
-1,0
86684,609
463759,31
343223,5
-1,1
30790,543
367918,35
189714,77
-1,0
141949,37
303762,23
-1,1
-1,0
4121,679
93055,376
153366,342
84495,409
173339,25
-1,0
-1,1
330672,74
450952,33
268826,73
470624,27
195763,75
180942,228
137271,2143
289362,7
352010,10
505718,11
-1,0
-1,0
87664,4
-1,0
101125,16
-1,0
377106,5
-1,1
246671,57
-1,1
-1,0
-1,0
273232,25
-1,0
-1,0
33472,491
243509,16
95916,387
-1,0
-1,1
-1,3
-1,1
-1,0
-1,0
188846,332
114842,63
-1,3
-1,0
117837,12
-1,1
-1,1
82173,106
685342,47
252843,539
-1,0
82810,208
277486,391
