237489,2190,203801267
349119,99,13741499
606718,93,7521416
432247,99,14936779
439003,99,21127139
616086,99,13497298
490480,84,3211571
401801,99,14354864
516140,96,10502804
295200,99,13034435
435989,92,6518477
302457,92,6912714
124574,99,13588717
289201,95,8955158
284924,89,5073793
154122,99,13145505
311789,90,5514386
353052,85,3301797
432526,86,3747160
415154,94,8255179
514999,92,6928570
263193,86,3754746
406451,84,3233797
624082,83,2723207
515667,57,220256
-1,0
-1,0
-1,0
-1,0
-1,0
-1,0
-1,0
104025,710
63135,159
66173,169
115052,186
186787,160
170927,36
-1,0
-1,419
-1,2500
-1,0
145775,274
189259,1950
96844,575
-1,0
-1,0
-1,0
-1,0
-1,0
87060,609
475703,31
344752,5
-1,1
31155,543
369702,35
190418,77
-1,0
142440,37
305344,23
-1,1
-1,0
4157,679
93269,376
153890,342
84672,409
174830,25
-1,0
-1,1
331904,74
453738,33
271164,73
472931,27
196520,75
181245,228
137493,2143
290111,7
353351,10
510904,11
-1,0
-1,0
88291,4
-1,0
102222,16
-1,0
378597,5
-1,1
249460,57
-1,1
-1,0
-1,0
274477,25
-1,0
-1,0
33644,491
244782,16
97008,387
-1,0
-1,1
-1,3
-1,1
-1,0
-1,0
189536,332
115364,63
-1,3
-1,0
118075,12
-1,1
-1,1
82612,106
688359,47
253433,539
-1,0
83296,208
278798,391
