233581,2190,203801267
345999,99,13741499
601794,93,7521416
427457,99,14936779
434484,99,21127139
611684,99,13497298
487013,84,3211571
397844,99,14354864
512514,96,10502804
292039,99,13034435
433386,92,6518477
299527,92,6912714
123570,99,13588717
286929,95,8955158
282596,89,5073793
152198,99,13145505
308760,90,5514386
350192,85,3301797
428966,86,3747160
411280,94,8255179
510829,92,6928570
260335,86,3754746
402926,84,3233797
618992,83,2723207
497175,57,220256
-1,0
-1,0
-1,0
-1,0
-1,0
-1,0
-1,0
102731,710
61877,159
65226,169
113974,186
185259,160
169495,36
-1,0
-1,419
-1,2500
-1,0
143225,274
186128,1950
94616,575
-1,0
-1,0
-1,0
-1,0
-1,0
86455,609
457980,31
342172,5
-1,1
30576,543
366818,35
189286,77
-1,0
141658,37
302798,23
-1,1
-1,0
4095,679
92919,376
153076,342
84395,409
172376,25
-1,0
-1,1
330011,74
449198,33
267278,73
469222,27
195302,75
180750,228
137130,2143
288867,7
351156,10
502552,11
-1,0
-1,0
87282,4
-1,0
100666,16
-1,0
376263,5
-1,1
245062,57
-1,1
-1,0
-1,0
272421,25
-1,0
-1,0
33400,491
242785,16
95280,387
-1,0
-1,1
-1,3
-1,1
-1,0
-1,0
188401,332
114555,63
-1,3
-1,0
117694,12
-1,1
-1,1
81899,106
683454,47
252475,539
-1,0
82535,208
276712,391
