574707,1969,108449651
1014721,85,3449244
842083,87,4290809
566386,99,13460897
866973,96,10364154
987056,92,6672384
1115466,73,1086952
1123449,89,4968096
835523,85,3314105
776966,81,2340077
996407,77,1504299
769442,80,2175566
233893,99,13104986
716947,80,2105645
768773,76,1392483
835239,79,1869177
307455,90,5478004
497768,80,2140432
302045,91,6227160
629056,88,4430624
416933,96,10011051
545819,75,1249853
397398,84,3181380
299797,86,3632273
-1,1,0
-1,0
-1,0
-1,0
-1,0
-1,0
-1,0
-1,0
340023,225
109695,83
292034,30
438029,33
375356,73
485160,6
-1,0
289916,555
-1,2500
92573,1069
396209,125
-1,0
-1,333
-1,0
-1,0
-1,0
-1,0
-1,0
351737,199
-1,0
-1,0
276843,14
196421,40
-1,0
299329,16
-1,0
-1,0
-1,0
-1,0
-1,0
600169,6
-1,0
450833,84
-1,0
369275,13
-1,0
-1,0
-1,0
-1,1
444732,6
179503,72
-1,1
473211,50
585993,93
-1,0
-1,0
183720,122
-1,0
-1,0
-1,0
-1,0
-1,0
-1,0
-1,0
-1,0
-1,0
61717,256
-1,0
-1,0
-1,0
-1,0
393956,83
119006,36
296266,20
287390,15
-1,0
-1,0
-1,0
-1,1
-1,0
-1,0
125973,56
136502,38
-1,0
197645,7
-1,0
-1,2
25768,375
-1,0
206767,564
-1,0
-1,0
504822,31
