588155,1969,108449651
1028189,85,3449244
853685,87,4290809
577300,99,13460897
879750,96,10364154
998431,92,6672384
1126536,73,1086952
1135985,89,4968096
843955,85,3314105
786922,81,2340077
1005083,77,1504299
778664,80,2175566
236806,99,13104986
730323,80,2105645
779248,76,1392483
847859,79,1869177
312321,90,5478004
504713,80,2140432
306106,91,6227160
638528,88,4430624
422783,96,10011051
553753,75,1249853
404149,84,3181380
304623,86,3632273
-1,1,0
-1,0
-1,0
-1,0
-1,0
-1,0
-1,0
-1,0
344462,225
112204,83
295851,30
442880,33
379561,73
489800,6
-1,0
291350,555
-1,2500
93236,1069
404595,125
-1,0
-1,333
-1,0
-1,0
-1,0
-1,0
-1,0
355028,199
-1,0
-1,0
279438,14
200028,40
-1,0
302808,16
-1,0
-1,0
-1,0
-1,0
-1,0
608431,6
-1,0
455543,84
-1,0
378001,13
-1,0
-1,0
-1,0
-1,1
457245,6
182227,72
-1,1
475235,50
591305,93
-1,0
-1,0
191054,122
-1,0
-1,0
-1,0
-1,0
-1,0
-1,0
-1,0
-1,0
-1,0
-1,0
62391,256
-1,0
-1,0
-1,0
-1,0
401419,83
120466,36
308169,20
296998,15
-1,0
-1,0
-1,0
-1,1
-1,0
-1,0
127444,56
139672,38
-1,0
198802,7
-1,0
-1,2
26023,375
-1,0
208660,564
-1,0
-1,0
510574,31
