586261,1969,108449651
1026046,85,3449244
851896,87,4290809
575746,99,13460897
877708,96,10364154
996478,92,6672384
1124652,73,1086952
1133784,89,4968096
842462,85,3314105
785174,81,2340077
1003494,77,1504299
777083,80,2175566
236335,99,13104986
728537,80,2105645
777577,76,1392483
845850,79,1869177
311631,90,5478004
503487,80,2140432
305453,91,6227160
637148,88,4430624
421850,96,10011051
552437,75,1249853
403111,84,3181380
303840,86,3632273
-1,1,0
-1,0
-1,0
-1,0
-1,0
-1,0
-1,0
-1,0
343769,225
111823,83
295222,30
442081,33
378964,73
489033,6
-1,0
291072,555
-1,2500
93093,1069
403170,125
-1,0
-1,333
-1,0
-1,0
-1,0
-1,0
-1,0
354531,199
-1,0
-1,0
279030,14
199485,40
-1,0
302277,16
-1,0
-1,0
-1,0
-1,0
-1,0
607068,6
-1,0
454754,84
-1,0
376631,13
-1,0
-1,0
-1,0
-1,1
455607,6
181819,72
-1,1
474787,50
590397,93
-1,0
-1,0
189930,122
-1,0
-1,0
-1,0
-1,0
-1,0
-1,0
-1,0
-1,0
-1,0
-1,0
62311,256
-1,0
-1,0
-1,0
-1,0
400214,83
120260,36
306675,20
295497,15
-1,0
-1,0
-1,0
-1,1
-1,0
-1,0
127222,56
139199,38
-1,0
198602,7
-1,0
-1,2
26010,375
-1,0
208325,564
-1,0
-1,0
509521,31
