598164,1969,108449651
1038456,85,3449244
862246,87,4290809
585276,99,13460897
888999,96,10364154
1007026,92,6672384
1135840,73,1086952
1144463,89,4968096
851726,85,3314105
795926,81,2340077
1012952,77,1504299
786473,80,2175566
239295,99,13104986
739452,80,2105645
788042,76,1392483
858382,79,1869177
316514,90,5478004
510592,80,2140432
309618,91,6227160
645765,88,4430624
427957,96,10011051
560201,75,1249853
409118,84,3181380
308624,86,3632273
-1,1,0
-1,0
-1,0
-1,0
-1,0
-1,0
-1,0
-1,0
348506,225
114653,83
299536,30
447625,33
383034,73
494188,6
-1,0
292170,555
-1,2500
93787,1069
411915,125
-1,0
-1,333
-1,0
-1,0
-1,0
-1,0
-1,0
358494,199
-1,0
-1,0
281038,14
203209,40
-1,0
305348,16
-1,0
-1,0
-1,0
-1,0
-1,0
615679,6
-1,0
460223,84
-1,0
385766,13
-1,0
-1,0
-1,0
-1,1
465661,6
184741,72
-1,1
477405,50
596631,93
-1,0
-1,0
197643,122
-1,0
-1,0
-1,0
-1,0
-1,0
-1,0
-1,0
-1,0
-1,0
-1,0
62817,256
-1,0
-1,0
-1,0
-1,0
407543,83
121507,36
315624,20
306803,15
-1,0
-1,0
-1,0
-1,1
-1,0
-1,0
128771,56
142625,38
-1,0
199824,7
-1,0
-1,2
26226,375
-1,0
209859,564
-1,0
-1,0
516368,31
