596932,1969,108449651
1037020,85,3449244
861059,87,4290809
584227,99,13460897
887680,96,10364154
1005743,92,6672384
1134574,73,1086952
1143093,89,4968096
850665,85,3314105
794751,81,2340077
1011888,77,1504299
785493,80,2175566
238949,99,13104986
738271,80,2105645
786832,76,1392483
856910,79,1869177
315923,90,5478004
509778,80,2140432
309113,91,6227160
644858,88,4430624
427298,96,10011051
559308,75,1249853
408455,84,3181380
308111,86,3632273
-1,1,0
-1,0
-1,0
-1,0
-1,0
-1,0
-1,0
-1,0
347969,225
114331,83
299058,30
446996,33
382562,73
493613,6
-1,0
292079,555
-1,2500
93659,1069
410932,125
-1,0
-1,333
-1,0
-1,0
-1,0
-1,0
-1,0
358050,199
-1,0
-1,0
280685,14
202808,40
-1,0
304949,16
-1,0
-1,0
-1,0
-1,0
-1,0
614765,6
-1,0
459593,84
-1,0
384761,13
-1,0
-1,0
-1,0
-1,1
464644,6
184430,72
-1,1
477103,50
595905,93
-1,0
-1,0
196784,122
-1,0
-1,0
-1,0
-1,0
-1,0
-1,0
-1,0
-1,0
-1,0
-1,0
62741,256
-1,0
-1,0
-1,0
-1,0
406762,83
121366,36
314718,20
305603,15
-1,0
-1,0
-1,0
-1,1
-1,0
-1,0
128584,56
142231,38
-1,0
199650,7
-1,0
-1,2
26193,375
-1,0
209657,564
-1,0
-1,0
515653,31
