31845,2376,518684538
156486,99,18119673
120234,99,17550143
51679,99,59246341
80109,99,56349451
86214,99,53212624
39375,99,13619332
95433,99,27806997
29601,99,25109140
59218,99,16208394
51532,99,14232585
34845,99,16713956
50150,99,15819553
56757,99,14604141
67120,99,13267214
11660,99,26042273
44766,99,13812822
20974,99,14608015
54733,99,15870152
65465,99,20634752
355215,99,13101923
51417,99,13342060
127585,99,13065191
58070,99,13272795
52274,99,13075011
-1,0
-1,0
-1,0
-1,0
-1,0
-1,0
-1,0
8374,3181
154752,56
1198,2620
92982,225
139528,199
133056,46
101622,35
395903,511
-1,2475
-1,89
83643,372
183272,2107
17932,911
129270,384
79964,1088
19184,202
46732,1062
-1,0
80487,632
91802,615
143708,13
42214,581
5702,1531
56468,1343
37945,620
98169,8
283809,10
126882,53
277869,24
-1,0
35286,203
208097,147
180129,298
198408,153
47639,59
-1,0
126430,154
435447,27
30015,1561
105269,272
385520,36
122409,160
125426,329
102243,2564
193712,35
304149,20
150151,172
69203,50
64794,5
54207,7
94630,204
18789,209
-1,2
154388,12
49605,354
7342,2689
112048,50
139289,117
70106,184
82582,50
-1,0
62880,192
30176,520
283363,12
149583,250
12471,439
120217,5
152216,201
79000,45
70709,81
-1,0
87033,925
6449,271
80591,111
-1,0
86723,15
118938,113
14789,894
32206,309
340887,243
67149,654
59924,321
48809,341
93248,1385
