32171,2376,518913151
156944,99,18120867
120693,99,17550148
51862,99,59366013
80454,99,56400629
86637,99,53237067
39576,99,13619377
96012,99,27816643
29697,99,25109140
59530,99,16208394
51754,99,14232585
35022,99,16713956
50347,99,15819553
57053,99,14604141
67347,99,13267239
11722,99,26042273
44995,99,13812822
20974,99,14608020
54881,99,15870152
65694,99,20657152
356325,99,13101923
51674,99,13342060
128014,99,13065191
58382,99,13272795
53771,99,13075011
-1,0
-1,0
-1,0
-1,0
-1,0
-1,0
-1,0
8436,3181
155556,56
1208,2620
93290,225
139990,199
133468,46
101921,35
396260,511
-1,2475
-1,89
84139,372
184366,2107
18089,912
130027,384
80232,1088
19349,202
47134,1062
-1,0
80726,632
92729,615
144148,13
42329,581
5733,1531
56583,1343
37986,620
98741,8
284552,10
127164,53
278423,24
-1,0
35428,203
208483,147
180490,298
198720,153
48042,59
-1,0
127476,154
436270,27
30094,1561
106007,272
386587,36
122656,160
125559,329
102343,2564
194067,35
304888,20
151596,172
71893,50
66339,5
54371,7
94931,204
18409,214
-1,2
154774,12
49277,358
7401,2689
112252,50
139642,117
55210,240
82861,50
-1,0
63215,192
30250,520
284250,12
150566,250
12618,439
120993,5
153814,201
79624,45
70945,81
-1,0
87221,925
6448,271
81009,111
-1,0
86830,15
119627,114
14671,901
32278,309
341616,243
67345,654
60556,321
48956,341
93416,1385
