32632,2376,519028849
157463,99,18120867
121237,99,17550402
52322,99,59366013
81014,99,56425585
86972,99,53311014
39789,99,13619797
96720,99,27820504
29876,99,25109140
60002,99,16208394
52033,99,14232585
35225,99,16713956
50541,99,15819553
57449,99,14604141
67530,99,13267239
11781,99,26042273
45295,99,13812822
20931,99,14619880
55069,99,15870552
66209,99,20657152
357747,99,13101923
52026,99,13342060
128562,99,13065191
58789,99,13272795
55243,99,13075011
-1,0
-1,0
-1,0
-1,0
-1,0
-1,0
-1,0
8515,3181
156658,56
1215,2620
93713,225
140567,199
134062,46
102354,35
396248,511
-1,2475
-1,89
84777,372
185646,2107
18317,912
131020,384
80637,1088
19543,202
47619,1062
-1,0
80986,632
93732,615
144690,13
41974,581
5772,1531
56742,1343
38065,620
99505,8
285534,10
127603,53
279195,24
-1,0
35613,203
208958,147
180974,298
199119,153
48563,59
-1,0
128924,154
437380,27
29603,1589
106881,272
388034,36
122955,160
125754,329
102477,2564
194545,35
305811,20
153460,172
74855,50
68333,5
54590,7
95330,204
18446,214
-1,2
155267,12
49710,358
7479,2689
112580,50
140060,117
56558,240
83170,50
-1,0
63659,192
30335,520
285372,12
151835,250
12770,439
122066,5
155866,201
80440,45
71325,81
-1,0
87470,925
6472,271
81570,111
-1,0
86955,15
120777,114
14706,901
32373,309
342485,243
67432,654
61413,321
49217,341
91417,1410
