32041,2376,518913151
156759,99,18120867
120514,99,17550148
51735,99,59366013
80264,99,56400629
86466,99,53237067
39513,99,13619377
95768,99,27816643
29665,99,25109140
59418,99,16208394
51687,99,14232585
34951,99,16713956
50281,99,15819553
56953,99,14604141
67278,99,13267239
11697,99,26042273
44901,99,13812822
20943,99,14608020
54828,99,15870152
65551,99,20657152
355920,99,13101923
51576,99,13342060
127853,99,13065191
58264,99,13272795
53313,99,13075011
-1,0
-1,0
-1,0
-1,0
-1,0
-1,0
-1,0
8413,3181
155242,56
1204,2620
93171,225
139825,199
133304,46
101798,35
396133,511
-1,2475
-1,89
83964,372
183963,2107
18027,912
129731,384
80138,1088
19290,202
46987,1062
-1,0
80627,632
92492,615
143962,13
42295,581
5725,1531
56532,1343
37963,620
98534,8
284324,10
127052,53
278217,24
-1,0
35372,203
208340,147
180353,298
198602,153
47905,59
-1,0
127088,154
435976,27
30063,1561
105734,272
386208,36
122566,160
125518,329
102295,2564
193912,35
304601,20
151082,172
70941,50
65808,5
54307,7
94837,204
18401,214
-1,2
154592,12
49153,358
7383,2689
112166,50
139496,117
54820,240
82754,50
-1,0
63091,192
30221,520
283931,12
150196,250
12564,439
120710,5
153213,201
79417,45
70853,81
-1,0
87150,925
6447,271
80844,111
-1,0
86794,15
119328,114
14671,901
32248,309
341327,243
67279,654
60320,321
48903,341
93353,1385
