30144,2376,517121674
154089,99,18094084
117736,99,17535461
50095,99,58766148
77814,99,56091947
83923,99,53051744
38325,99,13619323
92417,99,27713498
29021,99,25108750
57439,99,16208364
52462,99,14158597
33972,99,16710693
49275,99,15819553
58626,99,14523081
71346,99,13233624
11811,99,25717524
43533,99,13810812
20524,99,14607880
53956,99,15869882
62875,99,20634352
349301,99,13101918
50011,99,13342060
124927,99,13064631
56171,99,13272785
51140,99,13064963
-1,0
-1,0
-1,0
-1,0
-1,0
-1,0
-1,0
8102,3181
151070,56
1155,2620
91417,225
136910,199
130637,46
100068,35
393515,511
-1,2475
-1,89
80742,372
176851,2107
16841,911
125169,384
78244,1088
18482,202
44575,1062
-1,0
79492,632
85835,615
141800,13
41536,581
5508,1531
55824,1343
37619,620
94634,8
279462,10
125437,53
274740,24
-1,0
34640,203
206408,147
178388,298
197013,153
45626,59
-1,0
121047,154
431249,27
29617,1561
100893,272
379503,36
121325,160
124767,329
101706,2564
191968,35
300660,20
142785,172
68889,10
53735,5
53403,7
92952,204
22432,170
-1,2
152374,12
49532,343
7036,2689
110988,50
137215,117
60815,183
81275,50
-1,0
61352,192
29477,520
278341,12
143715,249
13710,405
116025,5
146147,198
75800,45
70622,77
-1,0
85953,925
6377,271
78813,110
-1,0
86203,15
114438,113
14563,894
31842,309
337464,243
66114,654
56965,317
47818,341
92529,1385
