32952,2376,519079463
157900,99,18121631
121654,99,17551765
52705,99,59373625
81462,99,56438158
87382,99,53330065
39944,99,13619797
97327,99,27827094
29983,99,25109140
60358,99,16209348
52218,99,14232585
35344,99,16713956
50717,99,15819753
57720,99,14604141
67806,99,13267239
11832,99,26042278
45575,99,13813367
20982,99,14619895
55230,99,15870552
66528,99,20657152
358773,99,13102265
52238,99,13342060
128976,99,13065191
58949,99,13273395
56334,99,13075011
-1,0
-1,0
-1,0
-1,0
-1,0
-1,0
-1,0
8591,3181
157442,56
1227,2620
94050,225
141036,199
134521,46
102658,35
396465,511
-1,2475
-1,89
85298,372
186778,2107
18501,912
131728,384
80907,1088
19677,202
47938,1062
-1,0
81175,632
94672,615
145091,13
42214,581
5808,1531
56888,1343
38060,621
100054,8
286219,10
127872,53
279711,24
-1,0
35738,203
209288,147
181318,298
199390,153
48912,59
-1,0
129883,154
438127,27
29691,1589
107440,272
389078,36
123199,160
125868,329
102568,2564
194872,35
306400,20
154813,172
76876,50
69837,5
54762,7
95635,204
18482,214
-1,2
155664,12
49653,360
7537,2689
112791,50
140392,117
57349,240
83429,50
-1,0
63965,192
30418,520
286173,12
152750,250
12894,439
122803,5
157368,201
81062,45
71617,81
-1,0
87629,925
6481,271
82005,111
-1,0
87038,15
121679,114
14745,901
32473,309
343173,243
67641,654
62044,321
49365,341
91553,1410
