30563,2376,517698612
154765,99,18095932
118373,99,17538514
50646,99,58793936
78505,99,56135749
84403,99,53118819
38616,99,13619323
93173,99,27742519
29125,99,25109140
57841,99,16208394
51685,99,14194745
34134,99,16710953
49422,99,15819553
56049,99,14588981
66033,99,13267214
11582,99,25983972
43809,99,13811832
20619,99,14607880
54122,99,15869882
63705,99,20634352
350468,99,13101923
50273,99,13342060
125321,99,13065191
56605,99,13272785
53954,99,13064963
-1,0
-1,0
-1,0
-1,0
-1,0
-1,0
-1,0
8172,3181
151957,56
1165,2620
91732,225
137566,199
131175,46
100366,35
393652,511
-1,2475
-1,89
81218,372
177968,2107
17087,911
126212,384
78655,1088
18656,202
45156,1062
-1,0
79668,632
87412,615
142192,13
41687,581
5542,1531
55939,1343
37638,620
95140,8
280095,10
125603,53
275128,24
-1,0
34763,203
206599,147
178637,298
197150,153
46156,59
-1,0
122298,154
431627,27
29667,1561
102113,272
380801,36
121477,160
124729,329
101742,2564
192133,35
301213,20
144651,172
89377,10
56752,5
53556,7
93229,204
22460,170
-1,2
152811,12
48129,354
7104,2689
111076,50
137593,117
64027,183
81501,50
-1,0
61673,192
29641,520
279481,12
145178,250
13879,405
117026,5
148081,198
76566,45
70880,77
-1,0
86174,925
6385,271
79281,110
-1,0
86227,15
115564,113
14599,894
31931,309
337810,243
66306,654
57766,317
48057,341
92570,1385
