32125,2376,518913151
156863,99,18120867
120619,99,17550148
51813,99,59366013
80381,99,56400629
86567,99,53237067
39559,99,13619377
95912,99,27816643
29685,99,25109140
59493,99,16208394
51738,99,14232585
34997,99,16713956
50317,99,15819553
57011,99,14604141
67311,99,13267239
11714,99,26042273
44963,99,13812822
20965,99,14608020
54857,99,15870152
65643,99,20657152
356167,99,13101923
51632,99,13342060
127937,99,13065191
58334,99,13272795
53594,99,13075011
-1,0
-1,0
-1,0
-1,0
-1,0
-1,0
-1,0
8423,3181
155438,56
1208,2620
93247,225
139926,199
133401,46
101872,35
396186,511
-1,2475
-1,89
84060,372
184185,2107
18073,912
129905,384
80203,1088
19318,202
47074,1062
-1,0
80684,632
92592,615
144063,13
42315,581
5731,1531
56563,1343
37974,620
98643,8
284469,10
127114,53
278334,24
-1,0
35402,203
208422,147
180434,298
198666,153
47990,59
-1,0
127334,154
436139,27
30080,1561
105911,272
386436,36
122618,160
125539,329
102323,2564
194008,35
304750,20
151424,172
71574,50
66140,5
54345,7
94884,204
18406,214
-1,2
154685,12
49232,358
7395,2689
112214,50
139574,117
55070,240
82813,50
-1,0
63183,192
30240,520
284136,12
150436,250
12593,439
120881,5
153583,201
79542,45
70903,81
-1,0
87191,925
6448,271
80935,111
-1,0
86812,15
119496,114
14667,901
32268,309
341486,243
67313,654
60458,321
48930,341
93387,1385
