30041,2376,516417244
153770,99,18094084
117422,99,17535461
49861,99,58766148
77532,99,56091947
83661,99,53051744
38228,99,13619323
92035,99,27713498
28985,99,25108750
57297,99,16208364
52370,99,14158597
33928,99,16710693
49203,99,15819553
65097,99,14385441
71210,99,13233624
12432,99,25151724
43454,99,13809822
20498,99,14607880
53887,99,15869882
62585,99,20634352
348801,99,13101918
49895,99,13342060
124684,99,13064631
56006,99,13272785
49455,99,13064963
-1,0
-1,0
-1,0
-1,0
-1,0
-1,0
-1,0
8075,3181
150800,56
1150,2620
91298,225
136678,199
130460,46
99918,35
393305,511
-1,2475
-1,89
80577,372
176323,2107
16758,911
124858,384
78095,1088
18429,202
44354,1062
-1,0
79410,632
85333,615
141616,13
41445,581
5498,1531
55753,1343
37596,620
94456,8
279141,10
125298,53
274488,24
-1,0
34587,203
206248,147
178244,298
196885,153
45486,59
-1,0
120633,154
430857,27
29585,1561
100460,272
379079,36
121220,160
124703,329
101665,2564
191805,35
300359,20
142233,172
51089,10
52822,5
53335,7
92795,204
22405,170
-1,2
152220,12
49371,343
7016,2689
110866,50
137068,117
59675,183
81184,50
-1,0
61208,192
29403,520
277898,12
143182,249
13667,405
115659,5
145425,198
75557,45
70490,77
-1,0
85849,925
6370,271
78623,110
-1,0
86155,15
114110,113
14545,894
31808,309
337185,243
66045,654
56706,317
47749,341
92456,1385
