106174,2298,444148489
78413,99,23767125
81212,99,19898396
51447,99,59275392
60602,99,64736072
70053,99,59749514
313539,90,5707950
73418,99,31228382
153565,99,13926191
59295,99,16182315
326350,97,10911085
246489,95,8918592
80082,99,14395803
280383,95,9343702
249019,90,5499235
214658,98,11824261
200214,95,8933490
171597,93,7231032
267130,93,7307884
30911,99,27075448
232121,99,13809160
164667,92,6934399
257504,90,5620533
225648,90,5373888
134213,91,6498640
-1,0
-1,0
-1,0
-1,0
-1,0
-1,0
-1,0
39193,1368
122383,75
23728,425
40841,416
84870,275
27821,153
131969,24
-1,482
-1,2072
-1,0
68206,420
157111,5664
18834,899
139767,345
129470,660
137072,43
73764,767
73450,158
37399,909
48844,1060
25259,70
77842,267
160101,72
140558,658
77020,326
44160,79
167632,28
18252,346
116621,179
95235,85
9242,480
32274,861
11083,1847
43446,703
149404,25
-1,0
24181,1100
61691,742
128754,350
134737,209
101849,102
57241,277
142722,291
184077,1720
55889,366
7721,1103
206919,110
24937,141
-1,0
51054,7
111282,142
-1,1
-1,0
96410,19
28783,505
34828,756
173651,25
278690,50
55776,229
85972,49
-1,0
38153,390
40503,435
55034,63
132622,288
67506,140
37549,342
394986,23
21028,545
56116,142
-1,0
128066,605
27801,157
44573,216
-1,0
142235,10
70068,494
15522,859
67718,136
181095,562
300026,509
-1,0
47255,350
107379,1237
