107330,2301,447231680
79218,99,23767317
82263,99,19899917
52806,99,59283226
61993,99,64742710
71398,99,59755336
316316,90,5707965
75255,99,31230410
155716,99,13926386
60575,99,16182560
318959,98,12318885
249461,95,8922251
81030,99,14396006
281593,95,9490513
251699,90,5499495
200700,99,13034700
202199,95,8973911
173070,93,7249287
270044,93,7308244
31734,99,27075448
233313,99,13831656
167103,92,6934399
260707,90,5621237
228202,90,5374388
136406,92,6705433
-1,0
-1,0
-1,0
-1,0
-1,0
-1,0
-1,0
39934,1370
124867,75
24155,425
41340,416
86131,275
28021,155
133394,24
-1,482
-1,2072
-1,0
69590,420
160812,5664
19448,901
142696,345
131307,660
141164,43
76013,767
74620,158
37804,909
50622,1060
25653,70
78151,267
162709,72
141824,658
77403,326
45234,79
168879,28
18508,346
117722,179
95608,85
9429,480
32404,861
11151,1847
43585,703
152612,25
-1,0
25052,1100
62153,742
129912,350
137857,209
103188,102
57529,277
143270,291
184672,1720
56278,366
7804,1103
213188,110
28842,141
-1,0
51898,7
112566,142
-1,1
-1,0
97418,19
29581,505
35726,756
175007,25
281940,50
59639,229
87062,49
-1,0
38998,390
40919,435
55460,63
135566,289
69953,140
39022,342
405863,23
21881,545
56855,142
-1,0
129004,605
27962,157
45453,216
-1,0
142863,10
72231,494
15653,859
68434,136
182369,562
301610,509
-1,0
47850,350
108084,1237
