104318,2297,442108172
77806,99,23734792
80473,99,19861488
50484,99,59105344
59879,99,64481907
69295,99,59525541
311124,90,5707812
73031,99,31003113
151723,99,13926191
58326,99,16182315
326386,97,10728040
244093,95,8915517
79418,99,14395803
279733,95,9208222
247228,90,5491914
217239,97,11271746
198224,95,8932962
170077,93,7224892
264778,93,7307884
30840,99,26900026
232599,99,13775292
162569,92,6934399
254380,90,5620484
223254,90,5373848
129831,91,6498640
-1,0
-1,0
-1,0
-1,0
-1,0
-1,0
-1,0
38615,1368
120541,75
23441,425
40464,416
83889,275
27334,153
130818,24
-1,482
-1,2072
-1,0
66864,420
153763,5664
18230,899
137398,345
127730,660
133947,43
72024,767
72635,158
37094,909
47105,1060
25006,70
77313,267
158007,72
139589,658
76555,326
43140,79
166514,28
18067,346
115697,179
94888,85
9122,480
32156,861
11031,1847
43303,703
146965,25
-1,0
23525,1100
61303,742
127775,350
131958,209
100807,102
57029,277
142244,291
183527,1720
55550,366
7647,1103
201954,110
19006,141
-1,0
50360,7
110076,142
-1,1
-1,0
95628,19
29282,498
34159,756
172583,25
275723,50
52144,229
85145,49
-1,0
37602,390
40021,435
54655,63
129787,288
65793,140
36433,342
386053,23
20430,545
55587,142
-1,0
127234,605
27787,156
43906,216
-1,0
141662,10
68520,494
15396,859
67210,136
180041,562
298276,509
-1,0
46751,350
106904,1237
