108193,2298,445665073
78866,99,23767125
81821,99,19898396
52269,99,59275564
61489,99,64736129
70885,99,59749514
315275,90,5707965
74584,99,31228382
154946,99,13926191
60103,99,16182315
322460,97,11682205
248348,95,8921595
80692,99,14395803
280578,95,9487202
250633,90,5499235
210542,98,12410233
201825,95,8933490
172690,93,7233357
268955,93,7308244
31422,99,27075448
234090,99,13809160
166178,92,6934399
259546,90,5620533
227311,90,5373888
137824,91,6508700
-1,0
-1,0
-1,0
-1,0
-1,0
-1,0
-1,0
39713,1368
123960,75
23974,425
41158,416
85657,275
28196,153
132853,24
-1,482
-1,2072
-1,0
69065,420
159393,5664
19252,900
141622,345
130650,660
139777,43
75231,767
74160,158
37634,909
49946,1060
25508,70
77711,267
161748,72
141364,658
77260,326
44857,79
168401,28
18415,346
117302,179
95463,85
9367,480
32360,861
11124,1847
43537,703
151472,25
-1,0
24744,1100
61994,742
129489,350
136813,209
102718,102
57425,277
143061,291
184448,1720
56126,366
7769,1103
210977,110
27606,141
-1,0
51564,7
112091,142
-1,1
-1,0
97026,19
29316,505
35374,756
174461,25
280800,50
58389,229
86665,49
-1,0
38694,390
40741,435
55297,63
134668,288
69170,140
38451,342
401929,23
21571,545
56572,142
-1,0
128670,605
27905,157
45121,216
-1,0
142651,10
71421,494
15586,859
68119,136
181863,562
300883,509
-1,0
47639,350
107821,1237
