103029,2297,440548840
77461,99,23725927
80022,99,19854974
50549,99,58649437
59851,99,64162479
68821,99,59428383
310140,90,5707812
73688,99,30719039
150877,99,13926097
57915,99,16180023
326068,97,10703433
243068,95,8915517
79095,99,14395415
278976,95,9184222
246111,90,5491564
217169,97,11170142
197385,95,8926846
169734,93,7213335
263882,93,7306995
30928,99,26749128
236153,99,13722341
161872,92,6932351
253427,90,5611132
222216,90,5373848
127833,91,6498400
-1,0
-1,0
-1,0
-1,0
-1,0
-1,0
-1,0
38344,1368
119691,75
23332,425
40312,416
83384,275
27115,153
130346,24
-1,482
-1,2072
-1,0
66348,420
152368,5664
18114,897
136283,345
126982,660
132554,43
71145,767
72247,158
36975,909
46260,1060
24895,70
77009,267
157154,72
139168,658
76507,325
42841,78
166145,28
18010,346
115322,179
94763,85
9074,480
32105,861
11025,1847
43247,703
145846,25
-1,0
23222,1100
61192,742
127405,350
130476,209
100352,102
56955,277
142169,291
183360,1720
55440,366
7614,1103
199706,110
33305,65
-1,0
50063,7
109605,142
-1,1
-1,0
95278,19
28985,498
33865,756
172185,25
274387,50
49998,229
84730,49
-1,0
37343,390
39791,435
54481,63
128446,288
65023,140
35901,342
382139,23
20093,545
55347,142
-1,0
126847,605
27717,156
43628,216
-1,0
141463,10
67749,494
15330,859
66926,136
179637,562
297565,509
-1,0
46498,350
106693,1237
