107577,2298,445246393
78753,99,23767125
81672,99,19898396
52057,99,59275564
61245,99,64736129
70659,99,59749514
314766,90,5707965
74297,99,31228382
154529,99,13926191
59860,99,16182315
322048,97,11682205
247832,95,8921595
80575,99,14395803
280916,95,9405242
250294,90,5499235
213050,98,12074443
201414,95,8933490
172441,93,7232427
268487,93,7308244
31288,99,27075448
233490,99,13809160
165782,92,6934399
259039,90,5620533
226825,90,5373888
136701,91,6508700
-1,0
-1,0
-1,0
-1,0
-1,0
-1,0
-1,0
39564,1368
123471,75
23904,425
41061,416
85406,275
28090,153
132610,24
-1,482
-1,2072
-1,0
68825,420
158815,5664
19132,900
141080,345
130310,660
139021,43
74799,767
73951,158
37567,909
49731,1060
25425,70
78134,267
161241,72
141101,658
77182,326
44644,79
168186,28
18378,346
117095,179
95425,85
9322,480
32331,861
11109,1847
43510,703
150829,25
-1,0
24564,1100
61904,742
129270,350
136206,209
102458,102
57365,277
142972,291
184349,1720
56052,366
7751,1103
209773,110
26888,141
-1,0
51421,7
111865,142
-1,1
-1,0
96842,19
29166,505
35219,756
174238,25
280235,50
57645,229
86497,49
-1,0
38536,390
40693,435
55218,63
134069,288
68702,140
38180,342
400017,23
21384,545
56441,142
-1,0
128487,605
27871,157
44942,216
-1,0
142548,10
71055,494
15577,859
68034,136
181626,562
300819,509
-1,0
47511,350
107688,1237
