102300,2297,439543558
77753,99,23659932
80479,99,19788979
50533,99,58402341
59788,99,63988778
68663,99,59340185
309540,90,5707812
73792,99,30613830
150419,99,13926097
57671,99,16180023
325596,97,10703433
242560,95,8915517
78923,99,14395415
278335,95,9174116
245519,90,5491564
216592,97,11163950
196839,95,8926846
169377,93,7213202
263293,93,7306995
31257,99,26559359
235491,99,13722341
162075,92,6879495
252636,90,5611100
221657,90,5373848
126628,91,6498400
-1,0
-1,0
-1,0
-1,0
-1,0
-1,0
-1,0
38180,1368
119224,75
23271,425
40223,416
83046,275
26985,153
130065,24
-1,482
-1,2072
-1,0
66060,420
151524,5664
18195,894
135609,345
126520,660
131722,43
70583,767
72015,158
36896,909
45706,1060
24823,70
76836,267
156650,72
138929,658
76437,325
42720,78
165905,28
17967,346
115095,179
94685,85
9050,480
32097,861
11021,1847
43219,703
145219,25
-1,0
23047,1100
61108,742
127186,350
129502,209
100063,102
56919,277
142067,291
183251,1720
55362,366
7605,1103
198437,110
23988,65
-1,0
49891,7
109307,142
-1,1
-1,0
95059,19
28798,498
33724,756
171958,25
273679,50
48443,229
84550,49
-1,0
37177,390
39638,435
54370,63
127654,288
64659,140
35538,342
379881,23
19912,545
55198,142
-1,0
126633,605
27686,156
43443,216
-1,0
141321,10
67322,494
15300,859
66782,136
179335,562
297135,509
-1,0
46372,350
106578,1237
