103692,2297,441902078
77649,99,23732587
80242,99,19859623
50205,99,59095423
59577,99,64470353
69017,99,59510322
310762,90,5707812
72659,99,30998389
151348,99,13926191
58111,99,16181612
326126,97,10728040
243640,95,8915517
79268,99,14395659
279604,95,9184222
246711,90,5491914
217741,97,11170148
197811,95,8932218
169903,93,7219619
264413,93,7307117
30665,99,26900026
234451,99,13747915
162217,92,6934399
253760,90,5620484
222819,90,5373848
128826,91,6498640
-1,0
-1,0
-1,0
-1,0
-1,0
-1,0
-1,0
38481,1368
120132,75
23391,425
40385,416
83655,275
27232,153
130595,24
-1,482
-1,2072
-1,0
66639,420
153081,5664
18116,899
136881,345
127407,660
133260,43
71602,767
72462,158
37038,909
46677,1060
24958,70
77191,267
157616,72
139400,658
76454,326
43005,78
166400,28
18045,346
115527,179
94844,85
9101,480
32134,861
11033,1847
43277,703
146424,25
-1,0
23388,1100
61255,742
127608,350
131289,209
100591,102
57005,277
142278,291
183476,1720
55504,366
7633,1103
200855,110
17308,141
-1,0
50218,7
109878,142
-1,1
-1,0
95480,19
29140,498
34014,756
172444,25
275096,50
51167,229
84945,49
-1,0
37494,390
39918,435
54573,63
129143,288
65414,140
36187,342
384146,23
20274,545
55479,142
-1,0
127074,605
27757,156
43786,216
-1,0
141584,10
68172,494
15360,859
67075,136
179885,562
297971,509
-1,0
46644,350
106831,1237
