101712,2297,438794008
77753,99,23637530
80449,99,19766577
50583,99,58127233
59742,99,63846805
68389,99,59315089
309105,90,5707397
73678,99,30558700
150094,99,13926097
57561,99,16164123
325193,97,10703433
242133,95,8915517
78785,99,14395415
278912,95,9092296
245020,90,5491564
216132,97,11155298
196704,95,8911108
169049,93,7213046
262812,93,7306995
31158,99,26526859
234955,99,13722341
161850,92,6874495
253370,90,5578200
221383,90,5372670
125800,91,6485220
-1,0
-1,0
-1,0
-1,0
-1,0
-1,0
-1,0
38044,1368
118885,75
23218,425
40167,416
82828,275
26892,153
129859,24
-1,482
-1,2072
-1,0
65874,420
150871,5664
18210,892
135079,345
126204,660
131096,43
70218,767
71798,158
36814,909
45288,1060
24784,70
76660,267
156234,72
138645,658
76366,325
42627,78
165695,28
17926,346
114924,179
94629,85
9021,480
32080,861
11012,1847
43192,703
144757,25
-1,0
22914,1100
61024,742
126992,350
128874,209
99846,102
56881,277
141982,291
183133,1720
55297,366
7586,1103
197500,110
49745,7
-1,0
109056,142
-1,1
-1,0
94904,19
28659,498
33602,756
171700,25
273100,50
47414,229
84420,49
-1,0
37039,390
39532,435
54260,63
126932,288
64360,140
35269,342
378072,23
19789,545
55084,142
-1,0
126455,605
27644,156
43288,216
-1,0
141188,10
66957,494
15287,859
66654,136
179092,562
296819,509
-1,0
46266,350
112406,1182
