105393,2298,443440754
78268,99,23747353
81066,99,19878624
51090,99,59255619
60473,99,64605363
69723,99,59730604
312826,90,5707827
74009,99,31020662
152948,99,13926191
58975,99,16182315
327692,97,10730425
245844,95,8915517
79842,99,14395803
279639,95,9343702
248248,90,5499235
213910,98,11824261
199577,95,8932962
171059,93,7230072
266380,93,7307884
31015,99,26983525
232455,99,13795350
164028,92,6934399
256622,90,5620533
224884,90,5373888
132821,91,6498640
-1,0
-1,0
-1,0
-1,0
-1,0
-1,0
-1,0
39013,1368
121810,75
23622,425
40710,416
84534,275
27654,153
131600,24
-1,482
-1,2072
-1,0
67755,420
156203,5664
18578,899
138980,345
128923,660
135972,43
73203,767
73188,158
37271,909
48273,1060
25182,70
77699,267
159454,72
140247,658
76882,326
43833,79
167270,28
18198,346
116311,179
95110,85
9200,480
32235,861
11067,1847
43396,703
148604,25
-1,0
23961,1100
61559,742
128423,350
133786,209
101490,102
57174,277
142571,291
183907,1720
55783,366
7692,1103
205253,110
23505,141
-1,0
50816,7
110896,142
-1,1
-1,0
96144,19
28596,505
34591,756
173290,25
277737,50
54641,229
85691,49
-1,0
37953,390
40402,435
54926,63
131763,288
66821,140
37164,342
391872,23
20818,545
55924,142
-1,0
127774,605
27764,157
44327,216
-1,0
142043,10
69547,494
15476,859
67548,136
180764,562
299489,509
-1,0
47055,350
107280,1237
