104885,2297,443112422
77908,99,23747353
80552,99,19876786
50582,99,59236310
59960,99,64586315
69198,99,59701244
311637,90,5707827
73334,99,31015616
152143,99,13926191
58581,99,16182315
326815,97,10728040
244715,95,8915517
79555,99,14395803
279154,95,9293842
247166,90,5499235
214605,97,11624264
198672,95,8932962
170371,93,7228672
265305,93,7307884
30733,99,26983525
231415,99,13795350
163085,92,6934399
255160,90,5620484
223821,90,5373848
130832,91,6498640
-1,0
-1,0
-1,0
-1,0
-1,0
-1,0
-1,0
38755,1368
121020,75
23498,425
40562,416
84100,275
27448,153
131065,24
-1,482
-1,2072
-1,0
67145,420
154638,5664
18355,899
137951,345
128153,660
134587,43
72424,767
72820,158
37158,909
47523,1060
25061,70
77439,267
158547,72
139807,658
76676,326
43401,79
166758,28
18128,346
115902,179
94969,85
9144,480
32183,861
11041,1847
43338,703
147519,25
-1,0
23674,1100
61379,742
127989,350
132597,209
101043,102
57070,277
142350,291
183641,1720
55623,366
7663,1103
203120,110
20184,141
-1,0
50513,7
110362,142
-1,1
-1,0
95823,19
28339,505
34315,756
172819,25
276445,50
53013,229
85330,49
-1,0
37725,390
40144,435
54752,63
130465,288
66095,140
36692,342
388027,23
20562,545
55685,142
-1,0
127421,605
27820,156
44049,216
-1,0
141786,10
68879,494
15420,859
67358,136
180280,562
298683,509
-1,0
46841,350
107038,1237
