115753,2285,266369798
423093,99,13210578
374443,99,13178667
603285,99,13358471
534395,99,17994038
523467,99,14746338
123191,99,13110680
501548,99,13279272
374384,99,13058985
265698,99,13036452
190202,99,13082944
234675,96,9692283
276927,99,13071823
196465,99,13111053
126306,99,13064400
120040,99,13391875
117313,99,13122152
272503,87,4048017
122273,99,13456161
889250,81,2222805
264667,99,13498936
399083,80,2068308
408742,84,3149768
130130,99,13085389
265706,75,1330403
-1,0
-1,0
-1,0
-1,0
-1,0
-1,0
-1,0
1353966,13
1010026,4
1202262,3
1231878,3
1201119,2
785416,1
-1,0
-1,0
-1,2500
-1,0
1099710,10
-1,0
-1,173
-1,0
-1,0
-1,0
-1,0
-1,0
1138632,12
-1,0
-1,0
-1,0
-1,0
-1,0
227957,46
-1,0
-1,0
-1,0
-1,0
-1,0
-1,0
-1,0
-1,0
-1,0
-1,0
-1,0
-1,0
548641,6
-1,1
-1,0
350744,40
-1,1
-1,0
-1,0
291042,6
-1,0
-1,1
-1,1
-1,0
-1,0
-1,0
-1,0
-1,0
-1,0
-1,0
-1,0
-1,0
-1,0
-1,0
-1,0
-1,0
-1,0
858638,22
-1,1
-1,0
-1,0
-1,0
-1,0
-1,0
-1,0
-1,0
-1,0
-1,4
-1,0
-1,0
-1,2
-1,0
-1,0
-1,0
256748,375
433895,334
-1,0
-1,0
-1,1
