117371,2288,269966352
428224,99,13211453
379018,99,13179542
611125,99,13359347
538833,99,18069542
527132,99,14793140
124654,99,13110830
482962,99,13453083
378283,99,13058985
269674,99,13036452
192256,99,13082944
209896,98,12611304
279749,99,13071823
197009,99,13116303
127679,99,13064400
122377,99,13391875
98268,99,13197174
275151,87,4058887
116578,99,13536161
898238,81,2222805
259032,99,13573936
404398,80,2068308
409221,84,3199768
121027,99,13104839
273641,76,1393451
-1,0
-1,0
-1,0
-1,0
-1,0
-1,0
-1,0
1365268,13
1021077,4
1210825,3
1240877,3
1209783,2
791573,1
-1,0
-1,0
-1,2500
-1,0
1113892,10
-1,0
-1,174
-1,0
-1,0
-1,0
-1,0
-1,0
1149514,12
-1,0
-1,0
-1,0
-1,0
-1,0
229926,46
-1,0
-1,0
-1,0
-1,0
-1,0
-1,0
-1,0
-1,0
-1,0
-1,0
-1,0
-1,0
552787,6
-1,1
-1,0
354925,40
-1,1
-1,0
-1,0
292929,6
-1,0
-1,1
-1,1
-1,0
-1,0
-1,0
-1,0
-1,0
-1,0
-1,0
-1,0
-1,0
-1,0
-1,0
-1,0
-1,0
-1,0
870669,22
-1,1
-1,0
-1,0
-1,0
-1,0
-1,0
-1,0
-1,0
-1,0
-1,4
-1,0
-1,0
-1,2
-1,0
-1,0
-1,0
252856,388
436802,334
-1,0
-1,0
577503,9
