146493,2263,263558483
428292,99,13165747
376054,99,13151282
621397,99,13258166
528724,99,17906383
522374,99,14624751
121411,99,13110590
523515,99,13131825
369878,99,13058985
267285,99,13035427
188193,99,13082689
239215,95,9127139
273751,99,13071783
199551,99,13096488
130511,99,13055836
163513,99,13084775
115483,99,13121904
268239,87,4045368
120702,99,13456161
897096,80,2116906
266507,99,13457541
403306,80,2016678
402357,84,3149768
148309,99,13051744
467830,55,180547
-1,0
-1,0
-1,0
-1,0
-1,0
-1,0
-1,0
1340695,13
997282,4
1192036,3
1221878,3
1191604,2
778576,1
-1,0
-1,0
-1,2500
-1,0
1177750,4
-1,0
-1,154
-1,0
-1,0
-1,0
-1,0
-1,0
1126963,12
-1,0
-1,0
-1,0
-1,0
-1,0
225276,46
-1,0
-1,0
-1,0
-1,0
-1,0
-1,0
-1,0
-1,0
-1,0
-1,0
-1,0
-1,0
543979,6
-1,1
-1,0
346063,40
-1,1
-1,0
-1,0
289063,6
-1,0
-1,1
-1,0
-1,0
-1,0
-1,0
-1,0
-1,0
-1,0
-1,0
-1,0
-1,0
-1,0
-1,0
-1,0
-1,0
-1,0
843743,22
-1,1
-1,0
-1,0
-1,0
-1,0
-1,0
-1,0
-1,0
-1,0
-1,4
-1,0
-1,0
-1,2
-1,0
-1,0
-1,0
254589,375
430211,334
-1,0
-1,0
-1,1
