146122,2263,263558483
427714,99,13165747
375466,99,13151282
620465,99,13258166
527967,99,17906383
521715,99,14624751
121215,99,13110590
522811,99,13131825
369495,99,13058985
266906,99,13035427
188017,99,13082689
238960,95,9127139
273521,99,13071783
199297,99,13096488
130352,99,13055836
163236,99,13084775
115364,99,13121904
267996,87,4045368
120595,99,13456161
896057,80,2116906
266135,99,13457541
402800,80,2016678
401826,84,3149768
148096,99,13051744
462207,55,180547
-1,0
-1,0
-1,0
-1,0
-1,0
-1,0
-1,0
1339506,13
996154,4
1190899,3
1221070,3
1190828,2
778038,1
-1,0
-1,0
-1,2500
-1,0
1176024,4
-1,0
-1,154
-1,0
-1,0
-1,0
-1,0
-1,0
1126093,12
-1,0
-1,0
-1,0
-1,0
-1,0
225136,46
-1,0
-1,0
-1,0
-1,0
-1,0
-1,0
-1,0
-1,0
-1,0
-1,0
-1,0
-1,0
543673,6
-1,1
-1,0
345632,40
-1,1
-1,0
-1,0
288927,6
-1,0
-1,1
-1,0
-1,0
-1,0
-1,0
-1,0
-1,0
-1,0
-1,0
-1,0
-1,0
-1,0
-1,0
-1,0
-1,0
-1,0
842496,22
-1,1
-1,0
-1,0
-1,0
-1,0
-1,0
-1,0
-1,0
-1,0
-1,4
-1,0
-1,0
-1,2
-1,0
-1,0
-1,0
254410,375
429909,334
-1,0
-1,0
-1,1
