116177,2287,268035433
425394,99,13211453
376481,99,13179542
606855,99,13359347
536921,99,18019945
524315,99,14788768
123852,99,13110830
499128,99,13314293
376201,99,13058985
267487,99,13036452
191151,99,13082944
221112,97,10900128
278258,99,13071823
195651,99,13116303
126917,99,13064400
121179,99,13391875
97360,99,13197152
274097,87,4048887
115904,99,13536161
893439,81,2222805
257004,99,13573936
401585,80,2068308
406555,84,3199768
120075,99,13104829
268410,76,1376499
-1,0
-1,0
-1,0
-1,0
-1,0
-1,0
-1,0
1359336,13
1015257,4
1206356,3
1236085,3
1205217,2
788316,1
-1,0
-1,0
-1,2500
-1,0
1106478,10
-1,0
-1,173
-1,0
-1,0
-1,0
-1,0
-1,0
1143764,12
-1,0
-1,0
-1,0
-1,0
-1,0
228874,46
-1,0
-1,0
-1,0
-1,0
-1,0
-1,0
-1,0
-1,0
-1,0
-1,0
-1,0
-1,0
550604,6
-1,1
-1,0
352728,40
-1,1
-1,0
-1,0
291951,6
-1,0
-1,1
-1,1
-1,0
-1,0
-1,0
-1,0
-1,0
-1,0
-1,0
-1,0
-1,0
-1,0
-1,0
-1,0
-1,0
-1,0
864393,22
-1,1
-1,0
-1,0
-1,0
-1,0
-1,0
-1,0
-1,0
-1,0
-1,4
-1,0
-1,0
-1,2
-1,0
-1,0
-1,0
251714,388
435276,334
-1,0
-1,0
-1,1
