139802,2274,264381441
432929,99,13165747
380191,99,13151556
628035,99,13258166
534491,99,17907233
527268,99,14627034
122637,99,13110590
519364,99,13170768
372767,99,13058985
270204,99,13035427
189615,99,13082689
239480,95,9259487
275852,99,13071783
201494,99,13096488
125721,99,13064400
119906,99,13384270
116785,99,13121904
271169,87,4045368
121744,99,13456161
904207,80,2116906
269110,99,13457541
406789,80,2019078
406634,84,3149768
138617,99,13069810
354333,66,500282
-1,0
-1,0
-1,0
-1,0
-1,0
-1,0
-1,0
1349319,13
1005572,4
1198741,3
1228292,3
1197543,2
782987,1
-1,0
-1,0
-1,2500
-1,0
1190385,4
-1,0
-1,165
-1,0
-1,0
-1,0
-1,0
-1,0
1134173,12
-1,0
-1,0
-1,0
-1,0
-1,0
227071,46
-1,0
-1,0
-1,0
-1,0
-1,0
-1,0
-1,0
-1,0
-1,0
-1,0
-1,0
-1,0
546887,6
-1,1
-1,0
349054,40
-1,1
-1,0
-1,0
290235,6
-1,0
-1,1
-1,0
-1,0
-1,0
-1,0
-1,0
-1,0
-1,0
-1,0
-1,0
-1,0
-1,0
-1,0
-1,0
-1,0
-1,0
853554,22
-1,1
-1,0
-1,0
-1,0
-1,0
-1,0
-1,0
-1,0
-1,0
-1,4
-1,0
-1,0
-1,2
-1,0
-1,0
-1,0
255955,375
432538,334
-1,0
-1,0
-1,1
