147546,2264,263970004
431505,99,13165747
378969,99,13151282
625884,99,13258166
532721,99,17906383
525812,99,14624751
122279,99,13110590
525751,99,13136240
371897,99,13058985
269293,99,13035427
189148,99,13082689
239371,95,9217175
275177,99,13071783
200899,99,13096488
128710,99,13059400
119408,99,13384270
116397,99,13121904
270290,87,4045368
121406,99,13456161
902090,80,2116906
268309,99,13457541
405294,80,2019078
405223,84,3149768
146650,99,13055965
484705,56,187937
-1,0
-1,0
-1,0
-1,0
-1,0
-1,0
-1,0
1346628,13
1003002,4
1196662,3
1226242,3
1195518,2
781466,1
-1,0
-1,0
-1,2500
-1,0
1186322,4
-1,0
-1,156
-1,0
-1,0
-1,0
-1,0
-1,0
1131766,12
-1,0
-1,0
-1,0
-1,0
-1,0
226496,46
-1,0
-1,0
-1,0
-1,0
-1,0
-1,0
-1,0
-1,0
-1,0
-1,0
-1,0
-1,0
545802,6
-1,1
-1,0
348096,40
-1,1
-1,0
-1,0
289817,6
-1,0
-1,1
-1,0
-1,0
-1,0
-1,0
-1,0
-1,0
-1,0
-1,0
-1,0
-1,0
-1,0
-1,0
-1,0
-1,0
-1,0
850539,22
-1,1
-1,0
-1,0
-1,0
-1,0
-1,0
-1,0
-1,0
-1,0
-1,4
-1,0
-1,0
-1,2
-1,0
-1,0
-1,0
255475,375
431737,334
-1,0
-1,0
-1,1
