147072,2263,263558483
429220,99,13165747
376977,99,13151282
622843,99,13258166
529892,99,17906383
523449,99,14624751
121675,99,13110590
524549,99,13131825
370464,99,13058985
267818,99,13035427
188469,99,13082689
239663,95,9127139
274167,99,13071783
199964,99,13096488
130758,99,13055836
163958,99,13084775
115722,99,13121904
268706,87,4045368
120890,99,13456161
898752,80,2116906
267018,99,13457541
403994,80,2016678
403175,84,3149768
148638,99,13051744
474672,55,180547
-1,0
-1,0
-1,0
-1,0
-1,0
-1,0
-1,0
1342499,13
999016,4
1193538,3
1223291,3
1192844,2
779503,1
-1,0
-1,0
-1,2500
-1,0
1180495,4
-1,0
-1,154
-1,0
-1,0
-1,0
-1,0
-1,0
1128455,12
-1,0
-1,0
-1,0
-1,0
-1,0
225576,46
-1,0
-1,0
-1,0
-1,0
-1,0
-1,0
-1,0
-1,0
-1,0
-1,0
-1,0
-1,0
544589,6
-1,1
-1,0
346633,40
-1,1
-1,0
-1,0
289320,6
-1,0
-1,1
-1,0
-1,0
-1,0
-1,0
-1,0
-1,0
-1,0
-1,0
-1,0
-1,0
-1,0
-1,0
-1,0
-1,0
-1,0
845814,22
-1,1
-1,0
-1,0
-1,0
-1,0
-1,0
-1,0
-1,0
-1,0
-1,4
-1,0
-1,0
-1,2
-1,0
-1,0
-1,0
254882,375
430715,334
-1,0
-1,0
-1,1
