145559,2263,263558483
426687,99,13165747
374385,99,13151282
618814,99,13258166
526692,99,17906383
520631,99,14624751
120896,99,13110590
521646,99,13131825
368934,99,13058985
266350,99,13035427
187710,99,13082689
238636,95,9127139
273139,99,13071783
198792,99,13096488
130103,99,13055836
162711,99,13084775
115146,99,13121904
267605,87,4045368
120421,99,13456161
894474,80,2116906
265670,99,13457541
402049,80,2016678
400953,84,3149768
147714,99,13051744
451675,55,180547
-1,0
-1,0
-1,0
-1,0
-1,0
-1,0
-1,0
1337682,13
994370,4
1189195,3
1219905,3
1189653,2
777165,1
-1,0
-1,0
-1,2500
-1,0
1173123,4
-1,0
-1,154
-1,0
-1,0
-1,0
-1,0
-1,0
1124680,12
-1,0
-1,0
-1,0
-1,0
-1,0
224850,46
-1,0
-1,0
-1,0
-1,0
-1,0
-1,0
-1,0
-1,0
-1,0
-1,0
-1,0
-1,0
543030,6
-1,1
-1,0
345132,40
-1,1
-1,0
-1,0
288660,6
-1,0
-1,1
-1,0
-1,0
-1,0
-1,0
-1,0
-1,0
-1,0
-1,0
-1,0
-1,0
-1,0
-1,0
-1,0
-1,0
-1,0
840728,22
-1,1
-1,0
-1,0
-1,0
-1,0
-1,0
-1,0
-1,0
-1,0
-1,4
-1,0
-1,0
-1,2
-1,0
-1,0
-1,0
254116,375
429477,334
-1,0
-1,0
-1,1
