116007,2285,266587941
423250,99,13210578
374598,99,13178667
603613,99,13358471
534760,99,17994038
523788,99,14746338
123277,99,13110680
501934,99,13279272
374644,99,13058985
265929,99,13036452
190340,99,13082944
231054,96,9910362
277070,99,13071823
196643,99,13111053
126368,99,13064400
120187,99,13391875
117408,99,13122152
272775,87,4048017
122352,99,13456161
889791,81,2222805
264894,99,13498936
399408,80,2068308
409056,84,3149768
130256,99,13085389
266573,75,1330467
-1,0
-1,0
-1,0
-1,0
-1,0
-1,0
-1,0
1354707,13
1010773,4
1202819,3
1232468,3
1201630,2
785771,1
-1,0
-1,0
-1,2500
-1,0
1100548,10
-1,0
-1,173
-1,0
-1,0
-1,0
-1,0
-1,0
1139289,12
-1,0
-1,0
-1,0
-1,0
-1,0
228058,46
-1,0
-1,0
-1,0
-1,0
-1,0
-1,0
-1,0
-1,0
-1,0
-1,0
-1,0
-1,0
548838,6
-1,1
-1,0
351017,40
-1,1
-1,0
-1,0
291131,6
-1,0
-1,1
-1,1
-1,0
-1,0
-1,0
-1,0
-1,0
-1,0
-1,0
-1,0
-1,0
-1,0
-1,0
-1,0
-1,0
-1,0
859425,22
-1,1
-1,0
-1,0
-1,0
-1,0
-1,0
-1,0
-1,0
-1,0
-1,4
-1,0
-1,0
-1,2
-1,0
-1,0
-1,0
256848,375
434053,334
-1,0
-1,0
-1,1
