145308,2263,263557868
426252,99,13165747
374018,99,13151282
618060,99,13258166
526215,99,17906383
520330,99,14624751
120795,99,13110590
521257,99,13131825
368733,99,13058985
266117,99,13035427
187617,99,13082689
238514,95,9126524
273006,99,13071783
198238,99,13096488
129983,99,13055836
162362,99,13084775
115074,99,13121904
267412,87,4045368
120370,99,13456161
893951,80,2116906
265473,99,13457541
401688,80,2016678
400604,84,3149768
147470,99,13051744
445688,55,180547
-1,0
-1,0
-1,0
-1,0
-1,0
-1,0
-1,0
1337061,13
993675,4
1188525,3
1219488,3
1189252,2
776890,1
-1,0
-1,0
-1,2500
-1,0
1171884,4
-1,0
-1,154
-1,0
-1,0
-1,0
-1,0
-1,0
1124161,12
-1,0
-1,0
-1,0
-1,0
-1,0
224772,46
-1,0
-1,0
-1,0
-1,0
-1,0
-1,0
-1,0
-1,0
-1,0
-1,0
-1,0
-1,0
542939,6
-1,1
-1,0
344887,40
-1,1
-1,0
-1,0
288602,6
-1,0
-1,1
-1,0
-1,0
-1,0
-1,0
-1,0
-1,0
-1,0
-1,0
-1,0
-1,0
-1,0
-1,0
-1,0
-1,0
840048,22
-1,1
-1,0
-1,0
-1,0
-1,0
-1,0
-1,0
-1,0
-1,0
-1,4
-1,0
-1,0
-1,2
-1,0
-1,0
-1,0
254020,375
429297,334
-1,0
-1,0
-1,1
