116448,2283,265714301
427116,99,13190364
379179,99,13158453
606553,99,13338257
534570,99,17945418
527366,99,14648878
122911,99,13110590
508311,99,13232683
373561,99,13058985
264906,99,13036452
189800,99,13082944
238043,95,9396345
276349,99,13071823
195914,99,13111053
126023,99,13064400
119654,99,13391875
116986,99,13122152
271768,87,4047147
122000,99,13456161
898782,80,2157042
263932,99,13498936
397975,80,2068308
407693,84,3149768
131845,99,13081815
264618,75,1294452
-1,0
-1,0
-1,0
-1,0
-1,0
-1,0
-1,0
1351454,13
1007589,4
1200395,3
1229978,3
1199243,2
784135,1
-1,0
-1,0
-1,2500
-1,0
1096781,10
-1,0
-1,173
-1,0
-1,0
-1,0
-1,0
-1,0
1136203,12
-1,0
-1,0
-1,0
-1,0
-1,0
227508,46
-1,0
-1,0
-1,0
-1,0
-1,0
-1,0
-1,0
-1,0
-1,0
-1,0
-1,0
-1,0
547750,6
-1,1
-1,0
349811,40
-1,1
-1,0
-1,0
290629,6
-1,0
-1,1
-1,1
-1,0
-1,0
-1,0
-1,0
-1,0
-1,0
-1,0
-1,0
-1,0
-1,0
-1,0
-1,0
-1,0
-1,0
856012,22
-1,1
-1,0
-1,0
-1,0
-1,0
-1,0
-1,0
-1,0
-1,0
-1,4
-1,0
-1,0
-1,2
-1,0
-1,0
-1,0
256320,375
433263,334
-1,0
-1,0
-1,1
