117233,2287,269130833
426710,99,13211453
377668,99,13179542
608875,99,13359347
536939,99,18069542
525504,99,14793140
124282,99,13110830
481280,99,13453083
377246,99,13058985
268634,99,13036452
191735,99,13082944
215111,97,11776257
278992,99,13071823
196372,99,13116303
127267,99,13064400
121852,99,13391875
97852,99,13197174
274228,87,4058887
116237,99,13536161
896014,81,2222805
258116,99,13573936
403080,80,2068308
407895,84,3199768
120607,99,13104839
270872,76,1392979
-1,0
-1,0
-1,0
-1,0
-1,0
-1,0
-1,0
1362534,13
1018281,4
1208766,3
1238672,3
1207701,2
790077,1
-1,0
-1,0
-1,2500
-1,0
1110202,10
-1,0
-1,174
-1,0
-1,0
-1,0
-1,0
-1,0
1146865,12
-1,0
-1,0
-1,0
-1,0
-1,0
229417,46
-1,0
-1,0
-1,0
-1,0
-1,0
-1,0
-1,0
-1,0
-1,0
-1,0
-1,0
-1,0
551721,6
-1,1
-1,0
353917,40
-1,1
-1,0
-1,0
292446,6
-1,0
-1,1
-1,1
-1,0
-1,0
-1,0
-1,0
-1,0
-1,0
-1,0
-1,0
-1,0
-1,0
-1,0
-1,0
-1,0
-1,0
867744,22
-1,1
-1,0
-1,0
-1,0
-1,0
-1,0
-1,0
-1,0
-1,0
-1,4
-1,0
-1,0
-1,2
-1,0
-1,0
-1,0
252313,388
435948,334
-1,0
-1,0
576018,9
