145030,2263,263557868
425848,99,13165747
373641,99,13151282
617479,99,13258166
525753,99,17906383
519834,99,14624751
120692,99,13110590
520799,99,13131825
368464,99,13058985
265828,99,13035427
187466,99,13082689
238334,95,9126524
272843,99,13071783
198065,99,13096488
129872,99,13055836
162183,99,13084775
114947,99,13121904
267203,87,4045368
120267,99,13456161
893400,80,2116906
265208,99,13457541
401393,80,2016678
400223,84,3149768
147301,99,13051744
442117,55,180547
-1,0
-1,0
-1,0
-1,0
-1,0
-1,0
-1,0
1336242,13
992861,4
1187719,3
1218924,3
1188774,2
776473,1
-1,0
-1,0
-1,2500
-1,0
1170778,4
-1,0
-1,154
-1,0
-1,0
-1,0
-1,0
-1,0
1123505,12
-1,0
-1,0
-1,0
-1,0
-1,0
224641,46
-1,0
-1,0
-1,0
-1,0
-1,0
-1,0
-1,0
-1,0
-1,0
-1,0
-1,0
-1,0
542655,6
-1,1
-1,0
344579,40
-1,1
-1,0
-1,0
288440,6
-1,0
-1,1
-1,0
-1,0
-1,0
-1,0
-1,0
-1,0
-1,0
-1,0
-1,0
-1,0
-1,0
-1,0
-1,0
-1,0
839138,22
-1,1
-1,0
-1,0
-1,0
-1,0
-1,0
-1,0
-1,0
-1,0
-1,4
-1,0
-1,0
-1,2
-1,0
-1,0
-1,0
253844,375
429082,334
-1,0
-1,0
-1,1
