116909,2287,268585298
426281,99,13211453
377296,99,13179542
608227,99,13359347
537813,99,18030190
525000,99,14793140
124161,99,13110830
494848,99,13349754
376972,99,13058985
268322,99,13036452
191575,99,13082944
217244,97,11399139
278764,99,13071823
196165,99,13116303
127154,99,13064400
121618,99,13391875
97708,99,13197152
274655,87,4048887
116120,99,13536161
895316,81,2222805
257797,99,13573936
402606,80,2068308
407478,84,3199768
120459,99,13104829
270743,76,1377275
-1,0
-1,0
-1,0
-1,0
-1,0
-1,0
-1,0
1361618,13
1017438,4
1208068,3
1237942,3
1206997,2
789603,1
-1,0
-1,0
-1,2500
-1,0
1109044,10
-1,0
-1,174
-1,0
-1,0
-1,0
-1,0
-1,0
1145971,12
-1,0
-1,0
-1,0
-1,0
-1,0
229218,46
-1,0
-1,0
-1,0
-1,0
-1,0
-1,0
-1,0
-1,0
-1,0
-1,0
-1,0
-1,0
551444,6
-1,1
-1,0
353568,40
-1,1
-1,0
-1,0
292315,6
-1,0
-1,1
-1,1
-1,0
-1,0
-1,0
-1,0
-1,0
-1,0
-1,0
-1,0
-1,0
-1,0
-1,0
-1,0
-1,0
-1,0
866765,22
-1,1
-1,0
-1,0
-1,0
-1,0
-1,0
-1,0
-1,0
-1,0
-1,4
-1,0
-1,0
-1,2
-1,0
-1,0
-1,0
252122,388
435660,334
-1,0
-1,0
575546,9
