116181,2283,265518525
428216,99,13184751
380465,99,13152840
607378,99,13332601
534239,99,17939263
526859,99,14648878
122796,99,13110590
508241,99,13230668
373216,99,13058985
264805,99,13036427
189865,99,13082689
239815,95,9259487
276184,99,13071783
195743,99,13111043
125904,99,13064400
119483,99,13391875
116907,99,13122084
271575,87,4045406
121904,99,13456161
898787,80,2152895
267428,99,13471455
397526,80,2068308
407269,84,3149768
131735,99,13081716
263721,75,1294452
-1,0
-1,0
-1,0
-1,0
-1,0
-1,0
-1,0
1350642,13
1006771,4
1199769,3
1229338,3
1198600,2
783664,1
-1,0
-1,0
-1,2500
-1,0
1095582,10
-1,0
-1,171
-1,0
-1,0
-1,0
-1,0
-1,0
1135431,12
-1,0
-1,0
-1,0
-1,0
-1,0
227350,46
-1,0
-1,0
-1,0
-1,0
-1,0
-1,0
-1,0
-1,0
-1,0
-1,0
-1,0
-1,0
547459,6
-1,1
-1,0
349494,40
-1,1
-1,0
-1,0
290484,6
-1,0
-1,1
-1,1
-1,0
-1,0
-1,0
-1,0
-1,0
-1,0
-1,0
-1,0
-1,0
-1,0
-1,0
-1,0
-1,0
-1,0
855012,22
-1,1
-1,0
-1,0
-1,0
-1,0
-1,0
-1,0
-1,0
-1,0
-1,4
-1,0
-1,0
-1,2
-1,0
-1,0
-1,0
256196,375
432987,334
-1,0
-1,0
-1,1
