115939,2284,266166874
422153,99,13210578
373615,99,13178667
601942,99,13358471
533199,99,17994038
522484,99,14746338
122949,99,13110680
500543,99,13279272
373770,99,13058985
265121,99,13036452
189884,99,13082944
236846,95,9505077
276503,99,13071823
196055,99,13111053
126097,99,13064400
119775,99,13391875
117062,99,13122152
271995,87,4047147
122043,99,13456161
887835,81,2222805
264147,99,13498936
398325,80,2068308
407977,84,3149768
129824,99,13085389
264523,75,1315555
-1,0
-1,0
-1,0
-1,0
-1,0
-1,0
-1,0
1352105,13
1008267,4
1200903,3
1230528,3
1199728,2
784437,1
-1,0
-1,0
-1,2500
-1,0
1097588,10
-1,0
-1,173
-1,0
-1,0
-1,0
-1,0
-1,0
1136869,12
-1,0
-1,0
-1,0
-1,0
-1,0
227605,46
-1,0
-1,0
-1,0
-1,0
-1,0
-1,0
-1,0
-1,0
-1,0
-1,0
-1,0
-1,0
547949,6
-1,1
-1,0
350091,40
-1,1
-1,0
-1,0
290697,6
-1,0
-1,1
-1,1
-1,0
-1,0
-1,0
-1,0
-1,0
-1,0
-1,0
-1,0
-1,0
-1,0
-1,0
-1,0
-1,0
-1,0
856796,22
-1,1
-1,0
-1,0
-1,0
-1,0
-1,0
-1,0
-1,0
-1,0
-1,4
-1,0
-1,0
-1,2
-1,0
-1,0
-1,0
256429,375
433458,334
-1,0
-1,0
-1,1
