147786,2263,263611642
430444,99,13165747
378013,99,13151282
624408,99,13258166
531386,99,17906383
524631,99,14624751
122003,99,13110590
525696,99,13131825
371181,99,13058985
268613,99,13035427
188776,99,13082689
240209,95,9129599
274690,99,13071783
200406,99,13096488
130624,99,13056430
151716,99,13134880
116078,99,13121904
269631,87,4045368
121168,99,13456161
900405,80,2116906
267682,99,13457541
404915,80,2016678
404199,84,3149768
149017,99,13051744
482789,55,180547
-1,0
-1,0
-1,0
-1,0
-1,0
-1,0
-1,0
1344521,13
1001046,4
1195039,3
1224668,3
1194064,2
780412,1
-1,0
-1,0
-1,2500
-1,0
1183350,4
-1,0
-1,154
-1,0
-1,0
-1,0
-1,0
-1,0
1129949,12
-1,0
-1,0
-1,0
-1,0
-1,0
226075,46
-1,0
-1,0
-1,0
-1,0
-1,0
-1,0
-1,0
-1,0
-1,0
-1,0
-1,0
-1,0
545124,6
-1,1
-1,0
347407,40
-1,1
-1,0
-1,0
289500,6
-1,0
-1,1
-1,0
-1,0
-1,0
-1,0
-1,0
-1,0
-1,0
-1,0
-1,0
-1,0
-1,0
-1,0
-1,0
-1,0
-1,0
848155,22
-1,1
-1,0
-1,0
-1,0
-1,0
-1,0
-1,0
-1,0
-1,0
-1,4
-1,0
-1,0
-1,2
-1,0
-1,0
-1,0
255147,375
431299,334
-1,0
-1,0
-1,1
