441847,2051,146414522
971782,87,4041247
994827,84,3194088
633228,99,13259923
936147,95,9533878
1027401,91,6396493
304882,91,5944553
322381,99,15737541
354614,99,13070408
347003,94,8458019
799619,81,2313785
282508,93,7399415
56205,99,15385531
534763,85,3445619
450927,85,3370275
661588,83,2683855
323236,90,5433727
203660,90,5723743
275450,92,7005995
1005861,78,1653859
665522,87,4238114
376686,81,2242266
545910,81,2260474
310060,86,3621714
-1,1,0
-1,0
-1,0
-1,0
-1,0
-1,0
-1,0
-1,0
963630,35
589720,10
746849,8
863945,9
959334,7
-1,0
517127,1
260231,580
-1,1968
-1,0
178869,243
-1,0
-1,225
-1,0
-1,0
128133,47
-1,0
134729,34
619091,88
-1,0
183770,10
159503,78
-1,0
-1,0
345870,9
-1,0
-1,0
-1,0
-1,4
256138,6
319344,27
393756,30
578448,41
370574,36
432922,6
-1,0
-1,1
-1,2
186440,202
-1,0
840420,6
-1,1
451296,56
-1,0
-1,1
-1,1
368850,33
-1,0
-1,0
-1,0
141825,75
-1,0
-1,0
101992,18
-1,1
-1,0
-1,0
389081,26
-1,0
-1,1
-1,0
-1,0
103439,241
-1,1
113565,336
234181,27
-1,1
-1,0
-1,1
-1,0
-1,0
-1,0
335513,8
-1,2
-1,0
-1,2
-1,1
-1,0
-1,0
525513,85
34306,711
-1,0
236301,41
-1,2
