431473,2051,146414522
958144,87,4041247
981813,84,3194088
622080,99,13259923
922622,95,9533878
1014590,91,6396493
300990,91,5944553
315425,99,15737541
349713,99,13070408
341272,94,8458019
791099,81,2313785
277832,93,7399415
55294,99,15385531
526193,85,3445619
444276,85,3370275
650941,83,2683855
317945,90,5433727
200313,90,5723743
271560,92,7005995
993100,78,1653859
656705,87,4238114
370054,81,2242266
537663,81,2260474
304734,86,3621714
-1,1,0
-1,0
-1,0
-1,0
-1,0
-1,0
-1,0
-1,0
953397,35
580975,10
739021,8
855190,9
950527,7
-1,0
512475,1
258814,580
-1,1968
-1,0
172979,243
-1,0
-1,225
-1,0
-1,0
123445,47
-1,0
132450,34
612336,88
-1,0
181715,10
157712,78
-1,0
-1,0
341464,9
-1,0
-1,0
-1,0
-1,4
253880,6
315811,27
389840,30
571209,41
367156,36
422799,6
-1,0
-1,1
-1,2
184030,202
-1,0
830520,6
-1,1
448472,56
-1,0
-1,1
-1,1
357365,33
-1,0
-1,0
-1,0
139385,75
-1,0
-1,0
100707,18
-1,1
-1,0
-1,0
381353,26
-1,0
-1,1
-1,0
-1,0
101632,241
-1,1
109997,336
225728,27
-1,1
-1,0
-1,1
-1,0
-1,0
-1,0
329020,8
-1,2
-1,0
-1,2
-1,1
-1,0
-1,0
519707,85
33783,711
-1,0
232827,41
-1,2
