435467,2051,146414522
963614,87,4041247
987216,84,3194088
626500,99,13259923
928160,95,9533878
1019963,91,6396493
302528,91,5944553
318065,99,15737541
351645,99,13070408
343320,94,8458019
794538,81,2313785
279554,93,7399415
55621,99,15385531
529526,85,3445619
446920,85,3370275
654805,83,2683855
320108,90,5433727
201613,90,5723743
272989,92,7005995
998268,78,1653859
660133,87,4238114
372615,81,2242266
540827,81,2260474
306869,86,3621714
-1,1,0
-1,0
-1,0
-1,0
-1,0
-1,0
-1,0
-1,0
957326,35
584125,10
742009,8
858624,9
953905,7
-1,0
514348,1
259461,580
-1,1968
-1,0
175170,243
-1,0
-1,225
-1,0
-1,0
125001,47
-1,0
133297,34
614780,88
-1,0
182518,10
158495,78
-1,0
-1,0
343490,9
-1,0
-1,0
-1,0
-1,4
254749,6
317156,27
391364,30
573898,41
368492,36
426383,6
-1,0
-1,1
-1,2
184960,202
-1,0
834230,6
-1,1
449771,56
-1,0
-1,1
-1,1
361503,33
-1,0
-1,0
-1,0
140338,75
-1,0
-1,0
101190,18
-1,1
-1,0
-1,0
384368,26
-1,0
-1,1
-1,0
-1,0
102414,241
-1,1
111291,336
228527,27
-1,1
-1,0
-1,1
-1,0
-1,0
-1,0
331462,8
-1,2
-1,0
-1,2
-1,1
-1,0
-1,0
522032,85
33969,711
-1,0
234186,41
-1,2
