445908,2051,146414522
976187,87,4041247
998874,84,3194088
636837,99,13259923
940200,95,9533878
1031068,91,6396493
306209,91,5944553
324674,99,15737541
356307,99,13070408
349575,94,8458019
802696,81,2313785
284259,93,7399415
56540,99,15385531
537854,85,3445619
453206,85,3370275
665723,83,2683855
325324,90,5433727
204698,90,5723743
276976,92,7005995
1010314,78,1653859
668948,87,4238114
379142,81,2242266
548609,81,2260474
311906,86,3621714
-1,1,0
-1,0
-1,0
-1,0
-1,0
-1,0
-1,0
-1,0
967637,35
593239,10
749884,8
867236,9
962504,7
-1,0
518864,1
260347,580
-1,1968
-1,0
181018,243
-1,0
-1,225
-1,0
-1,0
130066,47
-1,0
135746,34
621932,88
-1,0
184802,10
159610,78
-1,0
-1,0
347158,9
-1,0
-1,0
-1,0
-1,4
256919,6
320728,27
395299,30
581230,41
371922,36
436866,6
-1,0
-1,1
-1,2
187345,202
-1,0
844227,6
-1,1
452257,56
-1,0
-1,1
-1,1
373689,33
-1,0
-1,0
-1,0
142669,75
-1,0
-1,0
102550,18
-1,1
-1,0
-1,0
391836,26
-1,0
-1,1
-1,0
-1,0
104013,241
-1,1
114957,336
237702,27
-1,1
-1,0
-1,1
-1,0
-1,0
-1,0
338008,8
-1,2
-1,0
-1,2
-1,1
-1,0
-1,0
527653,85
34415,711
-1,0
237739,41
-1,2
