426257,2051,146414487
953028,87,4041247
977151,84,3194088
617238,99,13259923
917464,95,9533878
1010762,91,6396493
299792,91,5944553
312360,99,15737506
347989,99,13070408
338920,94,8458019
788802,81,2313785
276163,93,7399415
54996,99,15385531
521252,85,3445619
441865,85,3370275
646243,83,2683855
315975,90,5433727
199320,90,5723743
270100,92,7005995
988558,78,1653859
653778,87,4238114
367898,81,2242266
534183,81,2260474
302949,86,3621714
-1,1,0
-1,0
-1,0
-1,0
-1,0
-1,0
-1,0
-1,0
949767,35
577257,10
735424,8
852044,9
947624,7
-1,0
511023,1
258588,580
-1,1968
-1,0
171386,243
-1,0
-1,225
-1,0
-1,0
121452,47
-1,0
131519,34
610122,88
-1,0
180916,10
157100,78
-1,0
-1,0
340095,9
-1,0
-1,0
-1,0
-1,4
253501,6
314621,27
388813,30
568967,41
366325,36
418511,6
-1,0
-1,1
-1,2
183187,202
-1,0
827078,6
-1,1
448383,56
-1,0
-1,1
-1,1
352431,33
-1,0
-1,0
138538,75
-1,0
-1,0
100170,18
-1,1
-1,0
-1,0
378571,26
-1,0
-1,1
-1,0
-1,0
100832,241
-1,1
108131,336
222596,27
-1,1
-1,0
-1,1
-1,0
-1,0
-1,0
326654,8
-1,2
-1,0
-1,2
-1,1
-1,0
-1,0
518294,85
33634,711
-1,0
231421,41
-1,2
