442864,2051,146414522
972987,87,4041247
996010,84,3194088
634178,99,13259923
937373,95,9533878
1028523,91,6396493
305233,91,5944553
323036,99,15737541
355038,99,13070408
347637,94,8458019
800339,81,2313785
282958,93,7399415
56313,99,15385531
535513,85,3445619
451591,85,3370275
662794,83,2683855
323713,90,5433727
203915,90,5723743
275842,92,7005995
1007028,78,1653859
666378,87,4238114
377334,81,2242266
546597,81,2260474
310518,86,3621714
-1,1,0
-1,0
-1,0
-1,0
-1,0
-1,0
-1,0
-1,0
964668,35
590618,10
747628,8
864778,9
960124,7
-1,0
517572,1
260357,580
-1,1968
-1,0
179386,243
-1,0
-1,225
-1,0
-1,0
128652,47
-1,0
134982,34
619794,88
-1,0
184060,10
159649,78
-1,0
-1,0
346201,9
-1,0
-1,0
-1,0
-1,4
256329,6
319724,27
394161,30
579130,41
370923,36
433881,6
-1,0
-1,1
-1,2
186659,202
-1,0
841431,6
-1,1
451549,56
-1,0
-1,1
-1,1
370061,33
-1,0
-1,0
-1,0
142035,75
-1,0
-1,0
102158,18
-1,1
-1,0
-1,0
389814,26
-1,0
-1,1
-1,0
-1,0
103595,241
-1,1
113934,336
235184,27
-1,1
-1,0
-1,1
-1,0
-1,0
-1,0
336104,8
-1,2
-1,0
-1,2
-1,1
-1,0
-1,0
526050,85
34363,711
-1,0
236643,41
-1,2
