435744,2051,146414522
964001,87,4041247
987576,84,3194088
626816,99,13259923
928554,95,9533878
1020326,91,6396493
302634,91,5944553
318252,99,15737541
351779,99,13070408
343483,94,8458019
794796,81,2313785
279686,93,7399415
55638,99,15385531
529763,85,3445619
447088,85,3370275
655110,83,2683855
320228,90,5433727
201690,90,5723743
273115,92,7005995
998606,78,1653859
660390,87,4238114
372832,81,2242266
541075,81,2260474
307007,86,3621714
-1,1,0
-1,0
-1,0
-1,0
-1,0
-1,0
-1,0
-1,0
957597,35
584373,10
742227,8
858874,9
954148,7
-1,0
514456,1
259514,580
-1,1968
-1,0
175368,243
-1,0
-1,225
-1,0
-1,0
125115,47
-1,0
133363,34
614926,88
-1,0
182580,10
158543,78
-1,0
-1,0
343598,9
-1,0
-1,0
-1,0
-1,4
254799,6
317267,27
391478,30
574103,41
368594,36
426663,6
-1,0
-1,1
-1,2
185022,202
-1,0
834488,6
-1,1
449843,56
-1,0
-1,1
-1,1
361837,33
-1,0
-1,0
-1,0
140389,75
-1,0
-1,0
101237,18
-1,1
-1,0
-1,0
384532,26
-1,0
-1,1
-1,0
-1,0
102475,241
-1,1
111391,336
228706,27
-1,1
-1,0
-1,1
-1,0
-1,0
-1,0
331628,8
-1,2
-1,0
-1,2
-1,1
-1,0
-1,0
522172,85
33973,711
-1,0
234273,41
-1,2
