429083,2051,146414522
956194,87,4041247
980029,84,3194088
620248,99,13259923
920632,95,9533878
1013346,91,6396493
300593,91,5944553
314065,99,15737541
348958,99,13070408
340177,94,8458019
790311,81,2313785
276860,93,7399415
55153,99,15385531
524297,85,3445619
443111,85,3370275
648743,83,2683855
317057,90,5433727
199803,90,5723743
270855,92,7005995
991331,78,1653859
655517,87,4238114
369026,81,2242266
536028,81,2260474
304056,86,3621714
-1,1,0
-1,0
-1,0
-1,0
-1,0
-1,0
-1,0
-1,0
951802,35
579075,10
737396,8
853799,9
949367,7
-1,0
511909,1
258826,580
-1,1968
-1,0
172182,243
-1,0
-1,225
-1,0
-1,0
122431,47
-1,0
132025,34
611425,88
-1,0
181362,10
157503,78
-1,0
-1,0
340860,9
-1,0
-1,0
-1,0
-1,4
253839,6
315364,27
389505,30
570272,41
366920,36
420634,6
-1,0
-1,1
-1,2
183665,202
-1,0
829121,6
-1,1
448813,56
-1,0
-1,1
-1,1
354889,33
-1,0
-1,0
-1,0
139045,75
-1,0
-1,0
100438,18
-1,1
-1,0
-1,0
380194,26
-1,0
-1,1
-1,0
-1,0
101218,241
-1,1
109086,336
224125,27
-1,1
-1,0
-1,1
-1,0
-1,0
-1,0
327970,8
-1,2
-1,0
-1,2
-1,1
-1,0
-1,0
519347,85
33705,711
-1,0
232174,41
-1,2
