441346,2051,146414522
971234,87,4041247
994350,84,3194088
632779,99,13259923
935597,95,9533878
1026985,91,6396493
304726,91,5944553
322057,99,15737541
354397,99,13070408
346679,94,8458019
799273,81,2313785
282235,93,7399415
56151,99,15385531
534359,85,3445619
450619,85,3370275
661022,83,2683855
323044,90,5433727
203575,90,5723743
275284,92,7005995
1005328,78,1653859
665127,87,4238114
376424,81,2242266
545567,81,2260474
309853,86,3621714
-1,1,0
-1,0
-1,0
-1,0
-1,0
-1,0
-1,0
-1,0
963162,35
589270,10
746466,8
863570,9
958976,7
-1,0
516922,1
260206,580
-1,1968
-1,0
178618,243
-1,0
-1,225
-1,0
-1,0
127854,47
-1,0
134622,34
618731,88
-1,0
183670,10
159428,78
-1,0
-1,0
345724,9
-1,0
-1,0
-1,0
-1,4
256093,6
319178,27
393599,30
578136,41
370432,36
432450,6
-1,0
-1,1
-1,2
186344,202
-1,0
839961,6
-1,1
451204,56
-1,0
-1,1
-1,1
368303,33
-1,0
-1,0
-1,0
141726,75
-1,0
-1,0
101938,18
-1,1
-1,0
-1,0
388795,26
-1,0
-1,1
-1,0
-1,0
103381,241
-1,1
113427,336
233792,27
-1,1
-1,0
-1,1
-1,0
-1,0
-1,0
335252,8
-1,2
-1,0
-1,2
-1,1
-1,0
-1,0
525276,85
34278,711
-1,0
236155,41
-1,2
