172116,2244,308623331
159640,99,18035968
252516,99,14212573
125690,99,33649309
139913,99,42093907
152611,99,37414322
251181,95,8931570
183059,99,20659683
125818,99,14503622
95926,99,14220450
368903,94,8474459
272148,93,7878759
471098,96,10085783
335582,93,7401522
404885,86,3684093
68775,99,14441544
245046,92,6818317
396234,83,2866973
320549,91,6108445
425394,94,8013033
198798,99,14369944
371723,81,2311086
640475,79,1870210
399757,84,3252376
129852,93,7325383
-1,0
-1,0
-1,0
-1,0
-1,0
-1,0
-1,0
229572,359
1513514,2
803239,7
103862,205
288637,105
178629,34
273062,6
-1,404
-1,1764
135268,628
336993,164
213191,859
119954,533
67150,688
-1,0
76990,77
149815,317
99863,85
12983,1336
178392,282
-1,2
-1,1
67689,270
-1,0
214051,57
-1,0
331973,5
198442,33
137602,140
180338,25
400270,25
235204,120
296641,177
215193,135
254498,25
25910,200
134340,141
151632,323
303300,86
329518,50
174068,75
245540,50
134062,310
380764,687
125458,109
126956,138
409181,26
-1,4
63347,15
234263,1
-1,0
124149,9
-1,1
269899,7
203473,51
69945,352
-1,1
144538,113
-1,0
520971,10
-1,0
-1,0
157647,180
161812,27
22439,910
238646,27
51047,182
57499,394
33395,320
-1,0
-1,0
334703,24
193730,33
-1,0
-1,0
-1,3
13068,2117
208602,20
144535,43
477864,114
396204,387
27284,693
238524,41
276447,398
