171984,2244,308394596
159569,99,18035968
252386,99,14212573
125623,99,33641653
140082,99,42050444
153305,99,37283878
251097,95,8931570
182905,99,20659528
125746,99,14503622
95857,99,14220450
368804,94,8474459
272049,93,7878759
470913,96,10085783
335439,93,7401522
404695,86,3684093
68725,99,14441544
244887,92,6818317
396053,83,2866973
320403,91,6108445
427402,94,7966016
198697,99,14369944
371548,81,2311086
640191,79,1870210
399568,84,3252376
129689,93,7325383
-1,0
-1,0
-1,0
-1,0
-1,0
-1,0
-1,0
229439,359
1512993,2
802997,7
103808,205
288528,105
178553,34
272981,6
-1,404
-1,1764
135236,628
336732,164
212970,859
119876,533
67079,688
-1,0
76910,77
149650,317
99814,85
12975,1336
178108,282
-1,2
-1,1
67647,270
-1,0
213965,57
-1,0
331855,5
198369,33
137550,140
180298,25
400129,25
235137,120
296535,177
215143,135
254396,25
25864,200
134180,141
151575,323
303180,86
329292,50
173992,75
245450,50
134040,310
380684,687
125418,109
126901,138
408812,26
-1,4
63143,15
234175,1
-1,0
123992,9
-1,1
269814,7
203321,51
69887,352
-1,1
144484,113
-1,0
520759,10
-1,0
-1,0
157577,180
161760,27
22423,910
238354,27
50953,182
57395,394
33352,320
-1,0
-1,0
334588,24
193622,33
-1,0
-1,0
-1,3
13048,2117
208512,20
144465,43
477713,114
396070,387
27227,693
238432,41
276333,398
