169960,2243,304737048
161047,99,17910935
259020,99,14087539
124565,99,33407720
141299,99,41469840
158980,99,36025242
251137,95,8829114
180812,99,20621299
163774,99,13786942
94452,99,14214550
366668,94,8474459
277645,93,7533252
467661,96,10085783
332349,93,7401522
401347,86,3684093
67774,99,14441544
242328,92,6818307
392816,83,2866973
317738,91,6108445
428656,93,7841378
196547,99,14369942
367852,81,2311086
635109,79,1870188
395931,84,3252376
125366,93,7324519
-1,0
-1,0
-1,0
-1,0
-1,0
-1,0
-1,0
227133,359
1503522,2
797987,7
102773,205
286401,105
176974,34
271040,6
-1,404
-1,1764
134686,628
331889,164
209607,859
119224,529
65877,688
-1,0
75142,77
146453,317
98656,85
12852,1336
172950,282
-1,2
-1,1
66576,270
-1,0
212639,57
-1,0
329256,5
197117,33
136509,140
179470,25
397425,25
233873,120
294434,177
214143,135
252060,25
24771,200
130977,141
150615,323
300213,86
324801,50
172216,75
243936,50
133599,310
379369,687
124764,109
125983,138
401124,26
-1,4
58927,15
232464,1
-1,0
122225,9
-1,1
268263,7
199859,51
68555,352
-1,1
143403,113
-1,0
516540,10
-1,0
-1,0
156104,180
160693,27
22082,910
232766,27
97108,24
55455,394
32437,320
-1,0
-1,0
332143,24
191949,33
-1,0
-1,0
-1,3
12683,2117
207341,20
143265,43
474835,114
394296,387
26196,693
236268,41
274308,398
