168992,2243,304700008
160697,99,17909794
258218,99,14087539
123966,99,33385716
140629,99,41462130
158244,99,36025242
250666,95,8829114
179925,99,20621264
163115,99,13786942
93999,99,14214550
366003,94,8474459
276995,93,7527102
466516,96,10085783
331316,93,7401522
400237,86,3684093
67524,99,14441544
241431,92,6818307
391615,83,2866973
316914,91,6108445
427243,93,7841378
195904,99,14369942
366669,81,2311086
633394,79,1870188
394710,84,3252376
124046,93,7324519
-1,0
-1,0
-1,0
-1,0
-1,0
-1,0
-1,0
226361,359
1500007,2
796376,7
102453,205
285687,105
176422,34
270408,6
-1,404
-1,1764
134542,628
330332,164
208606,859
118234,529
65440,688
-1,0
74572,77
145319,317
98335,85
12820,1336
171144,282
-1,2
-1,1
66253,270
-1,0
212222,57
-1,0
328347,5
196757,33
136158,140
179189,25
396567,25
233513,120
293797,177
213868,135
251375,25
24449,200
129918,141
150321,323
299224,86
323093,50
171670,75
243437,50
133472,310
378937,687
124503,109
125677,138
398617,26
-1,4
57123,15
231874,1
-1,0
121635,9
-1,1
267735,7
198705,51
68151,352
-1,1
143096,113
-1,0
515179,10
-1,0
-1,0
155598,180
160310,27
21972,910
230778,27
96424,24
54772,394
32138,320
-1,0
-1,0
331294,24
191419,33
-1,0
-1,0
-1,3
12644,2112
206916,20
142902,43
473949,114
393710,387
25853,693
235573,41
273765,398
