171984,2243,305296402
161911,99,17910935
260741,99,14087539
126062,99,33407720
142742,99,41469840
160346,99,36025242
252227,95,8829114
182650,99,20621299
147770,99,14043392
95535,99,14214550
368017,94,8474459
271983,93,7835340
469683,96,10085783
334425,93,7401522
403548,86,3684093
68391,99,14441544
243959,92,6818307
394842,83,2866973
319485,91,6108445
431411,93,7841378
197976,99,14369942
370240,81,2311086
638396,79,1870188
398316,84,3252376
128238,93,7325335
-1,0
-1,0
-1,0
-1,0
-1,0
-1,0
-1,0
228668,359
1509742,2
801329,7
103448,205
287802,105
178019,34
272270,6
-1,404
-1,1764
134918,628
334975,164
211772,859
121174,529
66693,688
-1,0
76371,77
148649,317
99396,85
12941,1336
176355,282
-1,2
-1,1
67298,270
-1,0
213446,57
-1,0
330936,5
197915,33
137168,140
179955,25
399211,25
234685,120
295841,177
214779,135
253583,25
25517,200
133097,141
151260,323
302195,86
327824,50
173390,75
244914,50
133885,310
380225,687
125174,109
126580,138
406231,26
-1,4
61805,15
233561,1
-1,0
123463,9
-1,1
269272,7
202208,51
69403,352
-1,1
144089,113
-1,0
519402,10
-1,0
-1,0
157011,180
161386,27
22303,910
236627,27
98474,24
56744,394
33035,320
-1,0
-1,0
333767,24
193031,33
-1,0
-1,0
-1,3
12924,2117
208054,20
144041,43
476700,114
395330,387
26895,693
237671,41
275631,398
