171660,2243,305296402
161889,99,17910935
260608,99,14087539
125926,99,33407720
142565,99,41469840
160267,99,36025242
252071,95,8829114
182483,99,20621299
147554,99,14043392
95359,99,14214550
367797,94,8474459
271739,93,7835340
469570,96,10085783
334047,93,7401522
403306,86,3684093
68309,99,14441544
243705,92,6818307
394786,83,2866973
319261,91,6108445
430995,93,7841378
197722,99,14369942
369929,81,2311086
638095,79,1870188
397992,84,3252376
127748,93,7325335
-1,0
-1,0
-1,0
-1,0
-1,0
-1,0
-1,0
228424,359
1508771,2
800829,7
103347,205
287585,105
177847,34
272088,6
-1,404
-1,1764
135045,628
334633,164
211494,859
120870,529
66555,688
-1,0
76167,77
148301,317
99301,85
12930,1336
175924,282
-1,2
-1,1
67166,270
-1,0
213399,57
-1,0
330711,5
197803,33
137087,140
179892,25
398978,25
234567,120
295617,177
214690,135
253355,25
25383,200
132691,141
151160,323
301910,86
327417,50
173200,75
244771,50
133860,310
380103,687
125111,109
126487,138
405346,26
-1,4
61292,15
233410,1
-1,0
123164,9
-1,1
269133,7
201849,51
69253,352
-1,1
144011,113
-1,0
518993,10
-1,0
-1,0
156943,180
161284,27
22259,910
236073,27
98244,24
56530,394
32945,320
-1,0
-1,0
333538,24
192877,33
-1,0
-1,0
-1,3
12873,2117
208060,20
143964,43
476418,114
395403,387
26762,693
237471,41
275427,398
