168826,2242,304254220
160055,99,17909794
257082,99,14087539
123025,99,33385716
139730,99,41462130
157371,99,36025242
249967,95,8829114
178738,99,20621264
162400,99,13786942
93408,99,14214550
365088,94,8474459
290891,92,7081842
465063,96,10085783
330047,93,7401522
398735,86,3684093
67227,99,14441544
240388,92,6818307
390059,83,2866973
315865,91,6108445
425411,93,7841378
195067,99,14369942
365018,81,2311086
631080,79,1870188
393126,84,3252376
122400,93,7323991
-1,0
-1,0
-1,0
-1,0
-1,0
-1,0
-1,0
225469,359
1496131,2
794401,7
102061,205
284869,105
175829,34
269639,6
-1,404
-1,1764
134244,628
328241,164
207051,859
117226,529
65000,688
-1,0
73931,77
144129,317
97922,85
12789,1336
168642,282
-1,2
-1,1
65865,270
-1,0
211616,57
-1,0
327204,5
196253,33
135751,140
178851,25
395480,25
233063,120
292988,177
213483,135
250557,25
24027,200
128782,141
149898,323
298034,86
321075,50
171061,75
242911,50
133305,310
378391,687
124236,109
125307,138
395760,26
-1,4
55330,15
231192,1
-1,0
120955,9
-1,1
267100,7
197320,51
67716,352
-1,1
142556,113
-1,0
513412,10
-1,0
-1,0
154939,180
159844,27
21818,910
228883,27
95653,24
54070,394
31772,320
-1,0
-1,0
330273,24
190746,33
-1,0
-1,0
-1,3
12519,2112
206409,20
142438,43
472674,114
392737,387
25465,693
234792,41
273019,398
