171166,2243,305006865
161589,99,17910935
260089,99,14087539
125480,99,33407720
142158,99,41469840
159828,99,36025242
251743,95,8829114
181923,99,20621299
164444,99,13786942
95092,99,14214550
367408,94,8474459
271919,93,7802253
468948,96,10085783
333532,93,7401522
402704,86,3684093
68128,99,14441544
243276,92,6818307
394135,83,2866973
318783,91,6108445
430266,93,7841378
197365,99,14369942
369243,81,2311086
637157,79,1870188
397313,84,3252376
127016,93,7325335
-1,0
-1,0
-1,0
-1,0
-1,0
-1,0
-1,0
228005,359
1507118,2
799919,7
103157,205
287209,105
177559,34
271707,6
-1,404
-1,1764
134919,628
333760,164
210929,859
120350,529
66343,688
-1,0
75861,77
147730,317
99107,85
12900,1336
175057,282
-1,2
-1,1
66985,270
-1,0
213155,57
-1,0
330273,5
197552,33
136872,140
179734,25
398432,25
234334,120
295265,177
214511,135
252913,25
25166,200
132146,141
150981,323
301356,86
326581,50
172904,75
244490,50
133768,310
379852,687
124981,109
126325,138
403996,26
-1,4
60579,15
233112,1
-1,0
122850,9
-1,1
268825,7
201215,51
69038,352
-1,1
143804,113
-1,0
518227,10
-1,0
-1,0
156660,180
161083,27
22194,910
235022,27
97876,24
56181,394
32780,320
-1,0
-1,0
333091,24
192552,33
-1,0
-1,0
-1,3
12807,2117
207823,20
143738,43
475875,114
395057,387
26580,693
237044,41
275038,398
