50236,2376,391379691
237992,99,15446771
235408,99,14432463
394966,99,15510934
344579,99,24628802
460843,99,16159366
69677,99,13360743
201310,99,19615550
156083,99,13893723
101228,99,14041907
43259,99,14549040
26664,99,18271504
436043,99,13034519
21033,99,16048009
103489,99,13116282
6836,99,32963885
51214,99,13644426
89887,99,13124437
132060,99,13366958
190942,99,13771825
33716,99,28784412
78350,99,13098131
94954,99,13234331
44591,99,13344867
20814,99,13936806
-1,0
-1,0
-1,0
-1,0
-1,0
-1,0
-1,0
148323,530
110462,85
189507,52
252722,75
119664,221
98280,61
98720,36
276363,567
-1,2500
108779,860
345052,157
-1,0
95597,572
-1,0
-1,0
232264,22
252067,12
-1,0
159231,415
-1,0
346256,5
-1,1
268739,16
400676,8
146283,131
-1,0
296498,9
110732,62
308723,14
-1,0
309677,28
351697,46
171218,311
348074,45
152043,25
-1,0
-1,1
157537,305
120925,380
-1,0
41273,159
138845,136
242724,160
41335,3892
157644,63
156946,103
482283,14
-1,0
-1,0
70474,5
-1,0
-1,3
-1,0
380767,5
-1,0
180033,95
-1,1
457223,17
-1,0
308269,22
-1,0
191199,9
142557,193
317268,9
158140,230
-1,0
-1,1
-1,0
-1,1
-1,0
-1,0
99555,807
173846,38
-1,0
-1,0
220094,6
-1,1
-1,1
-1,1
369086,209
334342,474
-1,0
153012,97
437242,94
