51418,2376,392638443
239721,99,15446771
237407,99,14432463
398890,99,15510934
347740,99,24628802
464061,99,16159366
70241,99,13360743
203758,99,19615550
157466,99,13893723
102573,99,14041907
43695,99,14549040
26916,99,18271504
438414,99,13034519
19220,99,16295209
104104,99,13116282
6486,99,33975437
51860,99,13644426
90543,99,13124437
132848,99,13366958
192893,99,13771825
34054,99,28784412
79143,99,13098131
95826,99,13234331
45269,99,13344867
21644,99,13936806
-1,0
-1,0
-1,0
-1,0
-1,0
-1,0
-1,0
149780,530
112071,85
191241,52
254671,75
120681,221
99188,61
99507,36
276610,567
-1,2500
109097,860
349140,157
-1,0
97574,572
-1,0
-1,0
236791,22
255566,12
-1,0
160121,415
-1,0
348429,5
-1,1
271292,16
403209,8
146976,131
-1,0
298439,9
111410,62
310263,14
-1,0
311316,28
353484,46
171992,311
349726,45
154281,25
-1,0
-1,1
158385,305
121621,380
-1,0
41700,159
139532,136
243299,160
41448,3892
158439,63
157925,103
489381,14
-1,0
-1,0
71201,5
-1,0
-1,3
-1,0
382682,5
-1,0
182909,95
-1,1
461678,17
-1,0
310280,22
-1,0
193244,9
143640,193
319754,9
160637,230
-1,0
-1,1
-1,0
-1,1
-1,0
-1,0
100062,807
175105,38
-1,0
-1,0
220796,6
-1,1
-1,1
-1,1
370837,209
335435,474
-1,0
154163,97
440186,94
