48490,2376,390943179
235379,99,15446771
232510,99,14432463
389009,99,15510934
339770,99,24628802
455633,99,16159366
68837,99,13360743
197689,99,19615550
153999,99,13893723
99475,99,14041907
42706,99,14549040
26190,99,18271504
432235,99,13034519
21266,99,15963289
102417,99,13116282
6907,99,32614073
50376,99,13644426
89207,99,13122457
130842,99,13366958
188166,99,13771825
33274,99,28784412
77086,99,13098131
93125,99,13234331
43673,99,13344867
19712,99,13936806
-1,0
-1,0
-1,0
-1,0
-1,0
-1,0
-1,0
146482,530
108595,85
187324,52
250169,75
118228,221
97065,61
97697,36
275220,567
-1,2500
108111,860
338802,157
-1,0
92864,572
-1,0
-1,0
226288,22
246989,12
-1,0
158016,415
-1,0
343531,5
-1,1
265406,16
397288,8
145127,131
-1,0
293484,9
109855,62
306478,14
-1,0
307413,28
349406,46
170117,311
345999,45
149323,25
-1,0
-1,1
156406,305
119867,380
-1,0
40730,159
137967,136
241886,160
41145,3892
156629,63
155669,103
472508,14
-1,0
-1,0
69456,5
-1,0
-1,3
-1,0
377963,5
-1,0
176353,95
-1,1
450523,17
-1,0
305209,22
-1,0
188440,9
140676,193
313627,9
154346,230
-1,0
-1,1
-1,0
-1,1
-1,0
-1,0
98813,807
171993,38
-1,0
-1,0
219025,6
-1,1
-1,1
-1,1
366574,209
332195,474
-1,0
151467,97
433165,94
