51546,2376,392985055
239923,99,15446771
237633,99,14432463
399352,99,15510934
348142,99,24628802
464474,99,16159366
70299,99,13360743
204039,99,19615550
157630,99,13893723
96262,99,14208603
43749,99,14549040
26940,99,18271504
438759,99,13034519
18993,99,16330969
104193,99,13116282
6435,99,34119593
51939,99,13644426
90630,99,13124437
132946,99,13366958
193092,99,13771825
34097,99,28784412
79230,99,13098131
95905,99,13234331
45327,99,13344867
21751,99,13936806
-1,0
-1,0
-1,0
-1,0
-1,0
-1,0
-1,0
149927,530
112229,85
191439,52
254886,75
120787,221
99310,61
99600,36
276655,567
-1,2500
109210,860
349610,157
-1,0
97761,572
-1,0
-1,0
237201,22
255972,12
-1,0
160250,415
-1,0
348666,5
-1,1
271571,16
403497,8
147064,131
-1,0
298643,9
111488,62
310447,14
-1,0
311525,28
353674,46
172093,311
349919,45
154482,25
-1,0
-1,1
158476,305
121701,380
-1,0
41750,159
139608,136
243387,160
41463,3892
158534,63
158037,103
490052,14
-1,0
-1,0
71283,5
-1,0
-1,3
-1,0
382908,5
-1,0
183180,95
-1,1
462119,17
-1,0
310497,22
-1,0
193472,9
143774,193
319991,9
160908,230
-1,0
-1,1
-1,0
-1,1
-1,0
-1,0
100119,807
175286,38
-1,0
-1,0
220897,6
-1,1
-1,1
-1,1
371050,209
335619,474
-1,0
154301,97
440534,94
