50637,2376,391546083
238572,99,15446771
236045,99,14432463
396209,99,15510934
345642,99,24628802
461915,99,16159366
69838,99,13360743
202125,99,19615550
156505,99,13893723
101655,99,14041907
43384,99,14549040
26752,99,18271504
436789,99,13034519
20837,99,16081069
103714,99,13116282
6802,99,33097217
51403,99,13644426
90036,99,13124437
132305,99,13366958
191595,99,13771825
33804,99,28784412
78576,99,13098131
95240,99,13234331
44807,99,13344867
21071,99,13936806
-1,0
-1,0
-1,0
-1,0
-1,0
-1,0
-1,0
148774,530
110935,85
190042,52
253334,75
119949,221
98516,61
98937,36
276513,567
-1,2500
108896,860
346312,157
-1,0
96220,572
-1,0
-1,0
233775,22
253171,12
-1,0
159495,415
-1,0
346865,5
-1,1
269483,16
401429,8
146466,131
-1,0
297123,9
110895,62
309188,14
-1,0
310132,28
352228,46
171442,311
348571,45
152672,25
-1,0
-1,1
157806,305
121136,380
-1,0
41402,159
139071,136
242902,160
41371,3892
157844,63
157249,103
484510,14
-1,0
-1,0
70703,5
-1,0
-1,3
-1,0
381318,5
-1,0
180845,95
-1,1
458609,17
-1,0
308890,22
-1,0
191820,9
142856,193
318051,9
158907,230
-1,0
-1,1
-1,0
-1,1
-1,0
-1,0
99703,807
174222,38
-1,0
-1,0
220269,6
-1,1
-1,1
-1,1
369619,209
334737,474
-1,0
153362,97
438110,94
