51967,2376,393331058
240583,99,15446771
238411,99,14432463
400851,99,15510934
349349,99,24628802
465756,99,16159366
70479,99,13360743
204936,99,19615550
158154,99,13893723
86580,99,14543951
43643,99,14559695
27053,99,18271504
439800,99,13034519
19089,99,16330969
104467,99,13116282
6442,99,34119593
52189,99,13644426
90877,99,13124437
133284,99,13366958
193706,99,13771825
34205,99,28784412
79542,99,13098131
96246,99,13234331
45539,99,13344867
22020,99,13936806
-1,0
-1,0
-1,0
-1,0
-1,0
-1,0
-1,0
150417,530
112764,85
192037,52
255559,75
121137,221
99603,61
99880,36
276784,567
-1,2500
109416,860
351028,157
-1,0
98419,572
-1,0
-1,0
238684,22
257196,12
-1,0
160602,415
-1,0
349386,5
-1,1
272433,16
404432,8
147333,131
-1,0
299290,9
111710,62
310942,14
-1,0
312068,28
354290,46
172372,311
350475,45
155132,25
-1,0
-1,1
158764,305
121960,380
-1,0
41899,159
139859,136
243586,160
41499,3892
158772,63
158349,103
492480,14
-1,0
-1,0
71514,5
-1,0
-1,3
-1,0
383622,5
-1,0
184149,95
-1,1
463579,17
-1,0
311197,22
-1,0
194130,9
144173,193
320897,9
161731,230
-1,0
-1,1
-1,0
-1,1
-1,0
-1,0
100290,807
175749,38
-1,0
-1,0
221167,6
-1,1
-1,1
-1,1
371693,209
336108,474
-1,0
154668,97
441513,94
