48973,2376,391152879
236266,99,15446771
233442,99,14432463
390844,99,15510934
341199,99,24628802
457179,99,16159366
69082,99,13360743
198806,99,19615550
154601,99,13893723
99982,99,14041907
42853,99,14549040
26359,99,18271504
433365,99,13034519
21066,99,16003489
102752,99,13116282
6847,99,32782583
50644,99,13644426
89332,99,13123447
131232,99,13366958
189018,99,13771825
33409,99,28784412
77527,99,13098131
93885,99,13234331
43938,99,13344867
20020,99,13936806
-1,0
-1,0
-1,0
-1,0
-1,0
-1,0
-1,0
147017,530
109143,85
187926,52
250879,75
118653,221
97417,61
97989,36
275651,567
-1,2500
108316,860
340959,157
-1,0
93580,572
-1,0
-1,0
228004,22
248475,12
-1,0
158368,415
-1,0
344331,5
-1,1
266434,16
398266,8
145513,131
-1,0
294355,9
110096,62
307143,14
-1,0
308080,28
350097,46
170458,311
346641,45
150131,25
-1,0
-1,1
156734,305
120196,380
-1,0
40905,159
138171,136
242145,160
41197,3892
156916,63
156050,103
475466,14
-1,0
-1,0
69764,5
-1,0
-1,3
-1,0
378807,5
-1,0
177445,95
-1,1
452488,17
-1,0
306101,22
-1,0
189228,9
141322,193
314685,9
155550,230
-1,0
-1,1
-1,0
-1,1
-1,0
-1,0
99043,807
172542,38
-1,0
-1,0
219355,6
-1,1
-1,1
-1,1
367314,209
332822,474
-1,0
151965,97
434320,94
