47211,2376,388720603
232699,99,15446771
229624,99,14432463
383256,99,15510934
335434,99,24628802
451280,99,16159366
68063,99,13360743
194469,99,19615550
152345,99,13893723
97954,99,14041907
42278,99,14549040
25952,99,18271504
429435,99,13034519
25548,99,15528419
101457,99,13116282
7824,99,30830327
49660,99,13644426
89043,99,13118497
129882,99,13366958
184909,99,13771825
32913,99,28784412
75884,99,13098131
91925,99,13234331
42787,99,13344867
18686,99,13936806
-1,0
-1,0
-1,0
-1,0
-1,0
-1,0
-1,0
144894,530
107100,85
185598,52
248328,75
116885,221
96094,61
96846,36
274651,567
-1,2500
107727,860
334644,157
-1,0
90361,572
-1,0
-1,0
221753,22
242168,12
-1,0
157170,415
-1,0
341287,5
-1,1
262855,16
394961,8
144252,131
-1,0
291350,9
109250,62
304887,14
-1,0
305705,28
347969,46
169339,311
344640,45
147114,25
-1,0
-1,1
155542,305
119151,380
-1,0
40267,159
137362,136
241475,160
41027,3892
155991,63
154686,103
464751,14
68643,5
-1,0
-1,0
-1,3
-1,0
375739,5
-1,0
173730,95
-1,1
445257,17
-1,0
303027,22
-1,0
186370,9
139179,193
310339,9
150713,230
-1,0
-1,1
-1,0
-1,1
-1,0
-1,0
98186,807
170627,38
-1,0
-1,0
218287,6
-1,1
-1,1
-1,1
364913,209
330564,474
-1,0
150145,97
430489,94
