49091,2376,391379691
236492,99,15446771
233690,99,14432463
391410,99,15510934
341599,99,24628802
457661,99,16159366
69149,99,13360743
199142,99,19615550
154779,99,13893723
100137,99,14041907
42906,99,14549040
26401,99,18271504
433706,99,13034519
20698,99,16048009
102834,99,13116282
6779,99,32963885
50716,99,13644426
89216,99,13124437
131360,99,13366958
189274,99,13771825
33443,99,28784412
77659,99,13098131
94037,99,13234331
44015,99,13344867
20128,99,13936806
-1,0
-1,0
-1,0
-1,0
-1,0
-1,0
-1,0
147193,530
109331,85
188115,52
251078,75
118771,221
97513,61
98068,36
275734,567
-1,2500
108378,860
341505,157
-1,0
93808,572
-1,0
-1,0
228499,22
248893,12
-1,0
158454,415
-1,0
344575,5
-1,1
266712,16
398564,8
145628,131
-1,0
294649,9
110160,62
307346,14
-1,0
308270,28
350267,46
170556,311
346795,45
150354,25
-1,0
-1,1
156841,305
120296,380
-1,0
40948,159
138247,136
242219,160
41212,3892
156992,63
156150,103
476267,14
-1,0
-1,0
69843,5
-1,0
-1,3
-1,0
379047,5
-1,0
177766,95
-1,1
453035,17
-1,0
306362,22
-1,0
189480,9
141502,193
315007,9
155881,230
-1,0
-1,1
-1,0
-1,1
-1,0
-1,0
99098,807
172693,38
-1,0
-1,0
219447,6
-1,1
-1,1
-1,1
367520,209
333006,474
-1,0
152105,97
434674,94
