69138,2353,386201428
218829,99,15860533
270796,99,13901418
274420,99,19160182
200513,99,33718420
151099,99,36868755
106871,99,13143058
204811,99,19277088
67987,99,17195088
188549,99,13169504
76689,99,13646188
176812,99,13036898
33308,99,18028072
33422,99,15167996
111557,99,13090801
179078,99,13046466
111106,99,13137608
119466,99,13038830
180472,99,13078280
129378,99,15788397
58679,99,22232800
113303,99,13037953
148982,99,13035423
106474,99,13126620
251042,76,1415050
-1,0
-1,0
-1,0
-1,0
-1,0
-1,0
-1,0
30567,1579
27527,343
29812,335
58044,327
36695,410
32410,139
128111,25
322703,535
-1,2500
-1,2
339227,157
177083,2376
30002,794
141043,332
118056,733
12657,261
213385,67
-1,0
114365,514
423237,33
51620,37
201565,43
292345,6
119763,767
135974,147
92039,9
88667,70
50341,140
251535,35
-1,1
33961,207
106142,330
130991,386
103492,335
35067,70
-1,0
-1,1
87938,561
95526,504
314803,50
37808,165
112123,176
82578,474
110157,2452
184368,40
69958,256
92697,244
-1,0
-1,0
118130,3
163122,45
-1,2
-1,0
168374,11
104587,163
83089,269
79592,77
172938,93
-1,0
136375,40
-1,0
189873,8
108507,231
27027,97
53649,549
248278,25
-1,2
346082,36
84874,25
121988,6
-1,0
148214,492
39998,131
161174,24
-1,0
45047,22
126681,81
236540,12
279639,5
247152,392
658477,188
-1,0
19420,677
190105,700
