73649,2353,387476274
222387,99,15892874
274979,99,13930995
279357,99,19383874
205839,99,33875920
155437,99,37008653
108774,99,13144598
211225,99,19317117
70105,99,17196184
191233,99,13179798
78700,99,13646188
179399,99,13037633
34114,99,18028240
34963,99,15168586
113563,99,13091391
183820,99,13047149
50340,99,13684600
120191,99,13040771
183463,99,13078987
133502,99,15798057
59810,99,22308093
116324,99,13037953
152959,99,13035423
109556,99,13126620
271795,76,1416570
-1,0
-1,0
-1,0
-1,0
-1,0
-1,0
-1,0
31278,1592
28945,343
30762,335
59041,328
37068,415
32455,143
121137,28
324701,535
-1,2500
-1,2
351413,157
184975,2376
31745,797
146673,332
121429,733
13268,261
222849,67
-1,0
116266,514
467987,33
52830,37
204008,43
299753,6
119268,781
138047,147
96479,9
89987,70
51417,140
255374,35
-1,1
34847,207
107106,330
132587,386
104307,335
37054,70
-1,0
-1,1
89287,561
97210,504
326283,50
38896,165
113571,176
83272,474
110834,2452
186792,40
71313,256
99277,244
-1,0
-1,0
120608,3
166869,45
-1,2
-1,0
171094,11
109435,163
86567,269
80785,77
144361,114
-1,0
138933,40
-1,0
195638,8
111132,231
27438,97
55412,552
260902,25
-1,2
264538,94
89296,25
125156,6
-1,0
150328,492
40540,131
166937,24
-1,0
45500,22
132976,81
239957,12
284847,5
250615,392
666806,188
-1,0
20004,677
192708,700
