72633,2353,386922236
221345,99,15892287
273423,99,13930995
277302,99,19376300
204321,99,33868675
154367,99,36995700
108252,99,13144598
209560,99,19316537
69603,99,17196184
190237,99,13178924
78240,99,13646188
178482,99,13037633
33916,99,18028072
34601,99,15168586
113036,99,13091391
182602,99,13047149
106609,99,13160557
119530,99,13040757
182702,99,13078987
132546,99,15798057
59424,99,22308093
115657,99,13037953
152059,99,13035423
108855,99,13126620
267219,76,1416570
-1,0
-1,0
-1,0
-1,0
-1,0
-1,0
-1,0
31021,1592
28600,343
30516,335
58763,328
36740,415
32131,143
120619,28
324399,535
-1,2500
-1,2
348626,157
183166,2376
31220,797
145379,332
120736,733
13112,261
220841,67
-1,0
115797,514
457694,33
52510,37
203084,43
298009,6
118818,781
137577,147
95527,9
89729,70
51156,140
254523,35
-1,1
34633,207
106907,330
132209,386
104123,335
36586,70
-1,0
-1,1
88996,561
96837,504
323945,50
38628,165
113195,176
83125,474
110691,2452
186264,40
71012,256
97771,244
-1,0
-1,0
120008,3
166025,45
-1,2
-1,0
170437,11
108421,163
85685,269
80483,77
143790,114
-1,0
138378,40
-1,0
194319,8
110508,231
27349,97
54894,552
258155,25
-1,2
260892,94
88256,25
124306,6
-1,0
149909,492
40415,131
165541,24
-1,0
45417,22
131427,81
239136,12
283567,5
249766,392
664833,188
-1,0
19848,677
192038,700
