68154,2353,385459706
217538,99,15859825
269032,99,13901418
277726,99,18886074
200036,99,33589416
150384,99,36779191
110171,99,13132938
203309,99,19259002
67568,99,17192898
187976,99,13167114
76290,99,13645868
181058,99,13035638
33188,99,18028072
32980,99,15166561
111702,99,13089266
177996,99,13046086
126945,99,13086705
118793,99,13038830
179689,99,13078280
129370,99,15722417
58819,99,22153251
112337,99,13037953
148089,99,13035423
105707,99,13126620
246320,76,1400860
-1,0
-1,0
-1,0
-1,0
-1,0
-1,0
-1,0
30285,1579
27244,343
29649,335
57801,327
36284,410
32154,139
127649,25
322282,535
-1,2500
-1,2
336734,157
175372,2376
29649,793
139691,332
117212,733
12532,261
210848,67
-1,0
114025,514
410648,33
51397,37
200914,43
290775,6
135512,675
135485,147
90932,9
88399,70
50176,140
250811,35
-1,1
33785,207
105980,330
130716,386
103351,335
34604,70
-1,0
-1,1
87719,561
95217,504
311170,50
37545,165
111864,176
82485,474
110014,2452
183982,40
69677,256
91149,244
-1,0
-1,0
117566,3
162255,45
-1,2
-1,0
167743,11
103347,163
82406,269
79391,77
172079,93
-1,0
135769,40
-1,0
188681,8
107775,231
26936,97
54123,542
245536,25
-1,2
341964,36
83877,25
121238,6
-1,0
147752,492
39896,131
159909,24
-1,0
44957,22
125220,81
235757,12
278556,5
246515,392
656572,188
-1,0
19276,677
190688,693
