69403,2353,386698011
218593,99,15876440
269995,99,13915149
270805,99,19360453
199703,99,33838537
150875,99,36966263
106515,99,13144598
204623,99,19305563
68117,99,17196184
188607,99,13170724
76810,99,13646188
174950,99,13037633
33352,99,18028072
33523,99,15168586
111458,99,13091391
178942,99,13047149
111260,99,13137862
117600,99,13040757
180506,99,13078987
129443,99,15798057
58774,99,22233612
113530,99,13037953
149200,99,13035423
106671,99,13126620
252399,76,1415810
-1,0
-1,0
-1,0
-1,0
-1,0
-1,0
-1,0
30232,1592
27606,343
29864,335
57913,328
35813,415
31365,143
119306,28
322834,535
-1,2500
-1,2
339943,157
177643,2376
29694,797
141412,332
118269,733
12693,261
213989,67
-1,0
114464,514
426124,33
51677,37
201731,43
292776,6
117569,781
136130,147
92393,9
88753,70
50427,140
251757,35
-1,1
34007,207
106195,330
131083,386
103547,335
35187,70
-1,0
-1,1
88013,561
95618,504
315593,50
37868,165
112203,176
82632,474
110195,2452
184518,40
70043,256
93087,244
-1,0
-1,0
118267,3
163370,45
-1,2
-1,0
168546,11
104855,163
83282,269
79671,77
141947,114
-1,0
136525,40
-1,0
190220,8
108707,231
27052,97
53256,552
248887,25
-1,2
277755,73
85172,25
122143,6
-1,0
148360,492
40023,131
161466,24
-1,0
45073,22
127034,81
236803,12
279956,5
247350,392
658899,188
-1,0
19466,677
190237,700
