71652,2353,386859301
220505,99,15892287
272200,99,13930995
275491,99,19376300
203098,99,33868675
153451,99,36995700
107790,99,13144598
208246,99,19316407
69183,99,17196184
190627,99,13173124
77824,99,13646188
177695,99,13037633
33765,99,18028072
34319,99,15168586
112700,99,13091391
181566,99,13047149
112644,99,13138084
119089,99,13040757
182120,99,13078987
131697,99,15798057
59281,99,22273561
115159,99,13037953
151307,99,13035423
108254,99,13126620
262977,76,1416570
-1,0
-1,0
-1,0
-1,0
-1,0
-1,0
-1,0
30785,1592
28271,343
30322,335
58510,328
36463,415
31911,143
120186,28
324284,535
-1,2500
-1,2
346428,157
181801,2376
30790,797
144209,332
120066,733
12987,261
218908,67
-1,0
115411,514
450232,33
52252,37
203165,43
296454,6
118463,781
137274,147
94746,9
89475,70
50935,140
253816,35
-1,1
34434,207
106716,330
131859,386
103969,335
36178,70
-1,0
-1,1
88708,561
96507,504
321784,50
38400,165
112906,176
82992,474
110549,2452
185751,40
70743,256
96410,244
-1,0
-1,0
119506,3
165386,45
-1,2
-1,0
169863,11
107398,163
84923,269
80240,77
143317,114
-1,0
137858,40
-1,0
193118,8
110102,231
27273,97
54448,552
255437,25
-1,2
257724,94
87341,25
123715,6
-1,0
149487,492
40313,131
164289,24
-1,0
45331,22
130117,81
238639,12
282618,5
249097,392
663693,188
-1,0
19742,677
191542,700
