72876,2353,387446279
221638,99,15892287
273824,99,13930995
277875,99,19376300
204747,99,33868675
154668,99,36995700
108378,99,13144598
210005,99,19316537
69727,99,17196184
190537,99,13178924
78351,99,13646188
178731,99,13037633
33979,99,18028072
34697,99,15168586
113174,99,13091391
182931,99,13047149
49967,99,13684600
119712,99,13040757
182885,99,13078987
132807,99,15798057
59503,99,22308093
115843,99,13037953
152299,99,13035423
109054,99,13126620
268311,76,1416570
-1,0
-1,0
-1,0
-1,0
-1,0
-1,0
-1,0
31084,1592
28672,343
30563,335
58831,328
36813,415
32219,143
120754,28
324476,535
-1,2500
-1,2
349382,157
183589,2376
31355,797
145727,332
120914,733
13158,261
221387,67
-1,0
115930,514
460004,33
52601,37
203334,43
298468,6
118946,781
137729,147
95795,9
89802,70
51228,140
254794,35
-1,1
34686,207
106971,330
132316,386
104183,335
36711,70
-1,0
-1,1
89084,561
96924,504
324624,50
38693,165
113305,176
83185,474
110729,2452
186405,40
71106,256
98153,244
-1,0
-1,0
120173,3
166321,45
-1,2
-1,0
170614,11
108699,163
85921,269
80567,77
143939,114
-1,0
138520,40
-1,0
194675,8
110659,231
27376,97
55017,552
258963,25
-1,2
261849,94
88531,25
124559,6
-1,0
150039,492
40452,131
165948,24
-1,0
45449,22
131800,81
239361,12
283902,5
249999,392
665374,188
-1,0
19882,677
192205,700
