67495,2353,384049152
216563,99,15859135
267664,99,13901418
282614,99,18579002
199910,99,33477543
149611,99,36759489
110358,99,13131423
202403,99,19243306
76400,99,16456083
187591,99,13165714
75996,99,13645868
180565,99,13035638
33106,99,18028072
32537,99,15163487
112727,99,13085938
176773,99,13045656
130093,99,13076019
118292,99,13038830
179230,99,13078280
128224,99,15722417
59798,99,21954978
109781,99,13037953
147496,99,13035423
105143,99,13126620
243125,76,1400860
-1,0
-1,0
-1,0
-1,0
-1,0
-1,0
-1,0
30120,1579
27075,343
29529,335
57636,327
36071,410
31964,139
127333,25
321979,535
-1,2500
-1,2
335328,157
174209,2376
29521,791
138807,332
116704,733
23068,173
209302,67
-1,0
113783,514
402119,33
51234,37
200457,43
289796,6
135103,675
135234,147
90537,9
88227,70
50032,140
250326,35
-1,1
33679,207
105861,330
130524,386
103237,335
34344,70
-1,0
-1,1
87575,561
103639,455
308697,50
37402,165
111674,176
82385,474
109894,2452
183645,40
69506,256
90176,244
117198,3
-1,0
161701,45
-1,2
-1,0
167378,11
102576,163
81981,269
79209,77
171557,93
-1,0
135471,40
-1,0
187870,8
107392,231
26862,97
53728,542
243977,25
-1,2
397569,17
83208,25
120766,6
-1,0
147382,492
39813,131
159073,24
-1,0
44896,22
124257,81
235278,12
277822,5
245947,392
655287,188
-1,0
19195,677
190315,693
