71812,2353,386859301
220655,99,15892287
272379,99,13930995
275790,99,19376300
203284,99,33868675
153586,99,36995700
107861,99,13144598
208474,99,19316407
69251,99,17196184
190845,99,13173124
77903,99,13646188
177866,99,13037633
33796,99,18028072
34376,99,15168586
112776,99,13091391
181734,99,13047149
112722,99,13138084
119095,99,13040757
182207,99,13078987
131833,99,15798057
59340,99,22273561
115234,99,13037953
151434,99,13035423
108345,99,13126620
263762,76,1416570
-1,0
-1,0
-1,0
-1,0
-1,0
-1,0
-1,0
30814,1592
28324,343
30351,335
58534,328
36505,415
31939,143
120266,28
324324,535
-1,2500
-1,2
346823,157
182023,2376
30863,797
144398,332
120166,733
13010,261
219205,67
-1,0
115456,514
451552,33
52307,37
203236,43
296697,6
118519,781
137324,147
94868,9
89522,70
50958,140
253914,35
-1,1
34460,207
106735,330
131903,386
103982,335
36253,70
-1,0
-1,1
88757,561
96550,504
322151,50
38431,165
112947,176
83013,474
110579,2452
185796,40
70779,256
96628,244
-1,0
-1,0
119598,3
165488,45
-1,2
-1,0
169944,11
107573,163
85060,269
80270,77
143377,114
-1,0
137941,40
-1,0
193321,8
110170,231
27285,97
54497,552
255831,25
-1,2
258226,94
87507,25
123815,6
-1,0
149560,492
40323,131
164485,24
-1,0
45345,22
130341,81
238732,12
282764,5
249197,392
663889,188
-1,0
19766,677
191608,700
