68942,2353,386071806
218539,99,15860533
270411,99,13901418
273884,99,19160182
200325,99,33699187
151175,99,36810904
106721,99,13143058
204414,99,19277088
67904,99,17195088
188286,99,13169504
76593,99,13646188
176628,99,13036898
33280,99,18028072
33340,99,15167996
111443,99,13090801
178801,99,13046466
121512,99,13109251
119273,99,13038830
180267,99,13078280
129137,99,15788397
58785,99,22208619
113070,99,13037953
148803,99,13035423
106272,99,13126620
250098,76,1415050
-1,0
-1,0
-1,0
-1,0
-1,0
-1,0
-1,0
30511,1579
27474,343
29777,335
57989,327
36616,410
32360,139
127987,25
322519,535
-1,2500
-1,2
338650,157
176614,2376
29916,794
140777,332
117868,733
12630,261
212884,67
-1,0
114290,514
420778,33
51576,37
201343,43
291958,6
119655,767
135794,147
91644,9
88592,70
50287,140
251307,35
-1,1
33922,207
106079,330
130910,386
103427,335
34990,70
-1,0
-1,1
87875,561
95437,504
314084,50
37754,165
112052,176
82542,474
110097,2452
184245,40
69892,256
92401,244
-1,0
-1,0
118003,3
162898,45
-1,2
-1,0
168223,11
104345,163
82938,269
79525,77
172680,93
-1,0
136231,40
-1,0
189607,8
108346,231
27008,97
53523,549
247586,25
-1,2
345091,36
84671,25
121810,6
-1,0
148105,492
39973,131
160885,24
-1,0
45016,22
126383,81
236295,12
279332,5
246979,392
658020,188
-1,0
19383,677
189955,700
