69865,2353,386698011
219140,99,15876440
270746,99,13915149
271938,99,19360453
200420,99,33838537
151471,99,36966263
106755,99,13144598
205431,99,19305563
68345,99,17196184
189140,99,13170724
77029,99,13646188
175434,99,13037633
33427,99,18028072
33683,99,15168586
111739,99,13091391
179537,99,13047149
111577,99,13137862
117910,99,13040757
180834,99,13078987
129930,99,15798057
58937,99,22233612
113901,99,13037953
149692,99,13035423
107030,99,13126620
254573,76,1415810
-1,0
-1,0
-1,0
-1,0
-1,0
-1,0
-1,0
30338,1592
27737,343
29957,335
58009,328
35957,415
31465,143
119457,28
323226,535
-1,2500
-1,2
341529,157
178610,2376
29887,797
141976,332
118632,733
12746,261
214970,67
-1,0
114658,514
431266,33
51804,37
202048,43
293575,6
117743,781
136426,147
93004,9
88896,70
50526,140
252164,35
-1,1
34085,207
106304,330
131245,386
103644,335
35412,70
-1,0
-1,1
88152,561
95814,504
316887,50
37962,165
112315,176
82703,474
110263,2452
184769,40
70189,256
93755,244
-1,0
-1,0
118522,3
163776,45
-1,2
-1,0
168817,11
105399,163
83623,269
79779,77
142293,114
-1,0
136797,40
-1,0
190774,8
109031,231
27100,97
53534,552
250086,25
-1,2
279463,73
85622,25
122485,6
-1,0
148593,492
40083,131
162032,24
-1,0
45129,22
127685,81
237144,12
280537,5
247700,392
659964,188
-1,0
19521,677
190487,700
