1278361,1642,28107838
1731776,75,1218906
1732818,72,899666
1608181,83,2872770
1634729,83,2891596
1760161,79,1851874
1294904,70,791577
1454148,83,2859910
974803,81,2331430
1121661,76,1358584
1142181,74,1146074
1410440,70,760055
1963394,65,459642
945679,76,1346164
1432058,70,739658
1827696,66,509648
1268557,66,509615
1488026,70,738460
912890,74,1172054
1026252,77,1547008
988303,77,1599929
1787323,42,46165
1505552,62,349435
1708216,50,107618
-1,1,0
-1,-1
-1,-1
-1,-1
-1,-1
-1,-1
-1,-1
-1,-1
977369,33
-1,-1
-1,-1
1634080,1
590162,32
-1,-1
-1,-1
-1,-1
-1,-1
161662,504
-1,-1
-1,-1
-1,-1
-1,-1
-1,-1
-1,-1
-1,-1
-1,-1
346151,202
-1,0
-1,-1
-1,-1
-1,-1
-1,-1
-1,-1
-1,-1
-1,-1
-1,-1
-1,-1
-1,-1
464844,21
-1,-1
129039,391
-1,-1
-1,-1
-1,-1
-1,-1
-1,-1
-1,-1
-1,-1
465743,27
-1,-1
-1,-1
-1,-1
-1,-1
-1,-1
-1,-1
-1,0
-1,0
-1,-1
-1,-1
-1,-1
-1,-1
-1,-1
-1,-1
-1,-1
-1,-1
-1,-1
-1,-1
-1,-1
-1,-1
-1,-1
1126340,6
-1,-1
-1,-1
-1,-1
-1,-1
-1,-1
-1,-1
-1,-1
-1,-1
-1,-1
-1,-1
-1,-1
-1,-1
-1,-1
-1,-1
-1,-1
-1,-1
-1,-1
1591721,24
-1,-1
-1,-1
-1,-1
