1295984,1642,28107838
1749760,75,1218906
1749972,72,899666
1625874,83,2872770
1651370,83,2891596
1776259,79,1851874
1308931,70,791577
1467979,83,2859910
986064,81,2331430
1136309,76,1358584
1154176,74,1146074
1425158,70,760055
1983967,65,459642
959893,76,1346164
1449697,70,739658
1847996,66,509648
1284022,66,509615
1505003,70,738460
926609,74,1172054
1039069,77,1547008
1000623,77,1599929
1806958,42,46165
1520656,62,349435
1726067,50,107618
-1,1,0
-1,-1
-1,-1
-1,-1
-1,-1
-1,-1
-1,-1
-1,-1
988557,33
-1,-1
-1,-1
1647513,1
596342,32
-1,-1
-1,-1
-1,-1
-1,-1
162825,504
-1,-1
-1,-1
-1,-1
-1,-1
-1,-1
-1,-1
-1,-1
-1,-1
350574,202
-1,0
-1,-1
-1,-1
-1,-1
-1,-1
-1,-1
-1,-1
-1,-1
-1,-1
-1,-1
-1,-1
472646,21
-1,-1
130254,391
-1,-1
-1,-1
-1,-1
-1,-1
-1,-1
-1,-1
-1,-1
472455,27
-1,-1
-1,-1
-1,-1
-1,-1
-1,-1
-1,-1
-1,0
-1,0
-1,-1
-1,-1
-1,-1
-1,-1
-1,-1
-1,-1
-1,-1
-1,-1
-1,-1
-1,-1
-1,-1
-1,-1
-1,-1
1146619,6
-1,-1
-1,-1
-1,-1
-1,-1
-1,-1
-1,-1
-1,-1
-1,-1
-1,-1
-1,-1
-1,-1
-1,-1
-1,-1
-1,-1
-1,-1
-1,-1
-1,-1
1606780,24
-1,-1
-1,-1
-1,-1
