1277291,1642,28107838
1730542,75,1218906
1731594,72,899666
1606864,83,2872770
1633433,83,2891596
1758976,79,1851874
1293983,70,791577
1453123,83,2859910
974100,81,2331430
1120741,76,1358584
1141435,74,1146074
1409523,70,760055
1962027,65,459642
944824,76,1346164
1430911,70,739658
1826216,66,509648
1267553,66,509615
1486914,70,738460
912081,74,1172054
1025528,77,1547008
987531,77,1599929
1786007,42,46165
1504472,62,349435
1707009,50,107618
-1,1,0
-1,-1
-1,-1
-1,-1
-1,-1
-1,-1
-1,-1
-1,-1
976745,33
-1,-1
-1,-1
1633288,1
589837,32
-1,-1
-1,-1
-1,-1
-1,-1
161587,504
-1,-1
-1,-1
-1,-1
-1,-1
-1,-1
-1,-1
-1,-1
-1,-1
345943,202
-1,0
-1,-1
-1,-1
-1,-1
-1,-1
-1,-1
-1,-1
-1,-1
-1,-1
-1,-1
-1,-1
464386,21
-1,-1
128991,391
-1,-1
-1,-1
-1,-1
-1,-1
-1,-1
-1,-1
-1,-1
465371,27
-1,-1
-1,-1
-1,-1
-1,-1
-1,-1
-1,-1
-1,0
-1,0
-1,-1
-1,-1
-1,-1
-1,-1
-1,-1
-1,-1
-1,-1
-1,-1
-1,-1
-1,-1
-1,-1
-1,-1
-1,-1
1125121,6
-1,-1
-1,-1
-1,-1
-1,-1
-1,-1
-1,-1
-1,-1
-1,-1
-1,-1
-1,-1
-1,-1
-1,-1
-1,-1
-1,-1
-1,-1
-1,-1
-1,-1
1590758,24
-1,-1
-1,-1
-1,-1
