1286669,1642,28107838
1740700,75,1218906
1741554,72,899666
1616934,83,2872770
1643336,83,2891596
1768347,79,1851874
1301801,70,791577
1461276,83,2859910
980080,81,2331430
1128071,76,1358584
1147748,74,1146074
1417362,70,760055
1973565,65,459642
952291,76,1346164
1440729,70,739658
1837823,66,509648
1275988,66,509615
1496500,70,738460
919464,74,1172054
1032350,77,1547008
994029,77,1599929
1797121,42,46165
1513004,62,349435
1717145,50,107618
-1,1,0
-1,-1
-1,-1
-1,-1
-1,-1
-1,-1
-1,-1
-1,-1
982376,33
-1,-1
-1,-1
1640421,1
593014,32
-1,-1
-1,-1
-1,-1
-1,-1
162235,504
-1,-1
-1,-1
-1,-1
-1,-1
-1,-1
-1,-1
-1,-1
-1,-1
348085,202
-1,0
-1,-1
-1,-1
-1,-1
-1,-1
-1,-1
-1,-1
-1,-1
-1,-1
-1,-1
-1,-1
468445,21
-1,-1
129559,391
-1,-1
-1,-1
-1,-1
-1,-1
-1,-1
-1,-1
-1,-1
468717,27
-1,-1
-1,-1
-1,-1
-1,-1
-1,-1
-1,-1
-1,0
-1,0
-1,-1
-1,-1
-1,-1
-1,-1
-1,-1
-1,-1
-1,-1
-1,-1
-1,-1
-1,-1
-1,-1
-1,-1
-1,-1
1136263,6
-1,-1
-1,-1
-1,-1
-1,-1
-1,-1
-1,-1
-1,-1
-1,-1
-1,-1
-1,-1
-1,-1
-1,-1
-1,-1
-1,-1
-1,-1
-1,-1
-1,-1
1599292,24
-1,-1
-1,-1
-1,-1
