1297233,1642,28107838
1751094,75,1218906
1751287,72,899666
1627267,83,2872770
1652733,83,2891596
1777477,79,1851874
1309909,70,791577
1469105,83,2859910
986796,81,2331430
1137299,76,1358584
1155027,74,1146074
1426125,70,760055
1985524,65,459642
960840,76,1346164
1451046,70,739658
1849563,66,509648
1285095,66,509615
1506255,70,738460
927496,74,1172054
1039888,77,1547008
1001475,77,1599929
1808388,42,46165
1521706,62,349435
1727377,50,107618
-1,1,0
-1,-1
-1,-1
-1,-1
-1,-1
-1,-1
-1,-1
-1,-1
989329,33
-1,-1
-1,-1
1648403,1
596741,32
-1,-1
-1,-1
-1,-1
-1,-1
162936,504
-1,-1
-1,-1
-1,-1
-1,-1
-1,-1
-1,-1
-1,-1
-1,-1
350879,202
-1,0
-1,-1
-1,-1
-1,-1
-1,-1
-1,-1
-1,-1
-1,-1
-1,-1
-1,-1
-1,-1
473140,21
-1,-1
130345,391
-1,-1
-1,-1
-1,-1
-1,-1
-1,-1
-1,-1
-1,-1
472904,27
-1,-1
-1,-1
-1,-1
-1,-1
-1,-1
-1,-1
-1,0
-1,0
-1,-1
-1,-1
-1,-1
-1,-1
-1,-1
-1,-1
-1,-1
-1,-1
-1,-1
-1,-1
-1,-1
-1,-1
-1,-1
1147951,6
-1,-1
-1,-1
-1,-1
-1,-1
-1,-1
-1,-1
-1,-1
-1,-1
-1,-1
-1,-1
-1,-1
-1,-1
-1,-1
-1,-1
-1,-1
-1,-1
-1,-1
1607874,24
-1,-1
-1,-1
-1,-1
