1269604,1642,28107838
1721817,75,1218906
1723390,72,899666
1598443,83,2872770
1625125,83,2891596
1751500,79,1851874
1287939,70,791577
1446434,83,2859910
969259,81,2331430
1114165,76,1358584
1136426,74,1146074
1402733,70,760055
1952170,65,459642
937738,76,1346164
1422722,70,739658
1816473,66,509648
1260833,66,509615
1479090,70,738460
905958,74,1172054
1019859,77,1547008
982327,77,1599929
1776664,42,46165
1496671,62,349435
1698438,50,107618
-1,1,0
-1,-1
-1,-1
-1,-1
-1,-1
-1,-1
-1,-1
-1,-1
971920,33
-1,-1
-1,-1
1627531,1
587204,32
-1,-1
-1,-1
-1,-1
-1,-1
161083,504
-1,-1
-1,-1
-1,-1
-1,-1
-1,-1
-1,-1
-1,-1
-1,-1
344302,202
-1,0
-1,-1
-1,-1
-1,-1
-1,-1
-1,-1
-1,-1
-1,-1
-1,-1
-1,-1
-1,-1
461080,21
-1,-1
128542,391
-1,-1
-1,-1
-1,-1
-1,-1
-1,-1
-1,-1
-1,-1
462547,27
-1,-1
-1,-1
-1,-1
-1,-1
-1,-1
-1,-1
-1,0
-1,0
-1,-1
-1,-1
-1,-1
-1,-1
-1,-1
-1,-1
-1,-1
-1,-1
-1,-1
-1,-1
-1,-1
-1,-1
-1,-1
1115410,6
-1,-1
-1,-1
-1,-1
-1,-1
-1,-1
-1,-1
-1,-1
-1,-1
-1,-1
-1,-1
-1,-1
-1,-1
-1,-1
-1,-1
-1,-1
-1,-1
-1,-1
1583533,24
-1,-1
-1,-1
-1,-1
