1282318,1642,28107838
1735964,75,1218906
1737012,72,899666
1612312,83,2872770
1638727,83,2891596
1763928,79,1851874
1298046,70,791577
1457388,83,2859910
977263,81,2331430
1124683,76,1358584
1144816,74,1146074
1413778,70,760055
1967976,65,459642
948711,76,1346164
1436058,70,739658
1832239,66,509648
1272040,66,509615
1491982,70,738460
915837,74,1172054
1029156,77,1547008
991028,77,1599929
1791828,42,46165
1509019,62,349435
1712095,50,107618
-1,1,0
-1,-1
-1,-1
-1,-1
-1,-1
-1,-1
-1,-1
-1,-1
979657,33
-1,-1
-1,-1
1636950,1
591501,32
-1,-1
-1,-1
-1,-1
-1,-1
161932,504
-1,-1
-1,-1
-1,-1
-1,-1
-1,-1
-1,-1
-1,-1
-1,-1
347001,202
-1,0
-1,-1
-1,-1
-1,-1
-1,-1
-1,-1
-1,-1
-1,-1
-1,-1
-1,-1
-1,-1
466541,21
-1,-1
129275,391
-1,-1
-1,-1
-1,-1
-1,-1
-1,-1
-1,-1
-1,-1
467202,27
-1,-1
-1,-1
-1,-1
-1,-1
-1,-1
-1,-1
-1,0
-1,0
-1,-1
-1,-1
-1,-1
-1,-1
-1,-1
-1,-1
-1,-1
-1,-1
-1,-1
-1,-1
-1,-1
-1,-1
-1,-1
1131015,6
-1,-1
-1,-1
-1,-1
-1,-1
-1,-1
-1,-1
-1,-1
-1,-1
-1,-1
-1,-1
-1,-1
-1,-1
-1,-1
-1,-1
-1,-1
-1,-1
-1,-1
1595144,24
-1,-1
-1,-1
-1,-1
