1275679,1642,28107838
1728705,75,1218906
1729904,72,899666
1605109,83,2872770
1631673,83,2891596
1757340,79,1851874
1292642,70,791577
1451641,83,2859910
973077,81,2331430
1119404,76,1358584
1140310,74,1146074
1408120,70,760055
1959928,65,459642
943519,76,1346164
1429215,70,739658
1824149,66,509648
1266065,66,509615
1485221,70,738460
910805,74,1172054
1024414,77,1547008
986432,77,1599929
1784010,42,46165
1502855,62,349435
1705173,50,107618
-1,1,0
-1,-1
-1,-1
-1,-1
-1,-1
-1,-1
-1,-1
-1,-1
975775,33
-1,-1
-1,-1
1632145,1
589293,32
-1,-1
-1,-1
-1,-1
-1,-1
161448,504
-1,-1
-1,-1
-1,-1
-1,-1
-1,-1
-1,-1
-1,-1
-1,-1
345650,202
-1,0
-1,-1
-1,-1
-1,-1
-1,-1
-1,-1
-1,-1
-1,-1
-1,-1
-1,-1
-1,-1
463713,21
-1,-1
128874,391
-1,-1
-1,-1
-1,-1
-1,-1
-1,-1
-1,-1
-1,-1
464829,27
-1,-1
-1,-1
-1,-1
-1,-1
-1,-1
-1,-1
-1,0
-1,0
-1,-1
-1,-1
-1,-1
-1,-1
-1,-1
-1,-1
-1,-1
-1,-1
-1,-1
-1,-1
-1,-1
-1,-1
-1,-1
1123219,6
-1,-1
-1,-1
-1,-1
-1,-1
-1,-1
-1,-1
-1,-1
-1,-1
-1,-1
-1,-1
-1,-1
-1,-1
-1,-1
-1,-1
-1,-1
-1,-1
-1,-1
1589214,24
-1,-1
-1,-1
-1,-1
