1292744,1642,28107838
1746154,75,1218906
1746532,72,899666
1622394,83,2872770
1647987,83,2891596
1773005,79,1851874
1306228,70,791577
1464790,83,2859910
983991,81,2331430
1133543,76,1358584
1152025,74,1146074
1422388,70,760055
1980101,65,459642
957267,76,1346164
1446259,70,739658
1843931,66,509648
1281130,66,509615
1501867,70,738460
924211,74,1172054
1036827,77,1547008
998375,77,1599929
1803244,42,46165
1517809,62,349435
1722629,50,107618
-1,1,0
-1,-1
-1,-1
-1,-1
-1,-1
-1,-1
-1,-1
-1,-1
986479,33
-1,-1
-1,-1
1645197,1
595265,32
-1,-1
-1,-1
-1,-1
-1,-1
162531,504
-1,-1
-1,-1
-1,-1
-1,-1
-1,-1
-1,-1
-1,-1
-1,-1
349775,202
-1,0
-1,-1
-1,-1
-1,-1
-1,-1
-1,-1
-1,-1
-1,-1
-1,-1
-1,-1
-1,-1
471284,21
-1,-1
130022,391
-1,-1
-1,-1
-1,-1
-1,-1
-1,-1
-1,-1
-1,-1
471229,27
-1,-1
-1,-1
-1,-1
-1,-1
-1,-1
-1,-1
-1,0
-1,0
-1,-1
-1,-1
-1,-1
-1,-1
-1,-1
-1,-1
-1,-1
-1,-1
-1,-1
-1,-1
-1,-1
-1,-1
-1,-1
1143206,6
-1,-1
-1,-1
-1,-1
-1,-1
-1,-1
-1,-1
-1,-1
-1,-1
-1,-1
-1,-1
-1,-1
-1,-1
-1,-1
-1,-1
-1,-1
-1,-1
-1,-1
1604011,24
-1,-1
-1,-1
-1,-1
