1287369,1642,28107838
1741431,75,1218906
1742183,72,899666
1617722,83,2872770
1644015,83,2891596
1768959,79,1851874
1302334,70,791577
1461774,83,2859910
980470,81,2331430
1128761,76,1358584
1148235,74,1146074
1417993,70,760055
1974426,65,459642
952906,76,1346164
1441494,70,739658
1838763,66,509648
1276521,66,509615
1497110,70,738460
919986,74,1172054
1032873,77,1547008
994542,77,1599929
1797780,42,46165
1513531,62,349435
1717796,50,107618
-1,1,0
-1,-1
-1,-1
-1,-1
-1,-1
-1,-1
-1,-1
-1,-1
982861,33
-1,-1
-1,-1
1640935,1
593308,32
-1,-1
-1,-1
-1,-1
-1,-1
162292,504
-1,-1
-1,-1
-1,-1
-1,-1
-1,-1
-1,-1
-1,-1
-1,-1
348268,202
-1,0
-1,-1
-1,-1
-1,-1
-1,-1
-1,-1
-1,-1
-1,-1
-1,-1
-1,-1
-1,-1
468791,21
-1,-1
129601,391
-1,-1
-1,-1
-1,-1
-1,-1
-1,-1
-1,-1
-1,-1
469012,27
-1,-1
-1,-1
-1,-1
-1,-1
-1,-1
-1,-1
-1,0
-1,0
-1,-1
-1,-1
-1,-1
-1,-1
-1,-1
-1,-1
-1,-1
-1,-1
-1,-1
-1,-1
-1,-1
-1,-1
-1,-1
1137187,6
-1,-1
-1,-1
-1,-1
-1,-1
-1,-1
-1,-1
-1,-1
-1,-1
-1,-1
-1,-1
-1,-1
-1,-1
-1,-1
-1,-1
-1,-1
-1,-1
-1,-1
1599891,24
-1,-1
-1,-1
-1,-1
