1267222,1642,28107838
1719196,75,1218906
1720841,72,899666
1595817,83,2872770
1622602,83,2891596
1749362,79,1851874
1286164,70,791577
1444389,83,2859910
967902,81,2331430
1112369,76,1358584
1135031,74,1146074
1400809,70,760055
1949201,65,459642
935304,76,1346164
1420413,70,739658
1813390,66,509648
1258832,66,509615
1476896,70,738460
904252,74,1172054
1017888,77,1547008
980830,77,1599929
1773680,42,46165
1494356,62,349435
1695740,50,107618
-1,1,0
-1,-1
-1,-1
-1,-1
-1,-1
-1,-1
-1,-1
-1,-1
970512,33
-1,-1
-1,-1
1625742,1
586398,32
-1,-1
-1,-1
-1,-1
-1,-1
160875,504
-1,-1
-1,-1
-1,-1
-1,-1
-1,-1
-1,-1
-1,-1
-1,-1
343847,202
-1,0
-1,-1
-1,-1
-1,-1
-1,-1
-1,-1
-1,-1
-1,-1
-1,-1
-1,-1
-1,-1
460132,21
-1,-1
128402,391
-1,-1
-1,-1
-1,-1
-1,-1
-1,-1
-1,-1
-1,-1
461711,27
-1,-1
-1,-1
-1,-1
-1,-1
-1,-1
-1,-1
-1,0
-1,0
-1,-1
-1,-1
-1,-1
-1,-1
-1,-1
-1,-1
-1,-1
-1,-1
-1,-1
-1,-1
-1,-1
-1,-1
-1,-1
1112484,6
-1,-1
-1,-1
-1,-1
-1,-1
-1,-1
-1,-1
-1,-1
-1,-1
-1,-1
-1,-1
-1,-1
-1,-1
-1,-1
-1,-1
-1,-1
-1,-1
-1,-1
1581161,24
-1,-1
-1,-1
-1,-1
