1285194,1642,28107838
1738894,75,1218906
1739841,72,899666
1615228,83,2872770
1641589,83,2891596
1766742,79,1851874
1300460,70,791577
1459825,83,2859910
979100,81,2331430
1126914,76,1358584
1146737,74,1146074
1416181,70,760055
1971560,65,459642
951049,76,1346164
1439065,70,739658
1835815,66,509648
1274644,66,509615
1494964,70,738460
918213,74,1172054
1031241,77,1547008
993013,77,1599929
1795296,42,46165
1511564,62,349435
1715353,50,107618
-1,1,0
-1,-1
-1,-1
-1,-1
-1,-1
-1,-1
-1,-1
-1,-1
981453,33
-1,-1
-1,-1
1639247,1
592498,32
-1,-1
-1,-1
-1,-1
-1,-1
162117,504
-1,-1
-1,-1
-1,-1
-1,-1
-1,-1
-1,-1
-1,-1
-1,-1
347725,202
-1,0
-1,-1
-1,-1
-1,-1
-1,-1
-1,-1
-1,-1
-1,-1
-1,-1
-1,-1
-1,-1
467807,21
-1,-1
129457,391
-1,-1
-1,-1
-1,-1
-1,-1
-1,-1
-1,-1
-1,-1
468223,27
-1,-1
-1,-1
-1,-1
-1,-1
-1,-1
-1,-1
-1,0
-1,0
-1,-1
-1,-1
-1,-1
-1,-1
-1,-1
-1,-1
-1,-1
-1,-1
-1,-1
-1,-1
-1,-1
-1,-1
-1,-1
1134589,6
-1,-1
-1,-1
-1,-1
-1,-1
-1,-1
-1,-1
-1,-1
-1,-1
-1,-1
-1,-1
-1,-1
-1,-1
-1,-1
-1,-1
-1,-1
-1,-1
-1,-1
1597821,24
-1,-1
-1,-1
-1,-1
