1293780,1642,28107838
1747359,75,1218906
1747697,72,899666
1623550,83,2872770
1649127,83,2891596
1774127,79,1851874
1307085,70,791577
1465873,83,2859910
984679,81,2331430
1134532,76,1358584
1152743,74,1146074
1423273,70,760055
1981400,65,459642
958140,76,1346164
1447374,70,739658
1845387,66,509648
1282068,66,509615
1502946,70,738460
925020,74,1172054
1037539,77,1547008
999168,77,1599929
1804467,42,46165
1518776,62,349435
1723757,50,107618
-1,1,0
-1,-1
-1,-1
-1,-1
-1,-1
-1,-1
-1,-1
-1,-1
987192,33
-1,-1
-1,-1
1645955,1
595676,32
-1,-1
-1,-1
-1,-1
-1,-1
162621,504
-1,-1
-1,-1
-1,-1
-1,-1
-1,-1
-1,-1
-1,-1
-1,-1
350040,202
-1,0
-1,-1
-1,-1
-1,-1
-1,-1
-1,-1
-1,-1
-1,-1
-1,-1
-1,-1
-1,-1
471779,21
-1,-1
130101,391
-1,-1
-1,-1
-1,-1
-1,-1
-1,-1
-1,-1
-1,-1
471654,27
-1,-1
-1,-1
-1,-1
-1,-1
-1,-1
-1,-1
-1,0
-1,0
-1,-1
-1,-1
-1,-1
-1,-1
-1,-1
-1,-1
-1,-1
-1,-1
-1,-1
-1,-1
-1,-1
-1,-1
-1,-1
1144368,6
-1,-1
-1,-1
-1,-1
-1,-1
-1,-1
-1,-1
-1,-1
-1,-1
-1,-1
-1,-1
-1,-1
-1,-1
-1,-1
-1,-1
-1,-1
-1,-1
-1,-1
1604956,24
-1,-1
-1,-1
-1,-1
