1240601,1666,42965406
1529856,78,1629329
1408005,77,1550672
1602486,84,2974804
1639325,83,2914770
1705822,80,2015891
1482886,70,744836
1967126,75,1333855
1013995,80,2169951
960504,78,1774093
1087246,75,1271437
643227,83,2776781
187378,99,13197454
1556407,68,660591
1567091,66,509688
1825326,66,525908
1224436,68,635861
1616649,67,593767
1515677,60,299242
1646146,63,385475
1251035,71,862539
1789239,42,47252
333939,87,4029450
1980024,45,61760
-1,1,0
-1,0
-1,0
-1,0
-1,0
-1,0
-1,0
-1,0
1753515,6
-1,0
-1,1
1448471,2
1122180,3
-1,0
-1,0
-1,422
-1,2500
-1,0
-1,1
-1,0
-1,101
-1,0
-1,0
315471,10
-1,0
-1,0
559294,105
-1,0
419926,5
-1,0
-1,0
-1,0
-1,0
-1,0
-1,0
-1,0
-1,0
-1,0
-1,0
-1,0
-1,0
-1,0
44258,62
-1,0
-1,0
-1,0
-1,0
-1,0
877890,5
-1,0
-1,0
-1,0
-1,0
-1,0
57944,307
-1,0
-1,0
-1,0
-1,0
-1,0
-1,0
456485,5
-1,0
-1,0
-1,0
443770,19
-1,0
-1,0
-1,0
-1,0
100325,246
-1,0
-1,0
-1,0
-1,0
-1,2
-1,0
-1,0
-1,0
-1,0
-1,0
-1,0
-1,0
-1,1
-1,0
-1,0
-1,0
-1,0
171941,586
-1,0
-1,0
-1,0
