1234357,1666,42965406
1523798,78,1629329
1402283,77,1550672
1596018,84,2974804
1633081,83,2914770
1699983,80,2015891
1477511,70,744836
1961235,75,1333855
1009972,80,2169951
956039,78,1774093
1083419,75,1271437
639940,83,2776781
186409,99,13197454
1550402,68,660591
1560600,66,509688
1817878,66,525908
1219324,68,635861
1610390,67,593767
1508889,60,299242
1640449,63,385475
1245728,71,862539
1782344,42,47252
331920,87,4029450
1973391,45,61760
-1,1,0
-1,0
-1,0
-1,0
-1,0
-1,0
-1,0
-1,0
1746998,6
-1,0
-1,1
1444521,2
1118327,3
-1,0
-1,0
-1,422
-1,2500
-1,0
-1,1
-1,0
-1,101
-1,0
-1,0
310839,10
-1,0
-1,0
556711,105
-1,0
418568,5
-1,0
-1,0
-1,0
-1,0
-1,0
-1,0
-1,0
-1,0
-1,0
-1,0
-1,0
-1,0
-1,0
43559,62
-1,0
-1,0
-1,0
-1,0
-1,0
874013,5
-1,0
-1,0
-1,0
-1,0
-1,0
56853,307
-1,0
-1,0
-1,0
-1,0
-1,0
-1,0
455188,5
-1,0
-1,0
-1,0
440529,19
-1,0
-1,0
-1,0
-1,0
99782,246
-1,0
-1,0
-1,0
-1,0
-1,2
-1,0
-1,0
-1,0
-1,0
-1,0
-1,0
-1,0
-1,1
-1,0
-1,0
-1,0
-1,0
171388,586
-1,0
-1,0
-1,0
