1249872,1666,42965406
1538696,78,1629329
1415986,77,1550672
1611491,84,2974804
1647560,83,2914770
1713791,80,2015891
1490440,70,744836
1975070,75,1333855
1020273,80,2169951
967821,78,1774093
1093442,75,1271437
648312,83,2776781
188885,99,13197454
1565428,68,660591
1576550,66,509688
1835546,66,525908
1232432,68,635861
1625603,67,593767
1524991,60,299242
1654689,63,385475
1259066,71,862539
1799404,42,47252
336960,87,4029450
1989125,45,61760
-1,1,0
-1,0
-1,0
-1,0
-1,0
-1,0
-1,0
-1,0
1763043,6
-1,0
-1,1
1454545,2
1128007,3
-1,0
-1,0
-1,422
-1,2500
-1,0
-1,1
-1,0
-1,101
-1,0
-1,0
322236,10
-1,0
-1,0
563073,105
-1,0
422239,5
-1,0
-1,0
-1,0
-1,0
-1,0
-1,0
-1,0
-1,0
-1,0
-1,0
-1,0
-1,0
-1,0
45281,62
-1,0
-1,0
-1,0
-1,0
-1,0
883640,5
-1,0
-1,0
-1,0
-1,0
-1,0
59756,307
-1,0
-1,0
-1,0
-1,0
-1,0
-1,0
458636,5
-1,0
-1,0
-1,0
448670,19
-1,0
-1,0
-1,0
-1,0
101232,246
-1,0
-1,0
-1,0
-1,0
-1,2
-1,0
-1,0
-1,0
-1,0
-1,0
-1,0
-1,0
-1,1
-1,0
-1,0
-1,0
-1,0
172627,586
-1,0
-1,0
-1,0
