1238950,1666,42965406
1528154,78,1629329
1406380,77,1550672
1600627,84,2974804
1637558,83,2914770
1704294,80,2015891
1481508,70,744836
1965395,75,1333855
1012959,80,2169951
959216,78,1774093
1086223,75,1271437
642287,83,2776781
187125,99,13197454
1554700,68,660591
1565268,66,509688
1823141,66,525908
1223176,68,635861
1615018,67,593767
1513888,60,299242
1644547,63,385475
1249614,71,862539
1787429,42,47252
333416,87,4029450
1978222,45,61760
-1,1,0
-1,0
-1,0
-1,0
-1,0
-1,0
-1,0
-1,0
1751824,6
-1,0
-1,1
1447407,2
1121087,3
-1,0
-1,0
-1,422
-1,2500
-1,0
-1,1
-1,0
-1,101
-1,0
-1,0
314219,10
-1,0
-1,0
558603,105
-1,0
419545,5
-1,0
-1,0
-1,0
-1,0
-1,0
-1,0
-1,0
-1,0
-1,0
-1,0
-1,0
-1,0
-1,0
44069,62
-1,0
-1,0
-1,0
-1,0
-1,0
876843,5
-1,0
-1,0
-1,0
-1,0
-1,0
57625,307
-1,0
-1,0
-1,0
-1,0
-1,0
-1,0
456153,5
-1,0
-1,0
-1,0
442924,19
-1,0
-1,0
-1,0
-1,0
100197,246
-1,0
-1,0
-1,0
-1,0
-1,2
-1,0
-1,0
-1,0
-1,0
-1,0
-1,0
-1,0
-1,1
-1,0
-1,0
-1,0
-1,0
171809,586
-1,0
-1,0
-1,0
