1236741,1666,42965406
1525954,78,1629329
1404279,77,1550672
1598312,84,2974804
1635225,83,2914770
1702036,80,2015891
1479490,70,744836
1963004,75,1333855
1011534,80,2169951
957636,78,1774093
1084839,75,1271437
641076,83,2776781
186790,99,13197454
1552519,68,660591
1562877,66,509688
1820285,66,525908
1221299,68,635861
1612653,67,593767
1511486,60,299242
1642560,63,385475
1247677,71,862539
1784947,42,47252
332715,87,4029450
1975614,45,61760
-1,1,0
-1,0
-1,0
-1,0
-1,0
-1,0
-1,0
-1,0
1749534,6
-1,0
-1,1
1446013,2
1119797,3
-1,0
-1,0
-1,422
-1,2500
-1,0
-1,1
-1,0
-1,101
-1,0
-1,0
312621,10
-1,0
-1,0
557750,105
-1,0
419123,5
-1,0
-1,0
-1,0
-1,0
-1,0
-1,0
-1,0
-1,0
-1,0
-1,0
-1,0
-1,0
-1,0
43830,62
-1,0
-1,0
-1,0
-1,0
-1,0
875447,5
-1,0
-1,0
-1,0
-1,0
-1,0
57246,307
-1,0
-1,0
-1,0
-1,0
-1,0
-1,0
455709,5
-1,0
-1,0
-1,0
441840,19
-1,0
-1,0
-1,0
-1,0
99986,246
-1,0
-1,0
-1,0
-1,0
-1,2
-1,0
-1,0
-1,0
-1,0
-1,0
-1,0
-1,0
-1,1
-1,0
-1,0
-1,0
-1,0
171593,586
-1,0
-1,0
-1,0
