1236204,1666,42965406
1525517,78,1629329
1403853,77,1550672
1597827,84,2974804
1634799,83,2914770
1701619,80,2015891
1479063,70,744836
1962625,75,1333855
1011159,80,2169951
957323,78,1774093
1084546,75,1271437
640811,83,2776781
186701,99,13197454
1552006,68,660591
1562383,66,509688
1819651,66,525908
1220847,68,635861
1612161,67,593767
1510911,60,299242
1642118,63,385475
1247264,71,862539
1784299,42,47252
332560,87,4029450
1974991,45,61760
-1,1,0
-1,0
-1,0
-1,0
-1,0
-1,0
-1,0
-1,0
1748909,6
-1,0
-1,1
1445692,2
1119454,3
-1,0
-1,0
-1,422
-1,2500
-1,0
-1,1
-1,0
-1,101
-1,0
-1,0
312246,10
-1,0
-1,0
557514,105
-1,0
419012,5
-1,0
-1,0
-1,0
-1,0
-1,0
-1,0
-1,0
-1,0
-1,0
-1,0
-1,0
-1,0
-1,0
43778,62
-1,0
-1,0
-1,0
-1,0
-1,0
875164,5
-1,0
-1,0
-1,0
-1,0
-1,0
57134,307
-1,0
-1,0
-1,0
-1,0
-1,0
-1,0
455603,5
-1,0
-1,0
-1,0
441550,19
-1,0
-1,0
-1,0
-1,0
99933,246
-1,0
-1,0
-1,0
-1,0
-1,2
-1,0
-1,0
-1,0
-1,0
-1,0
-1,0
-1,0
-1,1
-1,0
-1,0
-1,0
-1,0
171537,586
-1,0
-1,0
-1,0
