1248642,1666,42965406
1537458,78,1629329
1414784,77,1550672
1610148,84,2974804
1646190,83,2914770
1712580,80,2015891
1489372,70,744836
1973715,75,1333855
1019526,80,2169951
966958,78,1774093
1092612,75,1271437
647675,83,2776781
188683,99,13197454
1564230,68,660591
1575130,66,509688
1834005,66,525908
1231357,68,635861
1624339,67,593767
1523634,60,299242
1653541,63,385475
1258006,71,862539
1797992,42,47252
336530,87,4029450
1987829,45,61760
-1,1,0
-1,0
-1,0
-1,0
-1,0
-1,0
-1,0
-1,0
1761795,6
-1,0
-1,1
1453830,2
1127288,3
-1,0
-1,0
-1,422
-1,2500
-1,0
-1,1
-1,0
-1,101
-1,0
-1,0
321368,10
-1,0
-1,0
562587,105
-1,0
421965,5
-1,0
-1,0
-1,0
-1,0
-1,0
-1,0
-1,0
-1,0
-1,0
-1,0
-1,0
-1,0
-1,0
45157,62
-1,0
-1,0
-1,0
-1,0
-1,0
882923,5
-1,0
-1,0
-1,0
-1,0
-1,0
59535,307
-1,0
-1,0
-1,0
-1,0
-1,0
-1,0
458348,5
-1,0
-1,0
-1,0
448088,19
-1,0
-1,0
-1,0
-1,0
101086,246
-1,0
-1,0
-1,0
-1,0
-1,2
-1,0
-1,0
-1,0
-1,0
-1,0
-1,0
-1,0
-1,1
-1,0
-1,0
-1,0
-1,0
172467,586
-1,0
-1,0
-1,0
