1239469,1666,42965406
1528711,78,1629329
1406881,77,1550672
1601232,84,2974804
1638243,83,2914770
1704825,80,2015891
1482028,70,744836
1966064,75,1333855
1013318,80,2169951
959599,78,1774093
1086563,75,1271437
642555,83,2776781
187223,99,13197454
1555296,68,660591
1565964,66,509688
1823846,66,525908
1223632,68,635861
1615643,67,593767
1514518,60,299242
1645104,63,385475
1250074,71,862539
1788156,42,47252
333577,87,4029450
1978930,45,61760
-1,1,0
-1,0
-1,0
-1,0
-1,0
-1,0
-1,0
-1,0
1752390,6
-1,0
-1,1
1447798,2
1121446,3
-1,0
-1,0
-1,422
-1,2500
-1,0
-1,1
-1,0
-1,101
-1,0
-1,0
314618,10
-1,0
-1,0
558839,105
-1,0
419687,5
-1,0
-1,0
-1,0
-1,0
-1,0
-1,0
-1,0
-1,0
-1,0
-1,0
-1,0
-1,0
-1,0
44128,62
-1,0
-1,0
-1,0
-1,0
-1,0
877140,5
-1,0
-1,0
-1,0
-1,0
-1,0
57729,307
-1,0
-1,0
-1,0
-1,0
-1,0
-1,0
456262,5
-1,0
-1,0
-1,0
443230,19
-1,0
-1,0
-1,0
-1,0
100242,246
-1,0
-1,0
-1,0
-1,0
-1,2
-1,0
-1,0
-1,0
-1,0
-1,0
-1,0
-1,0
-1,1
-1,0
-1,0
-1,0
-1,0
171873,586
-1,0
-1,0
-1,0
