741722,1898,101390699
530583,99,13034450
573195,94,8328009
796527,99,13034878
596287,99,16436746
790335,96,10306514
1248689,71,833343
1094271,90,5475771
1551676,71,836295
660952,85,3270269
1508352,70,737686
373917,91,5914469
970695,82,2643520
718847,81,2198234
1075267,72,932650
771598,80,2156465
706060,78,1695555
511323,80,2132688
775564,76,1385618
971774,79,1818023
646589,88,4517110
959221,64,412444
508939,82,2490283
1056868,70,799679
-1,1,0
-1,0
-1,0
-1,0
-1,0
-1,0
-1,0
-1,0
-1,1
-1,0
-1,0
1636614,1
-1,0
-1,0
-1,0
-1,492
-1,2500
-1,0
659351,50
-1,0
-1,140
-1,0
-1,0
-1,0
-1,0
-1,0
974532,26
-1,0
347169,5
-1,0
-1,0
-1,0
222001,51
-1,0
-1,0
355836,11
-1,0
-1,0
564468,10
475648,11
713379,11
459158,13
213845,25
-1,0
-1,0
415799,33
502503,25
-1,0
755151,9
-1,0
622330,25
-1,0
-1,0
251255,40
-1,0
-1,0
-1,0
-1,0
-1,0
-1,3
-1,0
381394,5
-1,0
388863,25
-1,0
-1,0
-1,0
-1,1
-1,0
-1,0
1012295,12
-1,1
224469,102
-1,0
-1,0
-1,0
-1,0
-1,1
-1,0
-1,0
-1,2
-1,1
-1,0
196135,7
-1,0
-1,0
-1,0
780963,15
877044,122
-1,0
275887,27
-1,3
