744053,1898,101390699
531643,99,13034450
574216,94,8328009
798118,99,13034878
597508,99,16436746
791492,96,10306514
1250228,71,833343
1095234,90,5475771
1554152,71,836295
662681,85,3270269
1510848,70,737686
374710,91,5914469
972237,82,2643520
720585,81,2198234
1077479,72,932650
773310,80,2156465
707522,78,1695555
512295,80,2132688
777294,76,1385618
973688,79,1818023
648011,88,4517110
961110,64,412444
509934,82,2490283
1058953,70,799679
-1,1,0
-1,0
-1,0
-1,0
-1,0
-1,0
-1,0
-1,0
-1,1
-1,0
-1,0
1638708,1
-1,0
-1,0
-1,0
-1,492
-1,2500
-1,0
661302,50
-1,0
-1,140
-1,0
-1,0
-1,0
-1,0
-1,0
976365,26
-1,0
347851,5
-1,0
-1,0
-1,0
222325,51
-1,0
-1,0
356606,11
-1,0
-1,0
565794,10
476478,11
714917,11
459908,13
214564,25
-1,0
-1,0
416485,33
503886,25
-1,0
756740,9
-1,0
623008,25
-1,0
-1,0
251772,40
-1,0
-1,0
-1,0
-1,0
-1,0
-1,3
-1,0
382048,5
-1,0
390683,25
-1,0
-1,0
-1,0
-1,1
-1,0
-1,0
1014987,12
-1,1
225637,102
-1,0
-1,0
-1,0
-1,0
-1,1
-1,0
-1,0
-1,2
-1,1
-1,0
196370,7
-1,0
-1,0
-1,0
782501,15
878063,122
-1,0
276603,27
-1,3
