729611,1898,101390699
523312,99,13034450
565615,94,8328009
785999,99,13034878
587656,99,16436746
781546,96,10306514
1237049,71,833343
1084123,90,5475771
1537072,71,836295
652557,85,3270269
1494444,70,737686
369211,91,5914469
961110,82,2643520
709211,81,2198234
1062282,72,932650
760956,80,2156465
697844,78,1695555
504700,80,2132688
765830,76,1385618
961398,79,1818023
639253,88,4517110
948552,64,412444
502292,82,2490283
1045299,70,799679
-1,1,0
-1,0
-1,0
-1,0
-1,0
-1,0
-1,0
-1,0
-1,1
-1,0
-1,0
1625631,1
-1,0
-1,0
-1,0
-1,492
-1,2500
-1,0
648343,50
-1,0
-1,140
-1,0
-1,0
-1,0
-1,0
-1,0
964956,26
-1,0
343570,5
-1,0
-1,0
-1,0
219882,51
-1,0
-1,0
351396,11
-1,0
-1,0
557292,10
471431,11
705505,11
455207,13
210556,25
-1,0
-1,0
412405,33
494881,25
-1,0
747268,9
-1,0
618544,25
-1,0
-1,0
248652,40
-1,0
-1,0
-1,0
-1,0
-1,0
-1,3
-1,0
378010,5
-1,0
380762,25
-1,0
-1,0
-1,0
-1,1
-1,0
-1,0
996966,12
-1,1
218201,102
-1,0
-1,0
-1,0
-1,0
-1,1
-1,0
-1,0
-1,2
-1,1
-1,0
195009,7
-1,0
-1,0
-1,0
772258,15
870292,122
-1,0
272134,27
-1,3
