737454,1898,101390699
527971,99,13034450
570486,94,8328009
792785,99,13034878
593263,99,16436746
787210,96,10306514
1244548,71,833343
1091047,90,5475771
1546649,71,836295
657845,85,3270269
1503318,70,737686
372234,91,5914469
967416,82,2643520
715446,81,2198234
1070748,72,932650
767656,80,2156465
703232,78,1695555
509131,80,2132688
772105,76,1385618
968075,79,1818023
643917,88,4517110
955473,64,412444
506607,82,2490283
1052845,70,799679
-1,1,0
-1,0
-1,0
-1,0
-1,0
-1,0
-1,0
-1,0
-1,1
-1,0
-1,0
1632747,1
-1,0
-1,0
-1,0
-1,492
-1,2500
-1,0
655532,50
-1,0
-1,140
-1,0
-1,0
-1,0
-1,0
-1,0
970949,26
-1,0
345765,5
-1,0
-1,0
-1,0
221228,51
-1,0
-1,0
354290,11
-1,0
-1,0
561949,10
474148,11
710590,11
457724,13
212578,25
-1,0
-1,0
414572,33
499785,25
-1,0
752270,9
-1,0
620973,25
-1,0
-1,0
250267,40
-1,0
-1,0
-1,0
-1,0
-1,0
-1,3
-1,0
380226,5
-1,0
386053,25
-1,0
-1,0
-1,0
-1,1
-1,0
-1,0
1007119,12
-1,1
222315,102
-1,0
-1,0
-1,0
-1,0
-1,1
-1,0
-1,0
-1,2
-1,1
-1,0
195762,7
-1,0
-1,0
-1,0
777792,15
874756,122
-1,0
274531,27
-1,3
