730553,1898,101390699
523875,99,13034450
566204,94,8328009
786867,99,13034878
588372,99,16436746
782247,96,10306514
1237973,71,833343
1084949,90,5475771
1538222,71,836295
653102,85,3270269
1495515,70,737686
369558,91,5914469
961916,82,2643520
709939,81,2198234
1063310,72,932650
761721,80,2156465
698528,78,1695555
505185,80,2132688
766569,76,1385618
962174,79,1818023
639779,88,4517110
949399,64,412444
502874,82,2490283
1046287,70,799679
-1,1,0
-1,0
-1,0
-1,0
-1,0
-1,0
-1,0
-1,0
-1,1
-1,0
-1,0
1626424,1
-1,0
-1,0
-1,0
-1,492
-1,2500
-1,0
649280,50
-1,0
-1,140
-1,0
-1,0
-1,0
-1,0
-1,0
965615,26
-1,0
343837,5
-1,0
-1,0
-1,0
220080,51
-1,0
-1,0
351693,11
-1,0
-1,0
557842,10
471748,11
706122,11
455488,13
210798,25
-1,0
-1,0
412670,33
495444,25
-1,0
747852,9
-1,0
618856,25
-1,0
-1,0
248842,40
-1,0
-1,0
-1,0
-1,0
-1,0
-1,3
-1,0
378251,5
-1,0
381385,25
-1,0
-1,0
-1,0
-1,1
-1,0
-1,0
998206,12
-1,1
218690,102
-1,0
-1,0
-1,0
-1,0
-1,1
-1,0
-1,0
-1,2
-1,1
-1,0
195110,7
-1,0
-1,0
-1,0
772944,15
870886,122
-1,0
272442,27
-1,3
