738243,1898,101390699
528447,99,13034450
570961,94,8328009
793541,99,13034878
593789,99,16436746
787817,96,10306514
1245332,71,833343
1091789,90,5475771
1547595,71,836295
658370,85,3270269
1504257,70,737686
372550,91,5914469
968013,82,2643520
716081,81,2198234
1071609,72,932650
768350,80,2156465
703802,78,1695555
509550,80,2132688
772707,76,1385618
968735,79,1818023
644429,88,4517110
956172,64,412444
507078,82,2490283
1053614,70,799679
-1,1,0
-1,0
-1,0
-1,0
-1,0
-1,0
-1,0
-1,0
-1,1
-1,0
-1,0
1633482,1
-1,0
-1,0
-1,0
-1,492
-1,2500
-1,0
656262,50
-1,0
-1,140
-1,0
-1,0
-1,0
-1,0
-1,0
971600,26
-1,0
345976,5
-1,0
-1,0
-1,0
221390,51
-1,0
-1,0
354583,11
-1,0
-1,0
562382,10
474442,11
711122,11
458003,13
212816,25
-1,0
-1,0
414816,33
500296,25
-1,0
752787,9
-1,0
621196,25
-1,0
-1,0
250435,40
-1,0
-1,0
-1,0
-1,0
-1,0
-1,3
-1,0
380411,5
-1,0
386593,25
-1,0
-1,0
-1,0
-1,1
-1,0
-1,0
1008094,12
-1,1
222729,102
-1,0
-1,0
-1,0
-1,0
-1,1
-1,0
-1,0
-1,2
-1,1
-1,0
195834,7
-1,0
-1,0
-1,0
778374,15
875208,122
-1,0
274772,27
-1,3
