746369,1898,101390699
533176,99,13034450
575709,94,8328009
800186,99,13034878
599200,99,16436746
793315,96,10306514
1252562,71,833343
1097426,90,5475771
1557134,71,836295
664547,85,3270269
1513557,70,737686
375652,91,5914469
974137,82,2643520
722393,81,2198234
1080214,72,932650
775416,80,2156465
709157,78,1695555
513490,80,2132688
779144,76,1385618
975601,79,1818023
649576,88,4517110
963308,64,412444
511271,82,2490283
1061166,70,799679
-1,1,0
-1,0
-1,0
-1,0
-1,0
-1,0
-1,0
-1,0
-1,1
-1,0
-1,0
1640766,1
-1,0
-1,0
-1,0
-1,492
-1,2500
-1,0
663579,50
-1,0
-1,140
-1,0
-1,0
-1,0
-1,0
-1,0
978287,26
-1,0
348590,5
-1,0
-1,0
-1,0
222753,51
-1,0
-1,0
357477,11
-1,0
-1,0
567179,10
477315,11
716441,11
460718,13
215205,25
-1,0
-1,0
417172,33
505273,25
-1,0
758197,9
-1,0
623773,25
-1,0
-1,0
252277,40
-1,0
-1,0
-1,0
-1,0
-1,0
-1,3
-1,0
382774,5
-1,0
392282,25
-1,0
-1,0
-1,0
-1,1
-1,0
-1,0
1017825,12
-1,1
226780,102
-1,0
-1,0
-1,0
-1,0
-1,1
-1,0
-1,0
-1,2
-1,1
-1,0
196604,7
-1,0
-1,0
-1,0
784307,15
879363,122
-1,0
277294,27
-1,3
