727566,1898,101390699
522082,99,13034450
564235,94,8328009
784234,99,13034878
586156,99,16436746
779955,96,10306514
1235057,71,833343
1082233,90,5475771
1534579,71,836295
651092,85,3270269
1492138,70,737686
368411,91,5914469
959591,82,2643520
707497,81,2198234
1060033,72,932650
759306,80,2156465
696495,78,1695555
503518,80,2132688
764138,76,1385618
959681,79,1818023
638057,88,4517110
946678,64,412444
501098,82,2490283
1043258,70,799679
-1,1,0
-1,0
-1,0
-1,0
-1,0
-1,0
-1,0
-1,0
-1,1
-1,0
-1,0
1623757,1
-1,0
-1,0
-1,0
-1,492
-1,2500
-1,0
646322,50
-1,0
-1,140
-1,0
-1,0
-1,0
-1,0
-1,0
963424,26
-1,0
343017,5
-1,0
-1,0
-1,0
219449,51
-1,0
-1,0
350698,11
-1,0
-1,0
556148,10
470788,11
704184,11
454620,13
210038,25
-1,0
-1,0
411864,33
493630,25
-1,0
746005,9
-1,0
617912,25
-1,0
-1,0
248264,40
-1,0
-1,0
-1,0
-1,0
-1,0
-1,3
-1,0
377415,5
-1,0
379433,25
-1,0
-1,0
-1,0
-1,1
-1,0
-1,0
994185,12
-1,1
217044,102
-1,0
-1,0
-1,0
-1,0
-1,1
-1,0
-1,0
-1,2
-1,1
-1,0
194814,7
-1,0
-1,0
-1,0
770968,15
869240,122
-1,0
271532,27
-1,3
