724847,1898,101390699
520455,99,13034450
562542,94,8328009
782175,99,13034878
584229,99,16436746
778281,96,10306514
1233290,71,833343
1080372,90,5475771
1531788,71,836295
649413,85,3270269
1489698,70,737686
367403,91,5914469
957793,82,2643520
705313,81,2198234
1057282,72,932650
757035,80,2156465
694770,78,1695555
502013,80,2132688
762195,76,1385618
957713,79,1818023
636659,88,4517110
944699,64,412444
499696,82,2490283
1041080,70,799679
-1,1,0
-1,0
-1,0
-1,0
-1,0
-1,0
-1,0
-1,0
-1,1
-1,0
-1,0
1621817,1
-1,0
-1,0
-1,0
-1,492
-1,2500
-1,0
644185,50
-1,0
-1,140
-1,0
-1,0
-1,0
-1,0
-1,0
961913,26
-1,0
342323,5
-1,0
-1,0
-1,0
218858,51
-1,0
-1,0
349905,11
-1,0
-1,0
554795,10
470115,11
702861,11
453986,13
209350,25
-1,0
-1,0
411382,33
492162,25
-1,0
744468,9
-1,0
617528,25
-1,0
-1,0
247837,40
-1,0
-1,0
-1,0
-1,0
-1,0
-1,3
-1,0
376783,5
-1,0
377982,25
-1,0
-1,0
-1,0
-1,1
-1,0
-1,0
990954,12
-1,1
215388,102
-1,0
-1,0
-1,0
-1,0
-1,1
-1,0
-1,0
-1,2
-1,1
-1,0
194659,7
-1,0
-1,0
-1,0
769550,15
867991,122
-1,0
270747,27
-1,3
