740978,1898,101390699
530188,99,13034450
572760,94,8328009
795971,99,13034878
595792,99,16436746
789805,96,10306514
1248110,71,833343
1093894,90,5475771
1550898,71,836295
660421,85,3270269
1507615,70,737686
373649,91,5914469
970275,82,2643520
718319,81,2198234
1074644,72,932650
771027,80,2156465
705630,78,1695555
510983,80,2132688
775049,76,1385618
971196,79,1818023
646183,88,4517110
958646,64,412444
508606,82,2490283
1056236,70,799679
-1,1,0
-1,0
-1,0
-1,0
-1,0
-1,0
-1,0
-1,0
-1,1
-1,0
-1,0
1636026,1
-1,0
-1,0
-1,0
-1,492
-1,2500
-1,0
658783,50
-1,0
-1,140
-1,0
-1,0
-1,0
-1,0
-1,0
973933,26
-1,0
346967,5
-1,0
-1,0
-1,0
221895,51
-1,0
-1,0
355601,11
-1,0
-1,0
564072,10
475425,11
712975,11
458941,13
213629,25
-1,0
-1,0
415610,33
502073,25
-1,0
754661,9
-1,0
622110,25
-1,0
-1,0
251113,40
-1,0
-1,0
-1,0
-1,0
-1,0
-1,3
-1,0
381238,5
-1,0
388424,25
-1,0
-1,0
-1,0
-1,1
-1,0
-1,0
1011582,12
-1,1
224165,102
-1,0
-1,0
-1,0
-1,0
-1,1
-1,0
-1,0
-1,2
-1,1
-1,0
196075,7
-1,0
-1,0
-1,0
780428,15
876760,122
-1,0
275659,27
-1,3
