739306,1898,101390699
529131,99,13034450
571621,94,8328009
794494,99,13034878
594547,99,16436746
788545,96,10306514
1246387,71,833343
1092739,90,5475771
1548830,71,836295
659114,85,3270269
1505533,70,737686
372972,91,5914469
968876,82,2643520
716977,81,2198234
1072771,72,932650
769365,80,2156465
704397,78,1695555
510048,80,2132688
773575,76,1385618
969632,79,1818023
645050,88,4517110
957139,64,412444
507654,82,2490283
1054650,70,799679
-1,1,0
-1,0
-1,0
-1,0
-1,0
-1,0
-1,0
-1,0
-1,1
-1,0
-1,0
1634442,1
-1,0
-1,0
-1,0
-1,492
-1,2500
-1,0
657215,50
-1,0
-1,140
-1,0
-1,0
-1,0
-1,0
-1,0
972457,26
-1,0
346313,5
-1,0
-1,0
-1,0
221558,51
-1,0
-1,0
354976,11
-1,0
-1,0
563042,10
474796,11
711813,11
458335,13
213102,25
-1,0
-1,0
415093,33
500948,25
-1,0
753463,9
-1,0
621537,25
-1,0
-1,0
250681,40
-1,0
-1,0
-1,0
-1,0
-1,0
-1,3
-1,0
380710,5
-1,0
387290,25
-1,0
-1,0
-1,0
-1,1
-1,0
-1,0
1009462,12
-1,1
223243,102
-1,0
-1,0
-1,0
-1,0
-1,1
-1,0
-1,0
-1,2
-1,1
-1,0
195911,7
-1,0
-1,0
-1,0
779158,15
875784,122
-1,0
275073,27
-1,3
