735499,1898,101390699
526907,99,13034450
569436,94,8328009
791163,99,13034878
591972,99,16436746
785867,96,10306514
1242762,71,833343
1089413,90,5475771
1544267,71,836295
656576,85,3270269
1501172,70,737686
371421,91,5914469
965898,82,2643520
713855,81,2198234
1068668,72,932650
765936,80,2156465
701840,78,1695555
508005,80,2132688
770492,76,1385618
966441,79,1818023
642750,88,4517110
953726,64,412444
505580,82,2490283
1050950,70,799679
-1,1,0
-1,0
-1,0
-1,0
-1,0
-1,0
-1,0
-1,0
-1,1
-1,0
-1,0
1630882,1
-1,0
-1,0
-1,0
-1,492
-1,2500
-1,0
653730,50
-1,0
-1,140
-1,0
-1,0
-1,0
-1,0
-1,0
969348,26
-1,0
345221,5
-1,0
-1,0
-1,0
220919,51
-1,0
-1,0
353558,11
-1,0
-1,0
560772,10
473466,11
709272,11
457075,13
212065,25
-1,0
-1,0
414028,33
498510,25
-1,0
751029,9
-1,0
620390,25
-1,0
-1,0
249818,40
-1,0
-1,0
-1,0
-1,0
-1,0
-1,3
-1,0
379648,5
-1,0
384776,25
-1,0
-1,0
-1,0
-1,1
-1,0
-1,0
1004579,12
-1,1
221340,102
-1,0
-1,0
-1,0
-1,0
-1,1
-1,0
-1,0
-1,2
-1,1
-1,0
195590,7
-1,0
-1,0
-1,0
776482,15
873702,122
-1,0
273946,27
-1,3
