621143,1951,116556440
609574,95,9589666
576684,94,8045338
649455,99,13197192
575457,99,16803899
607999,99,13480690
627859,80,2106646
752136,95,9266797
-1,68,610360
270609,99,13035340
1358031,70,789477
1079373,75,1254353
1430276,75,1220741
835043,78,1683997
918951,74,1141857
413111,89,4989615
944639,71,886601
593904,79,1824274
518623,82,2659090
539383,90,5797445
1174580,72,975669
608772,73,993279
401893,84,3197753
471602,84,2995637
726164,27,10724
-1,0
-1,0
-1,0
-1,0
-1,0
-1,0
-1,0
490452,136
-1,0
1310503,2
416633,36
345704,83
330155,14
526179,1
262166,578
-1,2500
-1,0
490175,89
-1,0
-1,201
-1,0
-1,0
-1,0
-1,0
-1,0
912450,32
-1,0
-1,0
312867,8
77268,225
-1,0
-1,0
-1,0
-1,0
-1,0
136797,138
-1,0
-1,0
-1,0
-1,0
-1,0
-1,0
51290,19
-1,1
225894,172
-1,0
-1,0
-1,0
-1,0
-1,1
383915,667
-1,0
-1,0
250464,76
-1,0
-1,0
255812,1
-1,0
-1,0
-1,0
-1,0
202811,50
-1,0
-1,0
-1,0
-1,0
417122,15
-1,0
-1,0
1081268,9
93852,45
160820,218
-1,0
-1,1
-1,0
-1,1
-1,0
-1,0
-1,0
-1,0
-1,0
-1,0
-1,1
126355,85
-1,0
-1,0
138467,721
1458617,37
119098,83
240681,38
512940,29
