614462,1950,115667737
603640,95,9569880
570609,94,8045338
664302,99,13148133
576671,99,16585139
689223,98,12895757
622790,80,2106646
745862,95,9265257
-1,68,610360
267605,99,13035340
1350251,70,789477
1071773,75,1254353
1420310,75,1220741
826784,78,1682322
910960,74,1141857
408240,89,4989615
937179,71,886601
588622,79,1824274
514119,82,2659090
534419,90,5784495
1166840,72,975669
603070,73,993279
397575,84,3197753
466780,84,2995637
698123,27,10724
-1,0
-1,0
-1,0
-1,0
-1,0
-1,0
-1,0
486726,136
-1,0
1302488,2
413426,36
343099,83
327808,14
523732,1
261456,578
-1,2500
-1,0
483671,89
-1,0
-1,201
-1,0
-1,0
-1,0
-1,0
-1,0
906989,32
-1,0
-1,0
311158,8
76139,225
-1,0
-1,0
-1,0
-1,0
-1,0
135859,138
-1,0
-1,0
-1,0
-1,0
-1,0
-1,0
51343,14
-1,1
224597,172
-1,0
-1,0
-1,0
-1,0
-1,1
382746,667
-1,0
-1,0
244795,76
-1,0
-1,0
254458,1
-1,0
-1,0
-1,0
-1,0
199254,50
-1,0
-1,0
-1,0
-1,0
413704,15
-1,0
-1,0
1068999,9
93233,45
156945,218
-1,0
-1,1
-1,0
-1,1
-1,0
-1,0
-1,0
-1,0
-1,0
-1,0
-1,1
123683,85
-1,0
-1,0
137741,721
1450205,37
116005,83
238416,38
509182,29
