615232,1950,115667737
604242,95,9569880
571200,94,8045338
664973,99,13148133
577295,99,16585139
689788,98,12895757
623258,80,2106646
746448,95,9265257
-1,68,610360
267868,99,13035340
1350912,70,789477
1072335,75,1254353
1421151,75,1220741
827762,78,1682322
911648,74,1141857
408631,89,4989615
937730,71,886601
588936,79,1824274
514445,82,2659090
535012,90,5784495
1167477,72,975669
603444,73,993279
397927,84,3197753
467184,84,2995637
700863,27,10724
-1,0
-1,0
-1,0
-1,0
-1,0
-1,0
-1,0
487062,136
-1,0
1303354,2
413692,36
343329,83
327985,14
523937,1
261504,578
-1,2500
-1,0
484159,89
-1,0
-1,201
-1,0
-1,0
-1,0
-1,0
-1,0
907430,32
-1,0
-1,0
311287,8
76247,225
-1,0
-1,0
-1,0
-1,0
-1,0
135928,138
-1,0
-1,0
-1,0
-1,0
-1,0
-1,0
51513,14
-1,1
224704,172
-1,0
-1,0
-1,0
-1,0
-1,1
382855,667
-1,0
-1,0
245233,76
-1,0
-1,0
254573,1
-1,0
-1,0
-1,0
-1,0
199574,50
-1,0
-1,0
-1,0
-1,0
413992,15
-1,0
-1,0
1070045,9
93297,45
157313,218
-1,0
-1,1
-1,0
-1,1
-1,0
-1,0
-1,0
-1,0
-1,0
-1,0
-1,1
123908,85
-1,0
-1,0
137807,721
1450991,37
116216,83
238595,38
509487,29
