614021,1950,115667737
603334,95,9569880
570309,94,8045338
663926,99,13148133
576392,99,16585139
688983,98,12895757
622555,80,2106646
745594,95,9265257
-1,68,610360
267492,99,13035340
1349958,70,789477
1071529,75,1254353
1419947,75,1220741
826210,78,1682322
910644,74,1141857
408000,89,4989615
936933,71,886601
588481,79,1824274
513970,82,2659090
534143,90,5784495
1166565,72,975669
602877,73,993279
397386,84,3197753
466568,84,2995637
696543,27,10724
-1,0
-1,0
-1,0
-1,0
-1,0
-1,0
-1,0
486562,136
-1,0
1302061,2
413308,36
342976,83
327698,14
523636,1
261428,578
-1,2500
-1,0
483436,89
-1,0
-1,201
-1,0
-1,0
-1,0
-1,0
-1,0
906768,32
-1,0
-1,0
311159,8
76096,225
-1,0
-1,0
-1,0
-1,0
-1,0
135827,138
-1,0
-1,0
-1,0
-1,0
-1,0
-1,0
51267,14
-1,1
224545,172
-1,0
-1,0
-1,0
-1,0
-1,1
382700,667
-1,0
-1,0
244547,76
-1,0
-1,0
254404,1
-1,0
-1,0
-1,0
-1,0
199107,50
-1,0
-1,0
-1,0
-1,0
413573,15
-1,0
-1,0
1068441,9
93207,45
156774,218
-1,0
-1,1
-1,0
-1,1
-1,0
-1,0
-1,0
-1,0
-1,0
-1,0
-1,1
123562,85
-1,0
-1,0
137716,721
1449891,37
115859,83
238327,38
509031,29
