624490,1951,116634067
612040,95,9593671
579176,94,8045338
650963,99,13200770
577422,99,16823325
605536,99,13531180
630172,80,2106646
754995,95,9266925
-1,68,610360
271826,99,13035340
1361626,70,789477
1082790,75,1254353
1434675,75,1220741
838375,78,1683997
922394,74,1141857
415195,89,4989615
948016,71,886601
596397,79,1824274
520564,82,2659090
541553,90,5797445
1178174,72,975669
611333,73,993279
403672,84,3197753
473736,84,2995637
736354,27,10724
-1,0
-1,0
-1,0
-1,0
-1,0
-1,0
-1,0
492067,136
-1,0
1313616,2
418163,36
346740,83
331197,14
527288,1
262540,578
-1,2500
-1,0
492997,89
-1,0
-1,201
-1,0
-1,0
-1,0
-1,0
-1,0
914999,32
-1,0
-1,0
313572,8
77734,225
-1,0
-1,0
-1,0
-1,0
-1,0
137228,138
-1,0
-1,0
-1,0
-1,0
-1,0
-1,0
51580,20
-1,1
226516,172
-1,0
-1,0
-1,0
-1,0
-1,1
384506,667
-1,0
-1,0
252894,76
-1,0
-1,0
256440,1
-1,0
-1,0
-1,0
-1,0
204353,50
-1,0
-1,0
-1,0
-1,0
418617,15
-1,0
-1,0
1086493,9
94121,45
162245,218
-1,0
-1,1
-1,0
-1,1
-1,0
-1,0
-1,0
-1,0
-1,0
-1,0
-1,1
127437,85
-1,0
-1,0
138768,721
1462288,37
120446,83
241589,38
514811,29
