633532,1951,116657175
618401,95,9593671
584858,94,8045338
652563,99,13215286
583755,99,16828159
611109,99,13531180
636148,80,2106646
761293,95,9266988
-1,68,610360
275282,99,13035340
1371374,70,789477
1090821,75,1254353
1445414,75,1220741
847160,78,1683997
931036,74,1141857
420863,89,4989615
956573,71,886601
602158,79,1824274
525954,82,2659090
547262,90,5801140
1187411,72,975669
617467,73,993279
407914,84,3197753
479047,84,2995637
762778,27,10724
-1,0
-1,0
-1,0
-1,0
-1,0
-1,0
-1,0
496658,136
-1,0
1322069,2
422338,36
349604,83
334156,14
530316,1
263016,578
-1,2500
-1,0
500111,89
-1,0
-1,201
-1,0
-1,0
-1,0
-1,0
-1,0
922748,32
-1,0
-1,0
315158,8
79198,225
-1,0
-1,0
-1,0
-1,0
-1,0
138528,138
-1,0
-1,0
-1,0
-1,0
-1,0
-1,0
53791,20
-1,1
228188,172
-1,0
-1,0
-1,0
-1,0
-1,1
386178,667
-1,0
-1,0
259926,76
-1,0
-1,0
258158,1
-1,0
-1,0
-1,0
-1,0
208486,50
-1,0
-1,0
-1,0
-1,0
422534,15
-1,0
-1,0
1099364,9
94812,45
166109,218
-1,0
-1,1
-1,0
-1,1
-1,0
-1,0
-1,0
-1,0
-1,0
-1,0
-1,1
130696,85
-1,0
-1,0
139703,721
1470874,37
124349,83
244304,38
519987,29
