612461,1950,115667737
602174,95,9569880
569240,94,8045338
662558,99,13148133
575292,99,16585139
688014,98,12895757
621746,80,2106646
744477,95,9265257
-1,68,610360
267032,99,13035340
1348844,70,789477
1070614,75,1254353
1418372,75,1220741
824051,78,1682322
909432,74,1141857
407326,89,4989615
935750,71,886601
587791,79,1824274
513440,82,2659090
533170,90,5784495
1165412,72,975669
602171,73,993279
396725,84,3197753
465793,84,2995637
690567,27,10724
-1,0
-1,0
-1,0
-1,0
-1,0
-1,0
-1,0
485950,136
-1,0
1300618,2
412867,36
342597,83
327325,14
523253,1
261300,578
-1,2500
-1,0
482658,89
-1,0
-1,201
-1,0
-1,0
-1,0
-1,0
-1,0
905900,32
-1,0
-1,0
310828,8
75942,225
-1,0
-1,0
-1,0
-1,0
-1,0
135672,138
-1,0
-1,0
-1,0
-1,0
-1,0
-1,0
51009,14
-1,1
224356,172
-1,0
-1,0
-1,0
-1,0
-1,1
382482,667
-1,0
-1,0
243704,76
-1,0
-1,0
254216,1
-1,0
-1,0
-1,0
-1,0
198595,50
-1,0
-1,0
-1,0
-1,0
413176,15
-1,0
-1,0
1066690,9
93096,45
156091,218
-1,0
-1,1
-1,0
-1,1
-1,0
-1,0
-1,0
-1,0
-1,0
-1,0
-1,1
123218,85
-1,0
-1,0
137589,721
1448463,37
115366,83
238003,38
508523,29
