207567,2205,320243750
149087,99,18354101
120029,99,17445495
79917,99,43872215
103738,99,48400243
124912,99,41615184
384329,87,4307937
112980,99,25366694
150874,99,13926124
469742,89,5267377
414230,92,6751654
362068,91,5929416
487088,95,8991513
445292,88,4500654
382330,86,3768946
590838,84,3141652
237856,92,6835857
325444,85,3413036
294010,91,6405440
28654,99,27475995
477253,93,7653402
307270,84,3008231
238354,91,6055251
185920,92,6667203
264936,73,1090130
-1,0
-1,0
-1,0
-1,0
-1,0
-1,0
-1,0
180256,441
1422552,2
786765,7
144326,144
186465,157
97836,60
53457,71
-1,0
-1,2500
75226,1398
210182,219
-1,0
79518,599
42458,880
61590,1303
20537,191
9759,2282
-1,0
330125,212
23983,1573
149565,12
-1,0
283672,9
150488,602
152457,119
-1,0
98048,60
329891,14
114823,180
250786,6
284141,31
100245,348
226132,237
100396,345
144561,25
-1,1
98309,240
114642,437
194891,185
28974,753
229715,60
47849,316
205902,196
60299,3330
15520,972
50147,337
282525,58
-1,0
-1,0
68903,5
25468,1230
-1,3
-1,1
369362,5
40262,402
74870,304
-1,1
149084,107
-1,0
67210,53
-1,0
-1,0
145733,187
246908,15
79968,425
-1,0
32810,404
148977,195
-1,3
-1,0
-1,0
287008,84
35451,139
-1,1
-1,0
84073,15
41940,991
154447,42
-1,0
92062,1001
388741,390
131689,44
192914,61
125914,1074
