213329,2205,320333717
150990,99,18371093
121924,99,17462487
82603,99,43889207
106520,99,48422726
127927,99,41631657
388644,87,4307937
116315,99,25366729
153645,99,13926124
476780,89,5267377
417872,92,6751654
367092,91,5929416
492687,95,8991513
452077,88,4500654
387797,86,3768946
599813,84,3141652
241805,92,6835857
330461,85,3413036
297787,91,6405440
29700,99,27475995
483398,93,7653402
312141,84,3008231
242648,91,6055251
188947,92,6667203
280477,73,1090130
-1,0
-1,0
-1,0
-1,0
-1,0
-1,0
-1,0
183063,441
1438902,2
794520,7
146306,144
188929,157
99460,60
54350,71
-1,0
-1,2500
75911,1398
216411,219
-1,0
82886,599
43709,880
62655,1303
21164,191
10167,2282
-1,0
333342,212
25489,1573
151217,12
-1,0
288183,9
151971,602
154135,119
-1,0
98972,60
334286,14
116146,180
252615,6
286741,31
100782,348
228145,237
100871,345
148234,25
-1,1
102004,240
115744,437
197260,185
29982,753
232985,60
48091,316
206716,196
60592,3330
15632,972
50788,337
291795,58
-1,0
-1,0
70223,5
25847,1230
-1,3
-1,1
373024,5
41588,402
76760,304
-1,1
151060,107
-1,0
68345,53
-1,0
-1,0
148420,187
250456,15
82415,425
-1,0
34430,404
155736,195
-1,3
-1,0
-1,0
290207,84
35735,139
-1,1
-1,0
84529,15
43456,991
155927,42
-1,0
92761,1001
391956,390
137013,44
195615,61
126806,1074
