213825,2205,320333717
151177,99,18371093
122120,99,17462487
82828,99,43889207
106789,99,48422726
128184,99,41631657
389005,87,4307937
116604,99,25366729
153884,99,13926124
477450,89,5267377
418166,92,6751654
367544,91,5929416
493222,95,8991513
452617,88,4500654
388249,86,3768946
600639,84,3141652
242152,92,6835857
330882,85,3413036
298151,91,6405440
29778,99,27475995
483910,93,7653402
312594,84,3008231
242967,91,6055251
189172,92,6667203
281821,73,1090130
-1,0
-1,0
-1,0
-1,0
-1,0
-1,0
-1,0
183337,441
1440163,2
795180,7
146489,144
189115,157
99597,60
54430,71
-1,0
-1,2500
75986,1398
216906,219
-1,0
83186,599
43794,880
62750,1303
21229,191
10210,2282
-1,0
333618,212
25592,1573
151370,12
-1,0
288574,9
152113,602
154272,119
-1,0
99048,60
334690,14
116261,180
252787,6
286966,31
100840,348
228319,237
100918,345
148528,25
-1,1
102322,240
115831,437
197452,185
30058,753
233292,60
48116,316
206809,196
60614,3330
15640,972
50821,337
292557,58
-1,0
-1,0
70339,5
25896,1230
-1,3
-1,1
373344,5
41705,402
76932,304
-1,1
151196,107
-1,0
68446,53
-1,0
-1,0
148585,187
250754,15
82595,425
-1,0
34546,404
156324,195
-1,3
-1,0
-1,0
290463,84
35769,139
-1,1
-1,0
84575,15
43597,991
156093,42
-1,0
92823,1001
392228,390
137454,44
195835,61
126885,1074
