211559,2205,320327305
150470,99,18369490
121379,99,17460884
81771,99,43887604
105642,99,48421123
127024,99,41631657
387275,87,4307937
115341,99,25366729
152767,99,13926124
474507,89,5267377
416679,92,6751654
365581,91,5929416
490894,95,8991513
450034,88,4500654
386145,86,3768946
597058,84,3141652
240450,92,6835857
328907,85,3413036
296618,91,6405440
29422,99,27475995
481405,93,7653402
310581,84,3008231
241374,91,6055251
188020,92,6667203
275891,73,1090130
-1,0
-1,0
-1,0
-1,0
-1,0
-1,0
-1,0
182159,441
1433779,2
792155,7
145637,144
188209,157
98923,60
54073,71
-1,0
-1,2500
75713,1398
214503,219
-1,0
81674,599
43277,880
62319,1303
20954,191
10046,2282
-1,0
332200,212
25024,1573
150681,12
-1,0
286726,9
151463,602
153680,119
-1,0
98636,60
332755,14
115710,180
251901,6
285874,31
100616,348
227471,237
100722,345
147062,25
-1,1
100812,240
115357,437
196494,185
29660,753
231970,60
48017,316
206423,196
60503,3330
15597,972
50591,337
288886,58
-1,0
-1,0
69788,5
25737,1230
-1,3
-1,1
371846,5
41145,402
76136,304
-1,1
150480,107
-1,0
68013,53
-1,0
-1,0
147689,187
249393,15
81695,425
-1,0
33903,404
153435,195
-1,3
-1,0
-1,0
289173,84
35637,139
-1,1
-1,0
84376,15
43008,991
155451,42
-1,0
92540,1001
390928,390
135260,44
194785,61
126571,1074
