206441,2205,320243750
148613,99,18354101
119568,99,17445495
79355,99,43872215
103131,99,48400243
124275,99,41615184
383598,87,4307937
112323,99,25366694
150417,99,13926124
468505,89,5267377
413590,92,6751654
361231,91,5929416
486115,95,8991513
443545,88,4500654
381391,86,3768946
589076,84,3141652
237137,92,6835857
324809,85,3413036
293348,91,6405440
28355,99,27475995
476175,93,7653402
306570,84,3008231
237656,91,6055251
185436,92,6667203
262038,73,1090130
-1,0
-1,0
-1,0
-1,0
-1,0
-1,0
-1,0
179745,441
1419305,2
785074,7
144020,144
185954,157
97547,60
53285,71
-1,0
-1,2500
75093,1398
209298,219
-1,0
78861,599
42246,880
61383,1303
20419,191
9668,2282
-1,0
329663,212
23699,1573
149260,12
-1,0
282900,9
150227,602
152269,119
-1,0
97907,60
329087,14
114599,180
250523,6
283727,31
100182,348
225819,237
100333,345
143931,25
-1,1
97699,240
114471,437
194471,185
28758,753
229123,60
47815,316
205773,196
60251,3330
15502,972
50044,337
280968,58
-1,0
-1,0
68650,5
25387,1230
-1,3
-1,1
368682,5
40011,402
74593,304
-1,1
148788,107
-1,0
67027,53
-1,0
-1,0
145294,187
246229,15
79525,425
-1,0
32483,404
147758,195
-1,3
-1,0
-1,0
286402,84
35396,139
-1,1
-1,0
83999,15
41688,991
154183,42
-1,0
91916,1001
388167,390
130855,44
192477,61
125797,1074
