215272,2205,320341644
151744,99,18371093
122657,99,17462487
83530,99,43889207
107510,99,48424600
128929,99,41631657
390099,87,4307937
117407,99,25372782
154534,99,13926124
479325,89,5267377
419150,92,6751654
368811,91,5929416
494638,95,8991513
454161,88,4500654
389640,86,3768946
603236,84,3141652
243091,92,6835857
331998,85,3413036
299177,91,6405440
30010,99,27475995
485517,93,7653402
313811,84,3008231
243983,91,6055251
189932,92,6667203
285522,73,1090130
-1,0
-1,0
-1,0
-1,0
-1,0
-1,0
-1,0
184140,441
1444002,2
797194,7
147065,144
189757,157
100022,60
54646,71
-1,0
-1,2500
76200,1398
218547,219
-1,0
84050,599
44112,880
63025,1303
21447,191
10316,2282
-1,0
334574,212
25928,1573
151920,12
-1,0
289811,9
152546,602
154686,119
-1,0
99266,60
335804,14
116589,180
253246,6
287694,31
100986,348
228904,237
101060,345
149555,25
-1,1
103325,240
116120,437
198038,185
30303,753
234186,60
48189,316
207074,196
60685,3330
15681,972
51047,337
295102,58
-1,0
-1,0
70717,5
26010,1230
-1,3
-1,1
374269,5
42065,402
77480,304
-1,1
151677,107
-1,0
68775,53
-1,0
-1,0
149140,187
251602,15
83136,425
-1,0
34977,404
158275,195
-1,3
-1,0
-1,0
291245,84
35832,139
-1,1
-1,0
84721,15
44036,991
156485,42
-1,0
93002,1001
393017,390
138853,44
196495,61
127159,1074
