216335,2205,320450704
151571,99,18395060
122479,99,17486454
83856,99,43921096
107858,99,48451197
129385,99,41631657
390841,87,4307937
117858,99,25375422
155029,99,13926124
480835,89,5267377
419901,92,6751654
369667,91,5929416
495447,95,8991513
455325,88,4500654
390361,86,3768946
604590,84,3141652
243795,92,6835857
332634,85,3413036
299842,91,6405440
30182,99,27475995
486601,93,7653402
314636,84,3008231
244641,91,6055251
190510,92,6667203
288093,73,1090130
-1,0
-1,0
-1,0
-1,0
-1,0
-1,0
-1,0
184700,441
1446676,2
798597,7
147478,144
190180,157
100358,60
54828,71
-1,0
-1,2500
76141,1398
219526,219
-1,0
84632,599
44354,880
63229,1303
21580,191
10382,2282
-1,0
335263,212
26066,1573
152272,12
-1,0
290707,9
152872,602
154914,119
-1,0
99447,60
336564,14
116833,180
253574,6
288186,31
101104,348
229287,237
101170,345
150343,25
-1,1
104082,240
116342,437
198498,185
30495,753
234782,60
48248,316
207225,196
60721,3330
15695,972
51189,337
296945,58
-1,0
-1,0
70941,5
26062,1230
-1,3
-1,1
374906,5
42289,402
77891,304
-1,1
151972,107
-1,0
68979,53
-1,0
-1,0
149490,187
252198,15
83594,425
366639,6
35279,404
159614,195
-1,3
-1,0
-1,0
291813,84
35902,139
-1,1
-1,0
84799,15
44369,991
156681,42
-1,0
93121,1001
393249,390
139852,44
197043,61
127364,1074
