214006,2205,320333717
151251,99,18371093
122184,99,17462487
82922,99,43889207
106876,99,48422726
128281,99,41631657
389153,87,4307937
116719,99,25366729
153961,99,13926124
477660,89,5267377
418289,92,6751654
367699,91,5929416
493408,95,8991513
452795,88,4500654
388395,86,3768946
600941,84,3141652
242274,92,6835857
331046,85,3413036
298284,91,6405440
29807,99,27475995
484094,93,7653402
312745,84,3008231
243081,91,6055251
189268,92,6667203
282294,73,1090130
-1,0
-1,0
-1,0
-1,0
-1,0
-1,0
-1,0
183439,441
1440659,2
795425,7
146555,144
189194,157
99638,60
54463,71
-1,0
-1,2500
76008,1398
217108,219
-1,0
83288,599
43837,880
62785,1303
21261,191
10218,2282
-1,0
333738,212
25676,1573
151426,12
-1,0
288730,9
152163,602
154332,119
-1,0
99072,60
334824,14
116316,180
252861,6
287052,31
100858,348
228395,237
100942,345
148672,25
-1,1
102445,240
115877,437
197550,185
30084,753
233395,60
48124,316
206853,196
60623,3330
15643,972
50852,337
292868,58
-1,0
-1,0
70388,5
25912,1230
-1,3
-1,1
373437,5
41746,402
76977,304
-1,1
151262,107
-1,0
68479,53
-1,0
-1,0
148658,187
250856,15
82679,425
-1,0
34602,404
156578,195
-1,3
-1,0
-1,0
290573,84
35773,139
-1,1
-1,0
84599,15
43662,991
156133,42
-1,0
92841,1001
392323,390
137648,44
195906,61
126918,1074
