210667,2205,320265749
150401,99,18354101
121372,99,17445495
81370,99,43872215
105267,99,48405734
126519,99,41631657
386472,87,4307937
114813,99,25366729
152334,99,13926124
473302,89,5267377
416040,92,6751654
364766,91,5929416
489960,95,8991513
448979,88,4500654
385251,86,3768946
595601,84,3141652
239854,92,6835857
328073,85,3413036
295979,91,6405440
29292,99,27475995
480425,93,7653402
309687,84,3008231
240658,91,6055251
187479,92,6667203
273456,73,1090130
-1,0
-1,0
-1,0
-1,0
-1,0
-1,0
-1,0
181727,441
1431359,2
790928,7
145305,144
187809,157
98666,60
53933,71
-1,0
-1,2500
75590,1398
213400,219
-1,0
81195,599
43110,880
62159,1303
20857,191
9978,2282
-1,0
331739,212
24777,1573
150444,12
-1,0
286046,9
151226,602
153399,119
-1,0
98481,60
332002,14
115496,180
251579,6
285431,31
100513,348
227161,237
100642,345
146502,25
-1,1
100243,240
115170,437
196114,185
29533,753
231436,60
47974,316
206252,196
60458,3330
15578,972
50509,337
287375,58
-1,0
-1,0
69591,5
25664,1230
-1,3
-1,1
371266,5
40939,402
75847,304
-1,1
150176,107
-1,0
67840,53
-1,0
-1,0
147248,187
248827,15
81326,425
-1,0
33664,404
152431,195
-1,3
-1,0
-1,0
288680,84
35589,139
-1,1
-1,0
84302,15
42784,991
155212,42
-1,0
92424,1001
390350,390
134396,44
194396,61
126386,1074
