92731,2321,352169615
392774,99,13380254
344282,99,13333629
199340,99,24369988
147695,99,40712240
82242,99,55022012
252857,95,8806759
202017,99,19674619
522551,96,9940920
322305,96,10032616
365211,94,8675359
240790,95,9376625
344811,99,13046958
164548,99,13226315
229281,91,5953860
209534,98,12540970
205568,95,8773968
147687,96,9781604
100200,99,13798647
281900,98,11842677
261044,99,13545876
156540,93,7819688
167762,97,10753903
53245,99,13298241
171016,88,4461887
-1,0
-1,0
-1,0
-1,0
-1,0
-1,0
-1,0
13723,2504
19889,475
5804,1037
36627,444
45227,378
73396,79
42284,91
51888,1366
113101,2625
138052,605
28328,716
70401,34423
14619,960
105975,480
108392,825
40879,121
182497,184
-1,1
123710,500
156901,333
14927,105
-1,0
51487,354
334611,94
78095,322
84388,15
55273,127
312517,20
326949,11
-1,0
268302,34
119015,297
272822,196
106597,328
21677,98
-1,3
192304,51
17113,1549
59982,867
132979,216
182204,73
58717,272
594279,28
239057,1349
-1,1
88537,208
170485,151
100413,27
-1,0
27370,12
142190,76
-1,0
-1,0
299964,6
30741,495
286176,45
-1,4
119870,137
-1,0
360980,19
-1,1
-1,1
95632,255
193956,22
96325,387
32156,252
114337,8
19615,598
-1,4
97979,24
-1,1
201300,299
52439,114
47569,206
95248,1
104517,13
-1,1
125316,68
102258,77
639633,50
864394,126
95884,152
20759,658
135196,1020
