92511,2314,347140151
384925,99,13379009
342488,99,13302764
200232,99,23701463
145876,99,40250050
80032,99,54808011
251793,94,8567465
205426,99,19225883
515985,96,9894557
315943,96,9995745
361446,94,8636612
236105,95,9371903
449336,97,11462899
162988,99,13216805
237959,90,5642087
204736,98,12536505
201858,94,8749304
145331,96,9694588
98660,99,13796426
274912,98,11842677
275830,99,13401777
152743,93,7818978
163906,97,10741163
53245,99,13288425
182183,86,3815055
-1,0
-1,0
-1,0
-1,0
-1,0
-1,0
-1,0
13371,2489
19047,475
5635,1037
35920,444
45399,372
78936,73
42823,88
53459,1336
106393,2625
136958,605
27453,716
67355,34423
14387,947
102128,480
105687,825
39002,121
174836,184
-1,1
237533,299
146467,333
14569,105
-1,0
49776,354
329352,94
77215,322
80484,15
54571,127
306672,20
322828,11
-1,0
264840,34
157616,214
388021,117
139694,243
20677,98
-1,3
184182,51
16951,1549
59123,867
127510,216
181865,72
58270,272
589862,28
237842,1349
-1,1
87119,208
161453,151
63727,26
-1,0
26924,12
139323,76
-1,0
-1,0
296108,6
29390,495
276082,45
-1,4
118052,137
-1,0
355300,19
-1,1
-1,1
93674,255
190824,22
94349,381
30307,252
109803,8
39279,450
-1,4
95869,24
-1,1
198733,299
51911,114
46118,206
94845,1
103733,13
-1,1
123804,68
100609,77
631364,50
1049369,86
90327,152
20938,643
137156,1001
