94017,2318,351491579
391953,99,13380254
343516,99,13333629
198692,99,24360867
147327,99,40677873
81926,99,55022012
252417,95,8806759
203361,99,19578371
521522,96,9940861
321288,96,10032616
364573,94,8675359
240198,95,9376096
344272,99,13046958
164058,99,13226315
228882,91,5953860
208841,98,12540970
205455,94,8758018
147265,96,9781594
100052,99,13798622
281030,98,11842677
261874,99,13532456
156030,93,7819688
167328,97,10753498
52996,99,13298241
192364,86,3953985
-1,0
-1,0
-1,0
-1,0
-1,0
-1,0
-1,0
13672,2502
19747,475
5770,1037
36526,444
45043,378
75578,77
42134,91
51923,1366
112548,2625
138082,605
28224,716
69995,34423
14615,958
105409,480
108038,825
40596,121
181468,184
-1,1
143027,450
155765,333
14865,105
-1,0
51211,354
333866,94
77996,322
83908,15
55186,127
311764,20
326410,11
-1,0
267820,34
118885,297
272314,196
106485,328
21542,98
-1,3
191118,51
17084,1549
59837,867
132279,216
181731,73
58627,272
593661,28
238890,1349
-1,1
88368,208
169204,151
97238,27
-1,0
27292,12
141829,76
-1,0
-1,0
299475,6
30570,495
284611,45
-1,4
119654,137
-1,0
360221,19
-1,1
-1,1
95458,255
193546,22
95805,387
31880,252
113682,8
19394,598
-1,4
97645,24
-1,1
200986,299
52367,114
47357,206
95216,1
104415,13
-1,1
125167,68
102076,77
638460,50
863512,126
95080,152
20685,658
134984,1020
