92505,2322,352680588
393508,99,13380254
344904,99,13333629
199948,99,24369988
148172,99,40712240
82481,99,55022012
253140,95,8806759
202583,99,19674619
523343,96,9940920
323011,96,10032616
365656,94,8675359
241248,95,9376625
345255,99,13046958
164852,99,13226315
229731,91,5953860
210071,98,12540970
205976,95,8774358
147964,96,9781604
100370,99,13798647
282503,98,11842677
261592,99,13545876
156932,93,7819688
168165,97,10753903
53406,99,13298241
162582,89,4972470
-1,0
-1,0
-1,0
-1,0
-1,0
-1,0
-1,0
13776,2504
19997,475
5830,1037
36698,444
45350,378
73528,79
42374,91
51887,1366
113928,2625
138235,605
28407,716
70682,34423
14721,960
106316,480
108621,825
41040,121
183152,184
-1,1
123856,500
157795,333
14961,105
-1,0
51661,354
335138,94
78153,322
84666,15
55340,127
313009,20
327286,11
-1,0
268657,34
119091,297
273155,196
106670,328
21796,98
-1,3
193063,51
17128,1549
60063,867
133401,216
182540,73
58768,272
594642,28
239219,1349
-1,1
88647,208
171343,151
102150,27
-1,0
27425,12
142427,76
-1,0
-1,0
300342,6
30854,495
287167,45
-1,4
120037,137
-1,0
361426,19
-1,1
-1,1
95817,255
194236,22
96656,387
32298,252
114763,8
19738,598
-1,4
98185,24
-1,1
201535,299
52503,114
47745,206
95293,1
104577,13
-1,1
125467,68
102453,77
640383,50
865245,126
96342,152
20821,658
135346,1020
