511970,2005,146683334
684989,93,7439880
447116,99,13034629
737239,99,13051168
741620,99,13035018
1060568,90,5882543
572249,81,2335178
288404,99,16340177
600182,92,6757514
381292,92,6870048
183047,99,13088435
538028,85,3431215
1306608,75,1319355
922052,76,1365363
871784,75,1213440
623459,83,2833686
1033191,70,794930
129718,99,13034806
517084,82,2619157
801247,83,2731790
225514,99,13838255
834765,66,514293
569916,80,2096819
429295,84,3055133
868688,5,502
-1,0
-1,0
-1,0
-1,0
-1,0
-1,0
-1,0
1369432,12
864837,5
1033772,4
1210916,3
-1,0
-1,0
-1,0
-1,498
-1,2340
-1,0
691335,43
-1,0
-1,158
-1,0
-1,0
-1,0
-1,0
-1,0
-1,1
-1,0
135828,13
-1,0
-1,0
-1,0
-1,0
-1,0
-1,1
-1,4
-1,0
-1,0
-1,1
-1,0
-1,0
-1,0
-1,0
-1,0
-1,1
-1,2
-1,1
-1,1
294625,48
-1,2
748200,10
-1,0
-1,0
-1,0
-1,0
-1,0
-1,0
-1,0
-1,0
-1,0
-1,0
247480,7
-1,0
-1,0
-1,1
-1,0
-1,0
-1,0
-1,0
-1,0
639831,43
-1,0
-1,0
-1,0
-1,1
339675,36
-1,1
-1,0
-1,0
-1,0
-1,0
-1,0
-1,0
-1,2
-1,1
-1,0
-1,0
552912,66
1402737,42
-1,0
-1,0
549353,12
