515297,2005,146683334
688237,93,7439880
449306,99,13034629
740636,99,13051168
744833,99,13035018
1063830,90,5882543
574195,81,2335178
290364,99,16340177
601759,92,6757514
382879,92,6870048
183659,99,13088435
539817,85,3431215
1310549,75,1319355
926738,76,1365363
874946,75,1213440
626184,83,2833686
1036596,70,794930
130248,99,13034806
518758,82,2619157
804577,83,2731790
226563,99,13838255
837522,66,514293
572284,80,2096819
431182,84,3055133
884880,5,502
-1,0
-1,0
-1,0
-1,0
-1,0
-1,0
-1,0
1373557,12
868272,5
1036985,4
1213776,3
-1,0
-1,0
-1,0
-1,498
-1,2340
-1,0
694594,43
-1,0
-1,158
-1,0
-1,0
-1,0
-1,0
-1,0
-1,1
-1,0
136280,13
-1,0
-1,0
-1,0
-1,0
-1,0
-1,1
-1,4
-1,0
-1,0
-1,1
-1,0
-1,0
-1,0
-1,0
-1,0
-1,1
-1,2
-1,1
-1,1
295654,48
-1,2
749640,10
-1,0
-1,0
-1,0
-1,0
-1,0
-1,0
-1,0
-1,0
-1,0
-1,0
248238,7
-1,0
-1,0
-1,1
-1,0
-1,0
-1,0
-1,0
-1,0
643049,43
-1,0
-1,0
-1,0
-1,1
342994,36
-1,1
-1,0
-1,0
-1,0
-1,0
-1,0
-1,0
-1,2
-1,1
-1,0
-1,0
554263,66
1406404,42
-1,0
-1,0
551002,12
