529807,2005,146683334
701276,93,7439880
458518,99,13034629
754716,99,13051168
758655,99,13035018
1078333,90,5882543
583594,81,2335178
298328,99,16340177
610483,92,6757514
391102,92,6870048
186600,99,13088435
549951,85,3431215
1328340,75,1319355
943571,76,1365363
889795,75,1213440
639171,83,2833686
1052728,70,794930
132988,99,13034806
528163,82,2619157
817721,83,2731790
231433,99,13838255
851277,66,514293
582804,80,2096819
439933,84,3055133
942242,5,502
-1,0
-1,0
-1,0
-1,0
-1,0
-1,0
-1,0
1391470,12
883830,5
1049436,4
1227122,3
-1,0
-1,0
-1,0
-1,498
-1,2340
-1,0
711004,43
-1,0
-1,158
-1,0
-1,0
-1,0
-1,0
-1,0
-1,1
-1,0
138551,13
-1,0
-1,0
-1,0
-1,0
-1,0
-1,1
-1,4
-1,0
-1,0
-1,1
-1,0
-1,0
-1,0
-1,0
-1,0
-1,1
-1,2
-1,1
-1,1
301200,48
-1,2
756853,10
-1,0
-1,0
-1,0
-1,0
-1,0
-1,0
-1,0
-1,0
-1,0
-1,0
251479,7
-1,0
-1,0
-1,1
-1,0
-1,0
-1,0
-1,0
-1,0
657920,43
-1,0
-1,0
-1,0
-1,1
359616,36
-1,1
-1,0
-1,0
-1,0
-1,0
-1,0
-1,0
-1,2
-1,1
-1,0
-1,0
561308,66
1421826,42
-1,0
-1,0
560076,12
