534252,2005,146683334
705126,93,7439880
461318,99,13034629
758975,99,13051168
762643,99,13035018
1082699,90,5882543
586698,81,2335178
300740,99,16340177
613406,92,6757514
393909,92,6870048
187586,99,13088435
552914,85,3431215
1333686,75,1319355
948613,76,1365363
894446,75,1213440
643272,83,2833686
1057890,70,794930
133870,99,13034806
531053,82,2619157
821779,83,2731790
233073,99,13838255
855494,66,514293
585743,80,2096819
442630,84,3055133
959049,5,502
-1,0
-1,0
-1,0
-1,0
-1,0
-1,0
-1,0
1396848,12
888742,5
1053056,4
1231447,3
-1,0
-1,0
-1,0
-1,498
-1,2340
-1,0
716051,43
-1,0
-1,158
-1,0
-1,0
-1,0
-1,0
-1,0
-1,1
-1,0
139334,13
-1,0
-1,0
-1,0
-1,0
-1,0
-1,1
-1,4
-1,0
-1,0
-1,1
-1,0
-1,0
-1,0
-1,0
-1,0
-1,1
-1,2
-1,1
-1,1
302884,48
-1,2
759201,10
-1,0
-1,0
-1,0
-1,0
-1,0
-1,0
-1,0
-1,0
-1,0
-1,0
252610,7
-1,0
-1,0
-1,1
-1,0
-1,0
-1,0
-1,0
-1,0
662373,43
-1,0
-1,0
-1,0
-1,1
365210,36
-1,1
-1,0
-1,0
-1,0
-1,0
-1,0
-1,0
-1,2
-1,1
-1,0
-1,0
563748,66
1426260,42
-1,0
-1,0
563032,12
