530709,2005,146683334
701700,93,7439880
458863,99,13034629
755343,99,13051168
759085,99,13035018
1078847,90,5882543
584125,81,2335178
298608,99,16340177
611027,92,6757514
391596,92,6870048
186793,99,13088435
550411,85,3431215
1329084,75,1319355
944467,76,1365363
890629,75,1213440
639653,83,2833686
1053598,70,794930
133149,99,13034806
528628,82,2619157
818523,83,2731790
231736,99,13838255
851974,66,514293
583200,80,2096819
440457,84,3055133
945330,5,502
-1,0
-1,0
-1,0
-1,0
-1,0
-1,0
-1,0
1392484,12
884751,5
1050130,4
1227976,3
-1,0
-1,0
-1,0
-1,498
-1,2340
-1,0
711811,43
-1,0
-1,158
-1,0
-1,0
-1,0
-1,0
-1,0
-1,1
-1,0
138695,13
-1,0
-1,0
-1,0
-1,0
-1,0
-1,1
-1,4
-1,0
-1,0
-1,1
-1,0
-1,0
-1,0
-1,0
-1,0
-1,1
-1,2
-1,1
-1,1
301538,48
-1,2
757293,10
-1,0
-1,0
-1,0
-1,0
-1,0
-1,0
-1,0
-1,0
-1,0
-1,0
251693,7
-1,0
-1,0
-1,1
-1,0
-1,0
-1,0
-1,0
-1,0
658649,43
-1,0
-1,0
-1,0
-1,1
360745,36
-1,1
-1,0
-1,0
-1,0
-1,0
-1,0
-1,0
-1,2
-1,1
-1,0
-1,0
561782,66
1422321,42
-1,0
-1,0
560643,12
