527637,2005,146683334
699312,93,7439880
457157,99,13034629
752635,99,13051168
756592,99,13035018
1076376,90,5882543
582131,81,2335178
297059,99,16340177
609050,92,6757514
389733,92,6870048
186110,99,13088435
548381,85,3431215
1325739,75,1319355
941052,76,1365363
887673,75,1213440
637041,83,2833686
1050260,70,794930
132523,99,13034806
526672,82,2619157
815684,83,2731790
230580,99,13838255
849273,66,514293
581263,80,2096819
438656,84,3055133
934772,5,502
-1,0
-1,0
-1,0
-1,0
-1,0
-1,0
-1,0
1388707,12
881475,5
1047524,4
1225038,3
-1,0
-1,0
-1,0
-1,498
-1,2340
-1,0
708524,43
-1,0
-1,158
-1,0
-1,0
-1,0
-1,0
-1,0
-1,1
-1,0
138094,13
-1,0
-1,0
-1,0
-1,0
-1,0
-1,1
-1,4
-1,0
-1,0
-1,1
-1,0
-1,0
-1,0
-1,0
-1,0
-1,1
-1,2
-1,1
-1,1
300287,48
-1,2
755632,10
-1,0
-1,0
-1,0
-1,0
-1,0
-1,0
-1,0
-1,0
-1,0
-1,0
250943,7
-1,0
-1,0
-1,1
-1,0
-1,0
-1,0
-1,0
-1,0
655750,43
-1,0
-1,0
-1,0
-1,1
357011,36
-1,1
-1,0
-1,0
-1,0
-1,0
-1,0
-1,0
-1,2
-1,1
-1,0
-1,0
560114,66
1419705,42
-1,0
-1,0
558648,12
