1319376,1620,55170852
619976,95,9253757
735387,90,5509751
831150,98,12018428
904044,96,9932952
1345210,85,3531809
830483,77,1533108
-1,75,1220857
-1,66,520667
1683280,70,777545
919752,79,1919739
1226269,72,966460
-1,50,110925
1549403,68,653623
1264730,71,818199
764943,80,2145855
1886965,50,101630
1734793,65,468509
1452210,61,333002
1040562,77,1496532
972213,78,1680214
1642975,46,70472
-1,20,4620
1808157,50,102198
-1,1,0
-1,0
-1,0
-1,0
-1,0
-1,0
-1,0
-1,0
-1,0
-1,0
-1,0
-1,0
-1,0
-1,0
-1,0
-1,0
-1,2500
-1,2
-1,0
-1,0
-1,49
-1,0
-1,0
-1,0
-1,0
-1,0
-1,0
-1,0
-1,0
-1,0
-1,0
-1,0
-1,0
-1,0
-1,0
-1,0
-1,0
-1,0
-1,0
-1,0
-1,0
-1,0
-1,0
-1,0
-1,0
-1,0
-1,0
-1,0
768607,8
-1,0
-1,0
-1,0
-1,0
-1,0
-1,0
-1,0
-1,0
-1,0
-1,0
-1,0
-1,0
-1,0
-1,0
-1,0
-1,0
-1,0
-1,0
-1,0
-1,0
-1,0
-1,0
-1,0
-1,0
-1,0
-1,0
-1,0
-1,0
-1,0
-1,0
-1,0
-1,0
-1,0
-1,0
-1,2
-1,0
-1,0
-1,0
736057,26
-1,0
-1,0
-1,0
-1,0
