1336433,1620,55170852
629594,95,9253757
745570,90,5509751
843633,98,12018428
916189,96,9932952
1358606,85,3531809
841397,77,1533108
-1,75,1220857
-1,66,520667
1700796,70,777545
928994,79,1919739
1239050,72,966460
-1,50,110925
1565752,68,653623
1281515,71,818199
777365,80,2145855
1905016,50,101630
1752712,65,468509
1469971,61,333002
1052863,77,1496532
983956,78,1680214
1661462,46,70472
-1,20,4620
1825389,50,102198
-1,1,0
-1,0
-1,0
-1,0
-1,0
-1,0
-1,0
-1,0
-1,0
-1,0
-1,0
-1,0
-1,0
-1,0
-1,0
-1,0
-1,2500
-1,2
-1,0
-1,0
-1,49
-1,0
-1,0
-1,0
-1,0
-1,0
-1,0
-1,0
-1,0
-1,0
-1,0
-1,0
-1,0
-1,0
-1,0
-1,0
-1,0
-1,0
-1,0
-1,0
-1,0
-1,0
-1,0
-1,0
-1,0
-1,0
-1,0
-1,0
778215,8
-1,0
-1,0
-1,0
-1,0
-1,0
-1,0
-1,0
-1,0
-1,0
-1,0
-1,0
-1,0
-1,0
-1,0
-1,0
-1,0
-1,0
-1,0
-1,0
-1,0
-1,0
-1,0
-1,0
-1,0
-1,0
-1,0
-1,0
-1,0
-1,0
-1,0
-1,0
-1,0
-1,0
-1,0
-1,2
-1,0
-1,0
-1,0
745675,26
-1,0
-1,0
-1,0
-1,0
