1338886,1620,55170852
631056,95,9253757
747100,90,5509751
845515,98,12018428
918096,96,9932952
1360530,85,3531809
843000,77,1533108
-1,75,1220857
-1,66,520667
1703414,70,777545
930309,79,1919739
1240821,72,966460
-1,50,110925
1568077,68,653623
1283911,71,818199
779040,80,2145855
1907548,50,101630
1755292,65,468509
1472558,61,333002
1054516,77,1496532
985560,78,1680214
1663979,46,70472
-1,20,4620
1827931,50,102198
-1,1,0
-1,0
-1,0
-1,0
-1,0
-1,0
-1,0
-1,0
-1,0
-1,0
-1,0
-1,0
-1,0
-1,0
-1,0
-1,0
-1,2500
-1,2
-1,0
-1,0
-1,49
-1,0
-1,0
-1,0
-1,0
-1,0
-1,0
-1,0
-1,0
-1,0
-1,0
-1,0
-1,0
-1,0
-1,0
-1,0
-1,0
-1,0
-1,0
-1,0
-1,0
-1,0
-1,0
-1,0
-1,0
-1,0
-1,0
-1,0
779535,8
-1,0
-1,0
-1,0
-1,0
-1,0
-1,0
-1,0
-1,0
-1,0
-1,0
-1,0
-1,0
-1,0
-1,0
-1,0
-1,0
-1,0
-1,0
-1,0
-1,0
-1,0
-1,0
-1,0
-1,0
-1,0
-1,0
-1,0
-1,0
-1,0
-1,0
-1,0
-1,0
-1,0
-1,0
-1,2
-1,0
-1,0
-1,0
747011,26
-1,0
-1,0
-1,0
-1,0
