1327625,1620,55170852
624711,95,9253757
740385,90,5509751
837242,98,12018428
910093,96,9932952
1352153,85,3531809
835681,77,1533108
-1,75,1220857
-1,66,520667
1691756,70,777545
924172,79,1919739
1232598,72,966460
-1,50,110925
1557323,68,653623
1273073,71,818199
770745,80,2145855
1896100,50,101630
1744113,65,468509
1461404,61,333002
1046543,77,1496532
977848,78,1680214
1652312,46,70472
-1,20,4620
1817218,50,102198
-1,1,0
-1,0
-1,0
-1,0
-1,0
-1,0
-1,0
-1,0
-1,0
-1,0
-1,0
-1,0
-1,0
-1,0
-1,0
-1,0
-1,2500
-1,2
-1,0
-1,0
-1,49
-1,0
-1,0
-1,0
-1,0
-1,0
-1,0
-1,0
-1,0
-1,0
-1,0
-1,0
-1,0
-1,0
-1,0
-1,0
-1,0
-1,0
-1,0
-1,0
-1,0
-1,0
-1,0
-1,0
-1,0
-1,0
-1,0
-1,0
773099,8
-1,0
-1,0
-1,0
-1,0
-1,0
-1,0
-1,0
-1,0
-1,0
-1,0
-1,0
-1,0
-1,0
-1,0
-1,0
-1,0
-1,0
-1,0
-1,0
-1,0
-1,0
-1,0
-1,0
-1,0
-1,0
-1,0
-1,0
-1,0
-1,0
-1,0
-1,0
-1,0
-1,0
-1,0
-1,2
-1,0
-1,0
-1,0
740610,26
-1,0
-1,0
-1,0
-1,0
