1323420,1620,55170852
622316,95,9253757
737883,90,5509751
834162,98,12018428
907086,96,9932952
1348658,85,3531809
832913,77,1533108
-1,75,1220857
-1,66,520667
1687402,70,777545
921923,79,1919739
1229455,72,966460
-1,50,110925
1553273,68,653623
1268844,71,818199
767873,80,2145855
1891444,50,101630
1739496,65,468509
1456898,61,333002
1043388,77,1496532
974959,78,1680214
1647760,46,70472
-1,20,4620
1812693,50,102198
-1,1,0
-1,0
-1,0
-1,0
-1,0
-1,0
-1,0
-1,0
-1,0
-1,0
-1,0
-1,0
-1,0
-1,0
-1,0
-1,0
-1,2500
-1,2
-1,0
-1,0
-1,49
-1,0
-1,0
-1,0
-1,0
-1,0
-1,0
-1,0
-1,0
-1,0
-1,0
-1,0
-1,0
-1,0
-1,0
-1,0
-1,0
-1,0
-1,0
-1,0
-1,0
-1,0
-1,0
-1,0
-1,0
-1,0
-1,0
-1,0
770692,8
-1,0
-1,0
-1,0
-1,0
-1,0
-1,0
-1,0
-1,0
-1,0
-1,0
-1,0
-1,0
-1,0
-1,0
-1,0
-1,0
-1,0
-1,0
-1,0
-1,0
-1,0
-1,0
-1,0
-1,0
-1,0
-1,0
-1,0
-1,0
-1,0
-1,0
-1,0
-1,0
-1,0
-1,0
-1,2
-1,0
-1,0
-1,0
738227,26
-1,0
-1,0
-1,0
-1,0
