1337276,1620,55170852
630108,95,9253757
746121,90,5509751
844256,98,12018428
916829,96,9932952
1359278,85,3531809
841900,77,1533108
-1,75,1220857
-1,66,520667
1701744,70,777545
929417,79,1919739
1239697,72,966460
-1,50,110925
1566556,68,653623
1282325,71,818199
777845,80,2145855
1905929,50,101630
1753524,65,468509
1470892,61,333002
1053406,77,1496532
984488,78,1680214
1662337,46,70472
-1,20,4620
1826300,50,102198
-1,1,0
-1,0
-1,0
-1,0
-1,0
-1,0
-1,0
-1,0
-1,0
-1,0
-1,0
-1,0
-1,0
-1,0
-1,0
-1,0
-1,2500
-1,2
-1,0
-1,0
-1,49
-1,0
-1,0
-1,0
-1,0
-1,0
-1,0
-1,0
-1,0
-1,0
-1,0
-1,0
-1,0
-1,0
-1,0
-1,0
-1,0
-1,0
-1,0
-1,0
-1,0
-1,0
-1,0
-1,0
-1,0
-1,0
-1,0
-1,0
778636,8
-1,0
-1,0
-1,0
-1,0
-1,0
-1,0
-1,0
-1,0
-1,0
-1,0
-1,0
-1,0
-1,0
-1,0
-1,0
-1,0
-1,0
-1,0
-1,0
-1,0
-1,0
-1,0
-1,0
-1,0
-1,0
-1,0
-1,0
-1,0
-1,0
-1,0
-1,0
-1,0
-1,0
-1,0
-1,2
-1,0
-1,0
-1,0
746133,26
-1,0
-1,0
-1,0
-1,0
