1328557,1620,55170852
625230,95,9253757
740896,90,5509751
837956,98,12018428
910752,96,9932952
1352886,85,3531809
836258,77,1533108
-1,75,1220857
-1,66,520667
1692709,70,777545
924645,79,1919739
1233304,72,966460
-1,50,110925
1558296,68,653623
1274026,71,818199
771472,80,2145855
1897091,50,101630
1745140,65,468509
1462369,61,333002
1047227,77,1496532
978467,78,1680214
1653312,46,70472
-1,20,4620
1818171,50,102198
-1,1,0
-1,0
-1,0
-1,0
-1,0
-1,0
-1,0
-1,0
-1,0
-1,0
-1,0
-1,0
-1,0
-1,0
-1,0
-1,0
-1,2500
-1,2
-1,0
-1,0
-1,49
-1,0
-1,0
-1,0
-1,0
-1,0
-1,0
-1,0
-1,0
-1,0
-1,0
-1,0
-1,0
-1,0
-1,0
-1,0
-1,0
-1,0
-1,0
-1,0
-1,0
-1,0
-1,0
-1,0
-1,0
-1,0
-1,0
-1,0
773613,8
-1,0
-1,0
-1,0
-1,0
-1,0
-1,0
-1,0
-1,0
-1,0
-1,0
-1,0
-1,0
-1,0
-1,0
-1,0
-1,0
-1,0
-1,0
-1,0
-1,0
-1,0
-1,0
-1,0
-1,0
-1,0
-1,0
-1,0
-1,0
-1,0
-1,0
-1,0
-1,0
-1,0
-1,0
-1,2
-1,0
-1,0
-1,0
741137,26
-1,0
-1,0
-1,0
-1,0
