1319938,1620,55170852
620301,95,9253757
735720,90,5509751
831548,98,12018428
904442,96,9932952
1345657,85,3531809
830781,77,1533108
-1,75,1220857
-1,66,520667
1683870,70,777545
920068,79,1919739
1226726,72,966460
-1,50,110925
1549952,68,653623
1265307,71,818199
765341,80,2145855
1887571,50,101630
1735505,65,468509
1452815,61,333002
1040929,77,1496532
972606,78,1680214
1643601,46,70472
-1,20,4620
1808768,50,102198
-1,1,0
-1,0
-1,0
-1,0
-1,0
-1,0
-1,0
-1,0
-1,0
-1,0
-1,0
-1,0
-1,0
-1,0
-1,0
-1,0
-1,2500
-1,2
-1,0
-1,0
-1,49
-1,0
-1,0
-1,0
-1,0
-1,0
-1,0
-1,0
-1,0
-1,0
-1,0
-1,0
-1,0
-1,0
-1,0
-1,0
-1,0
-1,0
-1,0
-1,0
-1,0
-1,0
-1,0
-1,0
-1,0
-1,0
-1,0
-1,0
768885,8
-1,0
-1,0
-1,0
-1,0
-1,0
-1,0
-1,0
-1,0
-1,0
-1,0
-1,0
-1,0
-1,0
-1,0
-1,0
-1,0
-1,0
-1,0
-1,0
-1,0
-1,0
-1,0
-1,0
-1,0
-1,0
-1,0
-1,0
-1,0
-1,0
-1,0
-1,0
-1,0
-1,0
-1,0
-1,2
-1,0
-1,0
-1,0
736310,26
-1,0
-1,0
-1,0
-1,0
