1328885,1620,55170852
625457,95,9253757
741125,90,5509751
838252,98,12018428
911037,96,9932952
1353184,85,3531809
836481,77,1533108
-1,75,1220857
-1,66,520667
1693045,70,777545
924796,79,1919739
1233544,72,966460
-1,50,110925
1558636,68,653623
1274390,71,818199
771780,80,2145855
1897438,50,101630
1745495,65,468509
1462742,61,333002
1047466,77,1496532
978693,78,1680214
1653668,46,70472
-1,20,4620
1818513,50,102198
-1,1,0
-1,0
-1,0
-1,0
-1,0
-1,0
-1,0
-1,0
-1,0
-1,0
-1,0
-1,0
-1,0
-1,0
-1,0
-1,0
-1,2500
-1,2
-1,0
-1,0
-1,49
-1,0
-1,0
-1,0
-1,0
-1,0
-1,0
-1,0
-1,0
-1,0
-1,0
-1,0
-1,0
-1,0
-1,0
-1,0
-1,0
-1,0
-1,0
-1,0
-1,0
-1,0
-1,0
-1,0
-1,0
-1,0
-1,0
-1,0
773795,8
-1,0
-1,0
-1,0
-1,0
-1,0
-1,0
-1,0
-1,0
-1,0
-1,0
-1,0
-1,0
-1,0
-1,0
-1,0
-1,0
-1,0
-1,0
-1,0
-1,0
-1,0
-1,0
-1,0
-1,0
-1,0
-1,0
-1,0
-1,0
-1,0
-1,0
-1,0
-1,0
-1,0
-1,0
-1,2
-1,0
-1,0
-1,0
741334,26
-1,0
-1,0
-1,0
-1,0
