1312056,1620,55170852
615349,95,9253757
730514,90,5509751
825301,98,12018428
898180,96,9932952
1339227,85,3531809
825780,77,1533108
-1,75,1220857
-1,66,520667
1675654,70,777545
915840,79,1919739
1220345,72,966460
-1,50,110925
1542286,68,653623
1257320,71,818199
759401,80,2145855
1878843,50,101630
1726526,65,468509
1443796,61,333002
1035196,77,1496532
967408,78,1680214
1634427,46,70472
-1,20,4620
1800102,50,102198
-1,1,0
-1,0
-1,0
-1,0
-1,0
-1,0
-1,0
-1,0
-1,0
-1,0
-1,0
-1,0
-1,0
-1,0
-1,0
-1,0
-1,2500
-1,2
-1,0
-1,0
-1,49
-1,0
-1,0
-1,0
-1,0
-1,0
-1,0
-1,0
-1,0
-1,0
-1,0
-1,0
-1,0
-1,0
-1,0
-1,0
-1,0
-1,0
-1,0
-1,0
-1,0
-1,0
-1,0
-1,0
-1,0
-1,0
-1,0
-1,0
764568,8
-1,0
-1,0
-1,0
-1,0
-1,0
-1,0
-1,0
-1,0
-1,0
-1,0
-1,0
-1,0
-1,0
-1,0
-1,0
-1,0
-1,0
-1,0
-1,0
-1,0
-1,0
-1,0
-1,0
-1,0
-1,0
-1,0
-1,0
-1,0
-1,0
-1,0
-1,0
-1,0
-1,0
-1,0
-1,2
-1,0
-1,0
-1,0
732425,26
-1,0
-1,0
-1,0
-1,0
