592947,1970,968182662
16729,99,42510291
33566,99,26213434
3383,99,200000000
2391,99,200000000
4748,99,174411388
7990,99,15740253
1188,99,152905354
961861,82,2454454
1482085,72,903202
1130305,74,1196090
1836511,65,456506
1265627,77,1487949
425650,89,5301487
668364,79,1912166
1021517,76,1364377
548035,82,2469270
146167,96,9976048
795126,76,1344832
499,99,117115098
502331,93,7209150
819305,67,553858
1183235,70,778645
815907,79,1878810
-1,1,0
-1,0
-1,0
-1,0
-1,0
-1,0
-1,0
-1,0
955724,36
-1,0
-1,0
421127,36
-1,0
-1,0
-1,0
-1,496
-1,1971
75448,1416
790535,34
-1,0
-1,423
283000,56
7094,3799
6994,414
146335,327
197359,6
338465,210
194913,240
2491,276
73353,292
294973,7
6063,3994
32251,697
52473,57
34152,200
18841,340
2239,2649
2395,2652
12984,402
1007,5028
1505,4974
960,5173
234195,25
-1,0
-1,1
166,15831
38496,1280
386306,25
-1,4
40124,368
5102,3400
10478,6135
25,21644
457,5013
-1,1
-1,0
-1,0
-1,0
9376,2653
114470,11
-1,0
40839,39
187914,60
18230,1363
152945,30
50695,313
-1,0
537,315
-1,0
-1,0
885648,21
-1,0
-1,0
219666,31
-1,4
33309,494
-1,1
128986,5
-1,0
1960,6287
807,506
76578,120
-1,0
32919,26
165746,27
166219,37
45843,217
263676,364
1652408,20
-1,0
250062,36
74175,1643
