590060,1968,961217731
18034,99,41154427
33618,99,26095209
3388,99,200000000
2391,99,200000000
4780,99,172863309
8003,99,15704817
1193,99,150655162
956437,82,2454454
1483118,71,897172
1124631,74,1196090
1827765,65,456506
1259068,77,1486759
422251,89,5301487
663488,79,1912166
1013847,76,1364377
544681,82,2464374
144896,96,9975901
789270,76,1344265
508,99,115492021
499346,92,7192539
816716,67,550468
1175836,70,778618
810593,79,1877610
-1,1,0
-1,0
-1,0
-1,0
-1,0
-1,0
-1,0
-1,0
950356,36
-1,0
-1,0
418079,36
-1,0
-1,0
-1,0
-1,496
-1,1971
75044,1416
783209,34
-1,0
-1,422
279670,56
7015,3799
6855,414
143414,327
195418,6
349910,201
189522,240
2462,276
73003,292
292185,7
6023,3994
32750,688
51559,57
33933,200
18659,340
2223,2649
2396,2652
12834,402
1057,4933
1569,4878
1008,5076
232186,25
-1,0
-1,1
165,15807
38214,1280
381308,25
-1,4
39978,368
5058,3400
10431,6135
27,21047
450,5013
-1,1
-1,0
-1,0
-1,0
9334,2642
112978,11
-1,0
40513,39
184921,60
18693,1313
152188,30
50464,313
-1,0
526,315
-1,0
-1,0
877584,21
-1,0
-1,0
214644,31
-1,4
32181,494
-1,1
127872,5
-1,0
1975,6237
804,506
75517,120
-1,0
32807,26
163083,27
165289,37
45528,217
290800,314
1644543,20
-1,0
248041,36
73976,1643
