594663,1970,970476417
16344,99,42883164
33505,99,26243725
3372,99,200000000
2390,99,200000000
4712,99,174854891
7967,99,15758359
1182,99,153745827
963337,82,2454454
1484431,72,903202
1131852,74,1196090
1838548,65,456506
1267242,77,1487949
426596,89,5301487
669479,79,1912166
1023154,76,1364377
549166,82,2469270
146476,96,9976087
796634,76,1344832
499,99,117690048
503288,93,7209150
810488,67,567378
1184928,70,778645
817289,79,1878810
-1,1,0
-1,0
-1,0
-1,0
-1,0
-1,0
-1,0
-1,0
957215,36
-1,0
-1,0
421982,36
-1,0
-1,0
-1,0
-1,496
-1,1971
75395,1416
792349,34
-1,0
-1,423
283878,56
7112,3799
7026,414
147090,327
197881,6
339045,210
196186,240
2496,276
72998,292
295742,7
5812,4044
32277,697
52710,57
34193,200
18882,340
2241,2649
2397,2652
13035,402
981,5071
1465,5018
943,5217
234782,25
-1,0
-1,1
167,15831
36791,1331
387558,25
-1,4
40171,368
5111,3400
10495,6135
25,21833
459,5013
-1,1
-1,0
-1,0
-1,0
9389,2653
114958,11
-1,0
40954,39
188683,60
18325,1363
153144,30
50776,313
-1,0
539,315
-1,0
-1,0
887604,21
-1,0
-1,0
220905,31
-1,4
33613,494
-1,1
129352,5
-1,0
1971,6287
811,506
76877,120
-1,0
32961,26
166512,27
166395,37
45907,217
264037,364
1654018,20
-1,0
250623,36
74266,1643
