593265,1970,968479633
16671,99,42573103
33553,99,26223658
3383,99,200000000
2391,99,200000000
4740,99,174536476
7990,99,15742606
1189,99,152911358
962119,82,2454454
1482554,72,903202
1130576,74,1196090
1836944,65,456506
1265971,77,1487949
425802,89,5301487
668597,79,1912166
1021927,76,1364377
548242,82,2469270
146227,96,9976058
795417,76,1344832
499,99,117205578
502503,93,7209150
819600,67,553858
1183614,70,778645
816142,79,1878810
-1,1,0
-1,0
-1,0
-1,0
-1,0
-1,0
-1,0
-1,0
955995,36
-1,0
-1,0
421285,36
-1,0
-1,0
-1,0
-1,496
-1,1971
75465,1416
790892,34
-1,0
-1,423
283151,56
7097,3799
6999,414
146464,327
197465,6
338561,210
195141,240
2494,276
73378,292
295136,7
6065,3994
32257,697
52512,57
34157,200
18848,340
2240,2649
2394,2652
12993,402
1007,5028
1506,4974
960,5173
234295,25
-1,0
-1,1
166,15831
38506,1280
386488,25
-1,4
40133,368
5104,3400
10480,6135
25,21644
457,5013
-1,1
-1,0
-1,0
-1,0
9380,2653
114519,11
-1,0
40859,39
188037,60
18238,1363
152990,30
50721,313
-1,0
537,315
-1,0
-1,0
885986,21
-1,0
-1,0
219851,31
-1,4
33352,494
-1,1
129025,5
-1,0
1962,6287
808,506
76617,120
-1,0
32927,26
165879,27
166263,37
45855,217
263738,364
1652805,20
-1,0
250158,36
74187,1643
