580732,1967,949923256
19324,99,39889831
33340,99,25976708
3402,99,199731251
2395,99,200000000
4937,99,169646090
7980,99,15661133
1183,99,147359035
947891,82,2454454
1468054,71,897172
1115975,74,1196090
1813192,65,456506
1247670,77,1486354
416201,89,5301386
655803,79,1912166
1001736,76,1363087
538078,82,2464338
142912,96,9975727
779997,76,1344265
523,99,112413845
493686,92,7192534
811561,66,545153
1163052,70,778591
801918,79,1877540
-1,1,0
-1,0
-1,0
-1,0
-1,0
-1,0
-1,0
-1,0
942257,36
-1,0
-1,0
413667,36
-1,0
-1,0
-1,0
-1,496
-1,1971
74380,1416
771200,34
-1,0
-1,420
274717,56
6898,3799
6683,414
177868,159
192556,6
362943,191
179608,240
2416,276
72168,292
288139,7
6675,3803
32545,688
49904,57
33610,200
18615,337
2206,2649
2379,2652
13024,399
1052,4933
1564,4878
1000,5076
229219,25
-1,0
-1,1
161,15800
37827,1280
372032,25
-1,4
39780,368
5010,3400
10697,6080
30,20419
474,4870
-1,1
-1,0
-1,0
-1,0
9441,2600
110475,11
-1,0
39972,39
180348,60
18268,1310
151183,30
50032,313
-1,0
507,315
-1,0
-1,0
863977,21
-1,0
-1,0
208688,31
-1,4
39358,447
-1,1
126126,5
-1,0
1924,6237
822,502
73993,120
-1,0
32630,26
158984,27
163921,37
45088,217
288703,314
1631026,20
-1,0
244999,36
77064,1588
