595714,1970,972103049
16173,99,43072801
33506,99,26266584
3371,99,200000000
2390,99,200000000
4691,99,175362655
7933,99,15772494
1175,99,154252150
964258,82,2454454
1485990,72,903202
1132842,74,1196090
1840031,65,456506
1268527,77,1487949
427221,89,5301487
670285,79,1912166
1024668,76,1364377
549783,82,2469270
146716,96,9976113
797589,76,1344879
495,99,118075869
503959,93,7209150
811368,67,567378
1186085,70,778665
818128,79,1878810
-1,1,0
-1,0
-1,0
-1,0
-1,0
-1,0
-1,0
-1,0
958157,36
-1,0
-1,0
422568,36
-1,0
-1,0
-1,0
-1,496
-1,1971
75500,1416
793634,34
-1,0
-1,423
284383,56
7126,3799
7045,414
147539,327
198256,6
339363,210
197064,240
2499,276
73129,292
296257,7
5630,4094
32297,697
52843,57
34233,200
18692,343
2166,2700
2402,2652
13070,402
953,5127
1432,5074
919,5274
235179,25
-1,0
-1,1
166,15831
36846,1331
388274,25
-1,4
40200,368
5112,3400
10505,6135
24,21900
460,5013
-1,1
-1,0
-1,0
-1,0
9406,2653
115149,11
-1,0
41028,39
189142,60
18381,1363
153322,30
50805,313
-1,0
542,315
-1,0
-1,0
889004,21
-1,0
-1,0
221516,31
-1,4
33774,494
-1,1
129545,5
-1,0
1974,6287
815,506
77058,120
-1,0
32987,26
167043,27
166550,37
45957,217
264262,364
1655399,20
-1,0
250947,36
74312,1643
