589680,1968,960826230
18151,99,41061908
33595,99,26095209
3388,99,200000000
2391,99,200000000
4788,99,172726367
8006,99,15701337
1190,99,150614740
956095,82,2454454
1482577,71,897172
1124313,74,1196090
1827199,65,456506
1258647,77,1486759
422072,89,5301487
663218,79,1912166
1013329,76,1364377
544462,82,2464374
144829,96,9975900
788959,76,1344265
509,99,115373884
499124,92,7192539
816400,67,550468
1175405,70,778618
810288,79,1877610
-1,1,0
-1,0
-1,0
-1,0
-1,0
-1,0
-1,0
-1,0
950080,36
-1,0
-1,0
417912,36
-1,0
-1,0
-1,0
-1,496
-1,1971
75019,1416
782772,34
-1,0
-1,422
279513,56
7014,3799
6847,414
143270,327
195320,6
349822,201
189182,240
2461,276
72969,292
292041,7
6020,3994
32745,688
51504,57
33924,200
18650,340
2223,2649
2395,2652
12827,402
1057,4933
1569,4878
1008,5076
232080,25
-1,0
-1,1
165,15807
38197,1280
381025,25
-1,4
39971,368
5057,3400
10429,6135
27,21047
450,5013
-1,1
-1,0
-1,0
-1,0
9334,2642
112918,11
-1,0
40489,39
184761,60
18670,1313
152151,30
50442,313
-1,0
525,315
-1,0
-1,0
877130,21
-1,0
-1,0
214472,31
-1,4
32130,494
-1,1
127831,5
-1,0
1972,6237
804,506
75477,120
-1,0
32803,26
162939,27
165250,37
45511,217
290717,314
1644061,20
-1,0
247951,36
73953,1643
