589846,1970,964859748
17197,99,41975402
33481,99,26175024
3387,99,200000000
2392,99,200000000
4771,99,173630896
7956,99,15733599
1191,99,151668289
959248,82,2454454
1477744,72,903202
1127527,74,1196090
1832363,65,456506
1262239,77,1487949
423992,89,5301487
666067,79,1912166
1017698,76,1364377
546140,82,2469270
145626,96,9975967
792145,76,1344832
504,99,116391519
500561,93,7209148
818134,67,552143
1179767,70,778618
813263,79,1878810
-1,1,0
-1,0
-1,0
-1,0
-1,0
-1,0
-1,0
-1,0
953062,36
-1,0
-1,0
419700,36
-1,0
-1,0
-1,0
-1,496
-1,1971
75235,1416
786960,34
-1,0
-1,422
281409,56
7053,3799
6930,414
144925,327
196365,6
337429,210
192448,240
2476,276
73187,292
293580,7
6041,3994
32201,697
52040,57
34057,200
18739,340
2231,2649
2393,2652
12903,402
1005,5028
1499,4974
958,5173
233164,25
-1,0
-1,1
165,15807
38371,1280
383885,25
-1,4
40049,368
5082,3400
10457,6135
26,21300
453,5013
-1,1
-1,0
-1,0
-1,0
9391,2642
113756,11
-1,0
40690,39
186460,60
18050,1363
152564,30
50593,313
-1,0
531,315
-1,0
-1,0
881747,21
-1,0
-1,0
217165,31
-1,4
32775,494
-1,1
128416,5
-1,0
1945,6287
806,506
76021,120
-1,0
32868,26
164470,27
165812,37
45686,217
291548,314
1648677,20
-1,0
249033,36
74031,1643
