179268,2237,262175484
552082,98,12017315
473317,98,12361445
229054,99,22140266
248414,99,30298043
396491,99,18240485
296949,91,6244047
171317,99,21291744
537209,95,9215235
545416,87,4169669
380555,94,7968031
371381,91,5924240
577630,91,6295024
308297,94,8067545
406854,86,3672863
448785,88,4460229
290054,90,5716563
246586,88,4615934
223670,96,10578070
142007,99,15401812
37604,99,27437228
279031,86,3618765
47984,99,15285012
408105,84,3165574
189239,87,3990345
-1,0
-1,0
-1,0
-1,0
-1,0
-1,0
-1,0
99869,730
124140,75
166685,61
132933,160
79528,288
72728,79
58065,67
558809,500
-1,2500
-1,0
148601,270
-1,0
116735,537
-1,0
-1,0
228441,23
40867,1161
194335,7
259170,277
549417,15
288312,6
225296,32
219350,31
-1,0
120464,182
37114,109
112695,51
160360,42
-1,1
236775,9
370638,25
65619,511
88663,520
65335,513
149293,25
-1,0
-1,1
-1,1
60089,866
-1,1
15401,259
144885,129
77899,501
92634,2709
153500,69
-1,1
-1,1
-1,0
-1,0
72718,5
187032,28
-1,2
-1,0
429626,5
133252,120
361174,28
154221,30
178680,91
-1,0
155888,37
-1,0
67959,171
320619,102
361092,6
-1,0
-1,0
-1,1
-1,0
-1,1
-1,2
-1,0
153514,476
35344,140
64057,151
-1,0
32400,26
-1,1
60592,213
-1,0
606344,52
624453,207
-1,0
-1,0
255854,457
