178898,2237,262175484
551523,98,12017315
472777,98,12361445
228646,99,22140266
248073,99,30298043
396081,99,18240485
296745,91,6244047
171038,99,21291744
536787,95,9215235
544750,87,4169669
380322,94,7968031
371041,91,5924240
577143,91,6295024
308008,94,8067545
406463,86,3672863
448148,88,4460229
289705,90,5716563
246378,88,4615934
223434,96,10578070
141803,99,15401812
37539,99,27437228
278677,86,3618765
47921,99,15285012
407721,84,3165574
188519,87,3990345
-1,0
-1,0
-1,0
-1,0
-1,0
-1,0
-1,0
99716,730
123905,75
166469,61
132768,160
79411,288
72601,79
57974,67
558817,500
-1,2500
-1,0
148269,270
-1,0
116463,537
-1,0
-1,0
227912,23
40755,1161
194056,7
258949,277
546870,15
288106,6
225139,32
219073,31
-1,0
120387,182
37038,109
112635,51
160252,42
-1,1
236666,9
370339,25
65586,511
88625,520
65308,513
148982,25
-1,0
-1,1
-1,1
60034,866
-1,1
15376,259
144792,129
77884,501
92603,2709
153405,69
-1,1
-1,1
-1,0
-1,0
72628,5
186884,28
-1,2
-1,0
429373,5
132997,120
360539,28
154092,30
178518,91
-1,0
155782,37
-1,0
67840,171
320222,102
360702,6
-1,0
-1,0
-1,1
-1,0
-1,1
-1,2
-1,0
153425,476
35321,140
63942,151
-1,0
32380,26
-1,1
60550,213
-1,0
605945,52
624046,207
-1,0
-1,0
255673,457
