169641,2237,262175484
535724,98,12017315
459004,98,12361445
217456,99,22140266
237957,99,30298043
384350,99,18240485
290756,91,6244047
162731,99,21291744
526285,95,9215235
529585,87,4169669
374100,94,7968031
361828,91,5924240
565353,91,6295024
299781,94,8067545
396156,86,3672863
433815,88,4460229
281170,90,5716563
239835,88,4615934
218109,96,10578070
135270,99,15401812
36306,99,27437228
270514,86,3618765
46066,99,15285012
396553,84,3165574
170338,87,3990345
-1,0
-1,0
-1,0
-1,0
-1,0
-1,0
-1,0
96161,730
118564,75
161474,61
129292,160
76609,288
69933,79
56149,67
555016,500
-1,2500
-1,0
140599,270
-1,0
108279,537
-1,0
-1,0
213280,23
37806,1161
187840,7
254214,277
471759,15
282556,6
221871,32
212067,31
-1,0
118355,182
34938,109
110695,51
157438,42
-1,1
233604,9
362386,25
64985,511
87575,520
64697,513
141868,25
-1,0
-1,1
-1,1
58876,866
-1,1
14833,259
142536,129
77128,501
91809,2709
151003,69
-1,1
-1,1
70125,5
-1,0
181504,28
-1,2
-1,0
422792,5
125739,120
344953,28
151739,30
173944,91
-1,0
151871,37
-1,0
65182,171
309351,102
349216,6
-1,0
-1,0
-1,1
-1,0
-1,1
-1,2
-1,0
150719,476
34777,140
61093,151
-1,0
31948,26
-1,1
59355,213
-1,0
594934,52
614361,207
-1,0
-1,0
251052,457
