172121,2237,262175484
540312,98,12017315
462964,98,12361445
220671,99,22140266
240877,99,30298043
387536,99,18240485
292310,91,6244047
165089,99,21291744
528666,95,9215235
533300,87,4169669
375667,94,7968031
363965,91,5924240
568327,91,6295024
302215,94,8067545
398730,86,3672863
437585,88,4460229
283261,90,5716563
241215,88,4615934
219407,96,10578070
137412,99,15401812
36599,99,27437228
272360,86,3618765
46467,99,15285012
399372,84,3165574
175361,87,3990345
-1,0
-1,0
-1,0
-1,0
-1,0
-1,0
-1,0
96979,730
119811,75
162644,61
130056,160
77401,288
70610,79
56605,67
556284,500
-1,2500
-1,0
142071,270
-1,0
110529,537
-1,0
-1,0
216692,23
38633,1161
189442,7
255258,277
493395,15
283931,6
222936,32
213786,31
-1,0
118782,182
35235,109
111181,51
158131,42
-1,1
234320,9
364280,25
65111,511
87835,520
64829,513
143539,25
-1,0
-1,1
-1,1
59139,866
-1,1
14965,259
143084,129
77315,501
92034,2709
151569,69
-1,1
-1,1
-1,0
-1,0
70771,5
182873,28
-1,2
-1,0
424542,5
127615,120
348412,28
152365,30
175045,91
-1,0
152806,37
-1,0
65860,171
311955,102
352546,6
-1,0
-1,0
-1,1
-1,0
-1,1
-1,2
-1,0
151426,476
34932,140
61823,151
-1,0
32085,26
-1,1
59695,213
-1,0
597533,52
616942,207
-1,0
-1,0
252091,457
