175144,2237,262175484
545509,98,12017315
467633,98,12361445
224387,99,22140266
244265,99,30298043
391588,99,18240485
294323,91,6244047
167772,99,21291744
532098,95,9215235
538232,87,4169669
377631,94,7968031
367162,91,5924240
572278,91,6295024
304764,94,8067545
402346,86,3672863
442239,88,4460229
286140,90,5716563
243662,88,4615934
221151,96,10578070
139456,99,15401812
36996,99,27437228
275273,86,3618765
47194,99,15285012
403111,84,3165574
181177,87,3990345
-1,0
-1,0
-1,0
-1,0
-1,0
-1,0
-1,0
98127,730
121576,75
164163,61
131192,160
78279,288
71437,79
57187,67
557647,500
-1,2500
-1,0
144966,270
-1,0
113027,537
-1,0
-1,0
221385,23
39572,1161
191403,7
256713,277
519044,15
285633,6
224180,32
216067,31
-1,0
119627,182
36175,109
111771,51
158996,42
-1,1
235198,9
366834,25
65303,511
88155,520
65027,513
145826,25
-1,0
-1,1
-1,1
59513,866
-1,1
15141,259
143716,129
77529,501
92292,2709
152271,69
-1,1
-1,1
-1,0
-1,0
71572,5
184675,28
-1,2
-1,0
426650,5
129976,120
353568,28
153059,30
176660,91
-1,0
154078,37
-1,0
66668,171
315827,102
356254,6
-1,0
-1,0
-1,1
-1,0
-1,1
-1,2
-1,0
152302,476
35090,140
62684,151
-1,0
32203,26
-1,1
60101,213
-1,0
601064,52
620375,207
-1,0
-1,0
253529,457
