175701,2237,262175484
546410,98,12017315
468415,98,12361445
225022,99,22140266
244821,99,30298043
392245,99,18240485
294647,91,6244047
168206,99,21291744
532840,95,9215235
539173,87,4169669
378000,94,7968031
367704,91,5924240
572957,91,6295024
305254,94,8067545
402898,86,3672863
443039,88,4460229
286595,90,5716563
244079,88,4615934
221449,96,10578070
139786,99,15401812
37070,99,27437228
275769,86,3618765
47304,99,15285012
403795,84,3165574
182202,87,3990345
-1,0
-1,0
-1,0
-1,0
-1,0
-1,0
-1,0
98337,730
121891,75
164502,61
131418,160
78426,288
71574,79
57305,67
557918,500
-1,2500
-1,0
145474,270
-1,0
113626,537
-1,0
-1,0
222266,23
39741,1161
191763,7
256999,277
523611,15
285953,6
224315,32
216489,31
-1,0
119729,182
36303,109
111896,51
159179,42
-1,1
235437,9
367330,25
65344,511
88220,520
65061,513
146236,25
-1,0
-1,1
-1,1
59589,866
-1,1
15175,259
143858,129
77574,501
92335,2709
152419,69
-1,1
-1,1
-1,0
-1,0
71701,5
184918,28
-1,2
-1,0
427020,5
130429,120
354583,28
153182,30
176926,91
-1,0
154309,37
-1,0
66829,171
316418,102
356913,6
-1,0
-1,0
-1,1
-1,0
-1,1
-1,2
-1,0
152475,476
35115,140
62830,151
-1,0
32220,26
-1,1
60157,213
-1,0
601741,52
620872,207
-1,0
-1,0
253800,457
