171980,2237,262175484
540025,98,12017315
462708,98,12361445
220489,99,22140266
240696,99,30298043
387328,99,18240485
292199,91,6244047
164948,99,21291744
528491,95,9215235
533045,87,4169669
375552,94,7968031
363784,91,5924240
568147,91,6295024
302084,94,8067545
398558,86,3672863
437307,88,4460229
283132,90,5716563
241093,88,4615934
219305,96,10578070
137303,99,15401812
36577,99,27437228
272248,86,3618765
46449,99,15285012
399175,84,3165574
175077,87,3990345
-1,0
-1,0
-1,0
-1,0
-1,0
-1,0
-1,0
96912,730
119723,75
162572,61
130008,160
77358,288
70562,79
56575,67
556213,500
-1,2500
-1,0
141975,270
-1,0
110404,537
-1,0
-1,0
216485,23
38581,1161
189361,7
255181,277
492105,15
283839,6
222846,32
213676,31
-1,0
118748,182
35216,109
111150,51
158085,42
-1,1
234275,9
364174,25
65107,511
87817,520
64829,513
143427,25
-1,0
-1,1
-1,1
59124,866
-1,1
14959,259
143050,129
77296,501
92022,2709
151526,69
-1,1
-1,1
-1,0
-1,0
70730,5
182787,28
-1,2
-1,0
424443,5
127502,120
348226,28
152332,30
174970,91
-1,0
152742,37
-1,0
65819,171
311776,102
352354,6
-1,0
-1,0
-1,1
-1,0
-1,1
-1,2
-1,0
151391,476
34917,140
61774,151
-1,0
32069,26
-1,1
59675,213
-1,0
597337,52
616753,207
-1,0
-1,0
252031,457
