171833,2237,262175484
539790,98,12017315
462494,98,12361445
220321,99,22140266
240543,99,30298043
387161,99,18240485
292118,91,6244047
164789,99,21291744
528349,95,9215235
532802,87,4169669
375478,94,7968031
363638,91,5924240
567966,91,6295024
301969,94,8067545
398411,86,3672863
437058,88,4460229
283006,90,5716563
241011,88,4615934
219232,96,10578070
137206,99,15401812
36557,99,27437228
272124,86,3618765
46436,99,15285012
399029,84,3165574
174763,87,3990345
-1,0
-1,0
-1,0
-1,0
-1,0
-1,0
-1,0
96868,730
119638,75
162498,61
129975,160
77320,288
70522,79
56554,67
556151,500
-1,2500
-1,0
141892,270
-1,0
110267,537
-1,0
-1,0
216282,23
38527,1161
189258,7
255126,277
490861,15
283747,6
222799,32
213582,31
-1,0
118739,182
35199,109
111118,51
158047,42
-1,1
234233,9
364065,25
65102,511
87809,520
64823,513
143318,25
-1,0
-1,1
-1,1
59102,866
-1,1
14951,259
143035,129
77288,501
92018,2709
151502,69
-1,1
-1,1
-1,0
-1,0
70692,5
182718,28
-1,2
-1,0
424335,5
127377,120
348010,28
152305,30
174933,91
-1,0
152673,37
-1,0
65780,171
311621,102
352189,6
-1,0
-1,0
-1,1
-1,0
-1,1
-1,2
-1,0
151346,476
34907,140
61734,151
-1,0
32061,26
-1,1
59659,213
-1,0
597203,52
616597,207
-1,0
-1,0
251971,457
