175302,2237,262175484
545788,98,12017315
467863,98,12361445
224561,99,22140266
244415,99,30298043
391807,99,18240485
294415,91,6244047
167912,99,21291744
532294,95,9215235
538482,87,4169669
377746,94,7968031
367326,91,5924240
572488,91,6295024
304882,94,8067545
402522,86,3672863
442507,88,4460229
286274,90,5716563
243782,88,4615934
221228,96,10578070
139549,99,15401812
37013,99,27437228
275420,86,3618765
47231,99,15285012
403296,84,3165574
181446,87,3990345
-1,0
-1,0
-1,0
-1,0
-1,0
-1,0
-1,0
98185,730
121656,75
164256,61
131249,160
78319,288
71468,79
57218,67
557726,500
-1,2500
-1,0
145125,270
-1,0
113142,537
-1,0
-1,0
221605,23
39610,1161
191505,7
256793,277
520262,15
285720,6
224227,32
216183,31
-1,0
119651,182
36203,109
111802,51
159044,42
-1,1
235255,9
366987,25
65312,511
88176,520
65035,513
145940,25
-1,0
-1,1
-1,1
59534,866
-1,1
15149,259
143749,129
77545,501
92311,2709
152311,69
-1,1
-1,1
-1,0
-1,0
71600,5
184739,28
-1,2
-1,0
426757,5
130094,120
353852,28
153096,30
176757,91
-1,0
154137,37
-1,0
66710,171
315993,102
356412,6
-1,0
-1,0
-1,1
-1,0
-1,1
-1,2
-1,0
152340,476
35096,140
62725,151
-1,0
32208,26
-1,1
60120,213
-1,0
601266,52
620577,207
-1,0
-1,0
253631,457
