180502,2237,262175484
554172,98,12017315
475140,98,12361445
230499,99,22140266
249692,99,30298043
398157,99,18240485
297799,91,6244047
172435,99,21291744
538682,95,9215235
547572,87,4169669
381441,94,7968031
372534,91,5924240
579324,91,6295024
309281,94,8067545
408241,86,3672863
450640,88,4460229
291203,90,5716563
247457,88,4615934
224402,96,10578070
142710,99,15401812
37787,99,27437228
280185,86,3618765
48205,99,15285012
409588,84,3165574
191393,87,3990345
-1,0
-1,0
-1,0
-1,0
-1,0
-1,0
-1,0
100349,730
124893,75
167399,61
133393,160
79885,288
73113,79
58315,67
559146,500
-1,2500
-1,0
149669,270
-1,0
117718,537
-1,0
-1,0
230284,23
41213,1161
195196,7
259892,277
559702,15
289091,6
225992,32
220324,31
-1,0
120745,182
37410,109
112946,51
160743,42
-1,1
237194,9
371643,25
65700,511
88806,520
65412,513
150153,25
-1,0
-1,1
-1,1
60243,866
-1,1
15471,259
145215,129
77992,501
92711,2709
153834,69
-1,1
-1,1
-1,0
-1,0
73023,5
187655,28
-1,2
-1,0
430507,5
134149,120
363239,28
154565,30
179259,91
-1,0
156381,37
-1,0
68374,171
321984,102
362421,6
-1,0
-1,0
-1,1
-1,0
-1,1
-1,2
-1,0
153831,476
35411,140
64461,151
-1,0
32428,26
-1,1
60735,213
-1,0
607905,52
625741,207
-1,0
-1,0
256545,457
