175845,2237,262175484
546692,98,12017315
468661,98,12361445
225231,99,22140266
245011,99,30298043
392434,99,18240485
294752,91,6244047
168366,99,21291744
533029,95,9215235
539391,87,4169669
378128,94,7968031
367864,91,5924240
573194,91,6295024
305393,94,8067545
403099,86,3672863
443275,88,4460229
286794,90,5716563
244201,88,4615934
221541,96,10578070
139897,99,15401812
37092,99,27437228
275894,86,3618765
47344,99,15285012
404003,84,3165574
182461,87,3990345
-1,0
-1,0
-1,0
-1,0
-1,0
-1,0
-1,0
98385,730
121979,75
164576,61
131474,160
78478,288
71637,79
57334,67
558046,500
-1,2500
-1,0
145620,270
-1,0
113767,537
-1,0
-1,0
222544,23
39803,1161
191878,7
257116,277
524882,15
286048,6
224410,32
216587,31
-1,0
119767,182
36343,109
111940,51
159238,42
-1,1
235513,9
367483,25
65354,511
88241,520
65081,513
146368,25
-1,0
-1,1
-1,1
59606,866
-1,1
15186,259
143909,129
77595,501
92351,2709
152469,69
-1,1
-1,1
-1,0
-1,0
71751,5
185038,28
-1,2
-1,0
427163,5
130550,120
354900,28
153248,30
177048,91
-1,0
154366,37
-1,0
66874,171
316608,102
357132,6
-1,0
-1,0
-1,1
-1,0
-1,1
-1,2
-1,0
152521,476
35124,140
62876,151
-1,0
32226,26
-1,1
60184,213
-1,0
601956,52
621100,207
-1,0
-1,0
253915,457
