170580,2237,262175484
537414,98,12017315
460453,98,12361445
218656,99,22140266
238979,99,30298043
385429,99,18240485
291342,91,6244047
163558,99,21291744
527108,95,9215235
531008,87,4169669
374677,94,7968031
362470,91,5924240
566378,91,6295024
300748,94,8067545
397015,86,3672863
435161,88,4460229
281911,90,5716563
240323,88,4615934
218589,96,10578070
136023,99,15401812
36426,99,27437228
271191,86,3618765
46197,99,15285012
397588,84,3165574
172606,87,3990345
-1,0
-1,0
-1,0
-1,0
-1,0
-1,0
-1,0
96421,730
118983,75
161913,61
129573,160
76870,288
70184,79
56326,67
555402,500
-1,2500
-1,0
141024,270
-1,0
109175,537
-1,0
-1,0
214476,23
38095,1161
188437,7
254600,277
479505,15
283033,6
222297,32
212663,31
-1,0
118509,182
35060,109
110890,51
157722,42
-1,1
233824,9
363120,25
65053,511
87678,520
64762,513
142424,25
-1,0
-1,1
-1,1
58983,866
-1,1
14893,259
142771,129
77181,501
91917,2709
151224,69
-1,1
-1,1
-1,0
-1,0
70352,5
181948,28
-1,2
-1,0
423397,5
126379,120
346151,28
152024,30
174299,91
-1,0
152160,37
-1,0
65466,171
310223,102
350590,6
-1,0
-1,0
-1,1
-1,0
-1,1
-1,2
-1,0
150966,476
34829,140
61335,151
-1,0
32007,26
-1,1
59449,213
-1,0
595899,52
615210,207
-1,0
-1,0
251415,457
