175557,2237,262175484
546202,98,12017315
468253,98,12361445
224876,99,22140266
244654,99,30298043
392082,99,18240485
294567,91,6244047
168102,99,21291744
532645,95,9215235
538922,87,4169669
377912,94,7968031
367607,91,5924240
572880,91,6295024
305113,94,8067545
402782,86,3672863
442938,88,4460229
286474,90,5716563
243989,88,4615934
221376,96,10578070
139698,99,15401812
37048,99,27437228
275670,86,3618765
47276,99,15285012
403645,84,3165574
181937,87,3990345
-1,0
-1,0
-1,0
-1,0
-1,0
-1,0
-1,0
98283,730
121792,75
164407,61
131351,160
78388,288
71543,79
57277,67
557866,500
-1,2500
-1,0
145348,270
-1,0
113475,537
-1,0
-1,0
222027,23
39693,1161
191680,7
256908,277
522513,15
285861,6
224258,32
216375,31
-1,0
119706,182
36274,109
111866,51
159117,42
-1,1
235357,9
367180,25
65328,511
88203,520
65050,513
146119,25
-1,0
-1,1
-1,1
59567,866
-1,1
15167,259
143820,129
77562,501
92319,2709
152371,69
-1,1
-1,1
-1,0
-1,0
71664,5
184833,28
-1,2
-1,0
426939,5
130311,120
354312,28
153132,30
176918,91
-1,0
154234,37
-1,0
66791,171
316290,102
356760,6
-1,0
-1,0
-1,1
-1,0
-1,1
-1,2
-1,0
152428,476
35104,140
62799,151
-1,0
32212,26
-1,1
60137,213
-1,0
601567,52
620849,207
-1,0
-1,0
253730,457
