178443,2237,262175484
550808,98,12017315
472113,98,12361445
228139,99,22140266
247611,99,30298043
395485,99,18240485
296458,91,6244047
170611,99,21291744
536229,95,9215235
544017,87,4169669
379989,94,7968031
370636,91,5924240
576455,91,6295024
307639,94,8067545
405978,86,3672863
447439,88,4460229
289285,90,5716563
246057,88,4615934
223147,96,10578070
141550,99,15401812
37485,99,27437228
278266,86,3618765
47848,99,15285012
407188,84,3165574
187748,87,3990345
-1,0
-1,0
-1,0
-1,0
-1,0
-1,0
-1,0
99544,730
123634,75
166217,61
132603,160
79268,288
72471,79
57882,67
558697,500
-1,2500
-1,0
147871,270
-1,0
116092,537
-1,0
-1,0
227176,23
40622,1161
193760,7
258678,277
543839,15
287809,6
224894,32
218743,31
-1,0
120283,182
36930,109
112521,51
160081,42
-1,1
236444,9
369915,25
65555,511
88557,520
65276,513
148571,25
-1,0
-1,1
-1,1
59968,866
-1,1
15354,259
144643,129
77829,501
92564,2709
153243,69
-1,1
-1,1
-1,0
-1,0
72518,5
186576,28
-1,2
-1,0
429031,5
132677,120
359737,28
153953,30
178296,91
-1,0
155593,37
-1,0
67704,171
319671,102
360227,6
-1,0
-1,0
-1,1
-1,0
-1,1
-1,2
-1,0
153296,476
35284,140
63783,151
-1,0
32353,26
-1,1
60494,213
-1,0
605363,52
623537,207
-1,0
-1,0
255397,457
