177035,2237,262175484
548557,98,12017315
470304,98,12361445
226532,99,22140266
246222,99,30298043
394025,99,18240485
295499,91,6244047
169424,99,21291744
534466,95,9215235
541342,87,4169669
378952,94,7968031
369122,91,5924240
574851,91,6295024
306378,94,8067545
404428,86,3672863
445143,88,4460229
287966,90,5716563
245196,88,4615934
222250,96,10578070
140628,99,15401812
37251,99,27437228
276967,86,3618765
47581,99,15285012
405508,84,3165574
184873,87,3990345
-1,0
-1,0
-1,0
-1,0
-1,0
-1,0
-1,0
98893,730
122628,75
165285,61
131979,160
78849,288
72011,79
57575,67
558546,500
-1,2500
-1,0
146666,270
-1,0
114770,537
-1,0
-1,0
224657,23
40166,1161
192650,7
257806,277
534326,15
286757,6
224930,32
217509,31
-1,0
120017,182
36598,109
112214,51
159586,42
-1,1
236002,9
368545,25
65433,511
88384,520
65151,513
147296,25
-1,0
-1,1
-1,1
59761,866
-1,1
15251,259
144259,129
77704,501
92445,2709
152834,69
-1,1
-1,1
-1,0
-1,0
72089,5
185817,28
-1,2
-1,0
428005,5
131466,120
357021,28
153555,30
177609,91
-1,0
154937,37
-1,0
67218,171
318041,102
358491,6
-1,0
-1,0
-1,1
-1,0
-1,1
-1,2
-1,0
152866,476
35210,140
63285,151
-1,0
32292,26
-1,1
60336,213
-1,0
603406,52
622497,207
-1,0
-1,0
254538,457
