178121,2237,262175484
550591,98,12017315
471951,98,12361445
227895,99,22140266
247354,99,30298043
395451,99,18240485
296271,91,6244047
170478,99,21291744
535851,95,9215235
543393,87,4169669
379763,94,7968031
370354,91,5924240
576284,91,6295024
307339,94,8067545
405734,86,3672863
447127,88,4460229
288984,90,5716563
245966,88,4615934
222997,96,10578070
141356,99,15401812
37429,99,27437228
278039,86,3618765
47810,99,15285012
406870,84,3165574
187046,87,3990345
-1,0
-1,0
-1,0
-1,0
-1,0
-1,0
-1,0
99397,730
123424,75
165999,61
132462,160
79174,288
72361,79
57832,67
559042,500
-1,2500
-1,0
147692,270
-1,0
115783,537
-1,0
-1,0
226611,23
40523,1161
193549,7
258468,277
541858,15
287626,6
225354,32
218495,31
-1,0
120243,182
36846,109
112459,51
159972,42
-1,1
236366,9
369659,25
65524,511
88532,520
65256,513
148290,25
-1,0
-1,1
-1,1
59912,866
-1,1
15330,259
144550,129
77821,501
92545,2709
153172,69
-1,1
-1,1
-1,0
-1,0
72450,5
186456,28
-1,2
-1,0
428823,5
132405,120
358948,28
153895,30
178193,91
-1,0
155458,37
-1,0
67585,171
319371,102
359823,6
-1,0
-1,0
-1,1
-1,0
-1,1
-1,2
-1,0
153209,476
35267,140
63668,151
-1,0
32336,26
-1,1
60495,213
-1,0
604972,52
623527,207
-1,0
-1,0
255204,457
