169344,2237,262175484
535171,98,12017315
458563,98,12361445
217063,99,22140266
237590,99,30298043
383854,99,18240485
290531,91,6244047
162430,99,21291744
525944,95,9215235
529045,87,4169669
373875,94,7968031
361592,91,5924240
564951,91,6295024
299549,94,8067545
395771,86,3672863
433319,88,4460229
280865,90,5716563
239619,88,4615934
217949,96,10578070
135080,99,15401812
36263,99,27437228
270302,86,3618765
46009,99,15285012
396137,84,3165574
169837,87,3990345
-1,0
-1,0
-1,0
-1,0
-1,0
-1,0
-1,0
96020,730
118371,75
161303,61
129180,160
76520,288
69812,79
56076,67
554818,500
-1,2500
-1,0
140360,270
-1,0
108022,537
-1,0
-1,0
212763,23
37695,1161
187582,7
254025,277
468734,15
282371,6
221684,32
211814,31
-1,0
118258,182
34895,109
110609,51
157286,42
-1,1
233496,9
362074,25
64940,511
87517,520
64653,513
141608,25
-1,0
-1,1
-1,1
58822,866
-1,1
14812,259
142435,129
77074,501
91752,2709
150884,69
-1,1
-1,1
70018,5
-1,0
181234,28
-1,2
-1,0
422503,5
125451,120
344378,28
151620,30
173734,91
-1,0
151746,37
-1,0
65055,171
308977,102
348210,6
-1,0
-1,0
-1,1
-1,0
-1,1
-1,2
-1,0
150595,476
34747,140
60957,151
-1,0
31921,26
-1,1
59302,213
-1,0
594497,52
614012,207
-1,0
-1,0
250851,457
