179536,2237,262175484
552572,98,12017315
473768,98,12361445
229379,99,22140266
248712,99,30298043
396888,99,18240485
297135,91,6244047
171563,99,21291744
537566,95,9215235
545901,87,4169669
380760,94,7968031
371664,91,5924240
578043,91,6295024
308531,94,8067545
407159,86,3672863
449246,88,4460229
290335,90,5716563
246790,88,4615934
223840,96,10578070
142179,99,15401812
37645,99,27437228
279308,86,3618765
48036,99,15285012
408459,84,3165574
189724,87,3990345
-1,0
-1,0
-1,0
-1,0
-1,0
-1,0
-1,0
99989,730
124334,75
166859,61
133050,160
79621,288
72809,79
58117,67
558896,500
-1,2500
-1,0
148840,270
-1,0
116965,537
-1,0
-1,0
228851,23
40943,1161
194549,7
259341,277
551543,15
288510,6
225447,32
219578,31
-1,0
120548,182
37185,109
112755,51
160465,42
-1,1
236904,9
370889,25
65642,511
88695,520
65357,513
149495,25
-1,0
-1,1
-1,1
60116,866
-1,1
15422,259
144963,129
77922,501
92658,2709
153586,69
-1,1
-1,1
-1,0
-1,0
72798,5
187202,28
-1,2
-1,0
429843,5
133468,120
361655,28
154283,30
178821,91
-1,0
156015,37
-1,0
68064,171
320922,102
361358,6
-1,0
-1,0
-1,1
-1,0
-1,1
-1,2
-1,0
153574,476
35365,140
64162,151
-1,0
32414,26
-1,1
60625,213
-1,0
606739,52
624742,207
-1,0
-1,0
256021,457
