379030,2079,173427430
484748,99,13045082
443643,99,13034753
761217,99,13037270
517502,99,18118650
652431,99,13095896
1148078,72,968143
741691,95,9279927
730265,88,4662231
286478,98,12991573
1062195,75,1298808
665818,82,2592918
205379,99,13142789
791662,79,1831174
598651,80,2186892
43217,99,15805327
816836,74,1184484
628481,78,1666721
92500,99,13924105
884170,80,2165658
279033,99,13369445
605621,72,971625
610584,79,1957887
493362,84,2963843
477711,52,132229
-1,0
-1,0
-1,0
-1,0
-1,0
-1,0
-1,0
1612122,7
-1,0
-1,0
1122875,4
1110610,3
-1,0
-1,0
-1,0
-1,2500
80491,1285
1046490,11
-1,0
-1,194
-1,0
-1,0
-1,0
-1,0
-1,0
77921,637
-1,0
-1,0
-1,0
-1,0
-1,0
316491,12
-1,0
-1,0
-1,0
-1,0
-1,0
-1,0
486511,8
475545,73
406404,24
-1,0
-1,0
-1,0
347771,60
-1,1
-1,0
324049,43
259736,39
-1,0
-1,0
-1,0
321825,14
529128,5
-1,0
-1,0
-1,0
-1,0
-1,0
-1,0
-1,0
-1,0
-1,0
-1,0
-1,0
-1,0
-1,0
-1,0
447612,71
172032,24
-1,1
-1,0
-1,0
-1,0
-1,0
-1,0
-1,0
-1,0
250646,18
-1,0
-1,0
-1,1
-1,0
-1,0
-1,0
576819,56
256011,535
-1,0
215911,49
-1,1
