382068,2080,173519426
488626,99,13045082
447259,99,13034753
766934,99,13037270
521616,99,18118650
656431,99,13095896
1153105,72,968143
746165,95,9280175
733265,88,4662231
259618,99,13036920
1066050,75,1298808
669025,82,2592918
206445,99,13142789
798998,79,1831174
602024,80,2186892
43132,99,15851727
820984,74,1184484
631882,78,1666722
92992,99,13924105
889257,80,2165658
280946,99,13369445
609028,72,971625
614525,79,1957887
496798,84,2963843
506313,52,132229
-1,0
-1,0
-1,0
-1,0
-1,0
-1,0
-1,0
1620284,7
-1,0
-1,0
1126980,4
1114650,3
-1,0
-1,0
-1,0
-1,2500
80690,1285
1054757,11
-1,0
-1,194
-1,0
-1,0
-1,0
-1,0
-1,0
78339,637
-1,0
-1,0
-1,0
-1,0
-1,0
317938,12
-1,0
-1,0
-1,0
-1,0
-1,0
-1,0
488417,8
477791,73
407948,24
-1,0
-1,0
-1,0
349109,60
-1,1
-1,0
326090,43
260828,39
-1,0
-1,0
-1,0
323226,14
535076,5
-1,0
-1,0
-1,0
-1,0
-1,0
-1,0
-1,0
-1,0
-1,0
-1,0
-1,0
-1,0
-1,0
-1,0
-1,0
451106,71
173449,24
-1,1
-1,0
-1,0
-1,0
-1,0
-1,0
-1,0
-1,0
252432,18
-1,0
-1,0
-1,1
-1,0
-1,0
-1,0
579238,56
256934,535
-1,0
217317,49
-1,1
