388806,2080,173519426
494314,99,13045082
452461,99,13034753
775103,99,13037270
527929,99,18118650
662710,99,13095896
1161244,72,968143
753182,95,9280175
738588,88,4662231
262833,99,13036920
1072689,75,1298808
675575,82,2592918
208284,99,13142789
807609,79,1831174
607891,80,2186892
43682,99,15851727
828314,74,1184484
638474,78,1666722
93865,99,13924105
896992,80,2165658
283998,99,13369445
615478,72,971625
620789,79,1957887
502231,84,2963843
534199,52,132229
-1,0
-1,0
-1,0
-1,0
-1,0
-1,0
-1,0
1631746,7
-1,0
-1,0
1133697,4
1120896,3
-1,0
-1,0
-1,0
-1,2500
81202,1285
1067832,11
-1,0
-1,194
-1,0
-1,0
-1,0
-1,0
-1,0
78911,637
-1,0
-1,0
-1,0
-1,0
-1,0
320870,12
-1,0
-1,0
-1,0
-1,0
-1,0
-1,0
491512,8
481371,73
410446,24
-1,0
-1,0
-1,0
351263,60
-1,1
-1,0
329261,43
262461,39
-1,0
-1,0
-1,0
325367,14
544772,5
-1,0
-1,0
-1,0
-1,0
-1,0
-1,0
-1,0
-1,0
-1,0
-1,0
-1,0
-1,0
-1,0
-1,0
-1,0
457268,71
175044,24
-1,1
-1,0
-1,0
-1,0
-1,0
-1,0
-1,0
-1,0
255435,18
-1,0
-1,0
-1,1
-1,0
-1,0
-1,0
583100,56
258558,535
-1,0
219479,49
-1,1
