382299,2088,174710062
474246,99,13075776
441686,99,13040253
727115,99,13077800
533364,99,18137611
667718,99,13098531
1169332,72,968143
758100,95,9297101
744282,88,4667698
266110,99,13036920
1079495,75,1299583
583882,84,3200841
210187,99,13142789
816000,79,1831374
610232,81,2206930
44255,99,15859839
813432,75,1260975
641760,78,1674760
91223,99,14017130
897830,81,2205658
270029,99,13477437
621626,72,971625
601636,80,2031452
500067,84,2971927
538232,54,157909
-1,0
-1,0
-1,0
-1,0
-1,0
-1,0
-1,0
1643423,7
-1,0
-1,0
1141097,4
1127935,3
-1,0
-1,0
-1,0
-1,2500
81592,1285
1080172,11
-1,0
-1,194
-1,0
-1,0
-1,0
-1,0
-1,0
79624,637
-1,0
-1,0
-1,0
-1,0
-1,0
323279,12
-1,0
-1,0
-1,0
-1,0
-1,0
-1,0
495147,8
485607,73
413414,24
-1,0
-1,0
-1,0
353611,60
-1,1
-1,0
332665,43
264640,39
-1,0
-1,0
-1,0
327928,14
537363,7
-1,0
-1,0
-1,0
-1,0
-1,0
-1,0
-1,0
-1,0
-1,0
-1,0
-1,0
-1,0
-1,0
-1,0
-1,0
463119,71
176630,24
-1,1
-1,0
-1,0
-1,0
-1,0
-1,0
-1,0
-1,0
258781,18
-1,0
-1,0
-1,1
-1,0
-1,0
-1,0
587607,56
259780,535
-1,0
221803,49
-1,1
