387645,2082,173652182
495915,99,13045082
453988,99,13034753
777571,99,13037270
529797,99,18118650
664589,99,13095896
1163889,72,968143
755317,95,9280320
740432,88,4662231
263866,99,13036920
1074789,75,1299128
653714,83,2712729
208924,99,13142789
810357,79,1831174
609797,80,2186892
43886,99,15851727
830707,74,1184484
640630,78,1666722
94129,99,13924105
899493,80,2165658
285085,99,13369445
617481,72,971625
622715,79,1957887
504037,84,2963843
530797,53,144709
-1,0
-1,0
-1,0
-1,0
-1,0
-1,0
-1,0
1635608,7
-1,0
-1,0
1136104,4
1123126,3
-1,0
-1,0
-1,0
-1,2500
81349,1285
1071909,11
-1,0
-1,194
-1,0
-1,0
-1,0
-1,0
-1,0
79136,637
-1,0
-1,0
-1,0
-1,0
-1,0
321700,12
-1,0
-1,0
-1,0
-1,0
-1,0
-1,0
492689,8
482694,73
411363,24
-1,0
-1,0
-1,0
352003,60
-1,1
-1,0
330323,43
263154,39
-1,0
-1,0
-1,0
326205,14
548267,5
-1,0
-1,0
-1,0
-1,0
-1,0
-1,0
-1,0
-1,0
-1,0
-1,0
-1,0
-1,0
-1,0
-1,0
-1,0
459211,71
175566,24
-1,1
-1,0
-1,0
-1,0
-1,0
-1,0
-1,0
-1,0
256505,18
-1,0
-1,0
-1,1
-1,0
-1,0
-1,0
584497,56
259069,535
-1,0
220175,49
-1,1
