381563,2089,174773542
474860,99,13075776
442242,99,13040253
728083,99,13077800
534142,99,18137611
668434,99,13098531
1170357,72,968143
758938,95,9297101
745067,88,4667698
266561,99,13036920
1080435,75,1299583
576280,85,3263571
210464,99,13142789
817081,79,1831374
610982,81,2206930
44354,99,15859839
814204,75,1261725
642554,78,1674760
91328,99,14017130
898850,81,2205658
270438,99,13477437
622456,72,971625
602390,80,2031452
500756,84,2971927
541256,54,157909
-1,0
-1,0
-1,0
-1,0
-1,0
-1,0
-1,0
1644828,7
-1,0
-1,0
1142048,4
1128838,3
-1,0
-1,0
-1,0
-1,2500
81699,1285
1081852,11
-1,0
-1,195
-1,0
-1,0
-1,0
-1,0
-1,0
79721,637
-1,0
-1,0
-1,0
-1,0
-1,0
323576,12
-1,0
-1,0
-1,0
-1,0
-1,0
-1,0
495580,8
486159,73
413750,24
-1,0
-1,0
-1,0
353907,60
-1,1
-1,0
333127,43
264911,39
-1,0
-1,0
-1,0
328248,14
538636,7
-1,0
-1,0
-1,0
-1,0
-1,0
-1,0
-1,0
-1,0
-1,0
-1,0
-1,0
-1,0
-1,0
-1,0
-1,0
463887,71
176853,24
-1,1
-1,0
-1,0
-1,0
-1,0
-1,0
-1,0
-1,0
259144,18
-1,0
-1,0
-1,1
-1,0
-1,0
-1,0
588146,56
259976,535
-1,0
222119,49
-1,1
