381774,2080,173519426
488287,99,13045082
446979,99,13034753
766520,99,13037270
521301,99,18118650
656085,99,13095896
1152706,72,968143
745800,95,9280175
733021,88,4662231
259465,99,13036920
1065714,75,1298808
668733,82,2592918
206348,99,13142789
798537,79,1831174
601760,80,2186892
43101,99,15851727
820655,74,1184484
631590,78,1666722
92957,99,13924105
888839,80,2165658
280803,99,13369445
608752,72,971625
614197,79,1957887
496560,84,2963843
504777,52,132229
-1,0
-1,0
-1,0
-1,0
-1,0
-1,0
-1,0
1619672,7
-1,0
-1,0
1126629,4
1114320,3
-1,0
-1,0
-1,0
-1,2500
80639,1285
1054075,11
-1,0
-1,194
-1,0
-1,0
-1,0
-1,0
-1,0
78310,637
-1,0
-1,0
-1,0
-1,0
-1,0
317805,12
-1,0
-1,0
-1,0
-1,0
-1,0
-1,0
488261,8
477617,73
407822,24
-1,0
-1,0
-1,0
348988,60
-1,1
-1,0
325945,43
260745,39
-1,0
-1,0
-1,0
323093,14
534620,5
-1,0
-1,0
-1,0
-1,0
-1,0
-1,0
-1,0
-1,0
-1,0
-1,0
-1,0
-1,0
-1,0
-1,0
-1,0
450814,71
173374,24
-1,1
-1,0
-1,0
-1,0
-1,0
-1,0
-1,0
-1,0
252262,18
-1,0
-1,0
-1,1
-1,0
-1,0
-1,0
579036,56
256850,535
-1,0
217195,49
-1,1
