388968,2081,173601998
495907,99,13045082
453975,99,13034753
777499,99,13037270
529739,99,18118650
664448,99,13095896
1163678,72,968143
755111,95,9280320
740216,88,4662231
263753,99,13036920
1074566,75,1299128
665209,82,2662545
208864,99,13142789
810047,79,1831174
609578,80,2186892
43868,99,15851727
830494,74,1184484
640404,78,1666722
94112,99,13924105
899267,80,2165658
284958,99,13369445
617300,72,971625
622544,79,1957887
503841,84,2963843
529759,53,144709
-1,0
-1,0
-1,0
-1,0
-1,0
-1,0
-1,0
1635186,7
-1,0
-1,0
1135843,4
1122906,3
-1,0
-1,0
-1,0
-1,2500
81341,1285
1071470,11
-1,0
-1,194
-1,0
-1,0
-1,0
-1,0
-1,0
79111,637
-1,0
-1,0
-1,0
-1,0
-1,0
321666,12
-1,0
-1,0
-1,0
-1,0
-1,0
-1,0
492581,8
482555,73
411273,24
-1,0
-1,0
-1,0
351944,60
-1,1
-1,0
330178,43
263071,39
-1,0
-1,0
-1,0
326138,14
547907,5
-1,0
-1,0
-1,0
-1,0
-1,0
-1,0
-1,0
-1,0
-1,0
-1,0
-1,0
-1,0
-1,0
-1,0
-1,0
458992,71
175519,24
-1,1
-1,0
-1,0
-1,0
-1,0
-1,0
-1,0
-1,0
256393,18
-1,0
-1,0
-1,1
-1,0
-1,0
-1,0
584405,56
259020,535
-1,0
220129,49
-1,1
