381797,2088,174706465
473791,99,13075776
441245,99,13040253
726384,99,13077800
532770,99,18137611
667172,99,13098531
1168565,72,968143
757499,95,9297071
743777,88,4667698
265815,99,13036920
1078869,75,1299583
583785,84,3197274
210005,99,13142789
815281,79,1831374
609701,81,2206930
44209,99,15859839
812722,75,1260975
641211,78,1674760
91157,99,14017130
897179,81,2205658
269761,99,13477437
621069,72,971625
601168,80,2031452
499594,84,2971927
536550,54,157909
-1,0
-1,0
-1,0
-1,0
-1,0
-1,0
-1,0
1642497,7
-1,0
-1,0
1140492,4
1127340,3
-1,0
-1,0
-1,0
-1,2500
81536,1285
1079083,11
-1,0
-1,194
-1,0
-1,0
-1,0
-1,0
-1,0
79560,637
-1,0
-1,0
-1,0
-1,0
-1,0
323011,12
-1,0
-1,0
-1,0
-1,0
-1,0
-1,0
494830,8
485224,73
413145,24
-1,0
-1,0
-1,0
353363,60
-1,1
-1,0
332431,43
264452,39
-1,0
-1,0
-1,0
327719,14
536514,7
-1,0
-1,0
-1,0
-1,0
-1,0
-1,0
-1,0
-1,0
-1,0
-1,0
-1,0
-1,0
-1,0
-1,0
-1,0
462617,71
176493,24
-1,1
-1,0
-1,0
-1,0
-1,0
-1,0
-1,0
-1,0
258475,18
-1,0
-1,0
-1,1
-1,0
-1,0
-1,0
587198,56
259649,535
-1,0
221576,49
-1,1
