388205,2080,173519426
493749,99,13045082
451943,99,13034753
774307,99,13037270
527299,99,18118650
662005,99,13095896
1160277,72,968143
752499,95,9280175
738018,88,4662231
262529,99,13036920
1071958,75,1298808
674960,82,2592918
208062,99,13142789
806806,79,1831174
607299,80,2186892
43620,99,15851727
827484,74,1184484
637812,78,1666722
93788,99,13924105
896247,80,2165658
283704,99,13369445
614825,72,971625
620162,79,1957887
501684,84,2963843
531768,52,132229
-1,0
-1,0
-1,0
-1,0
-1,0
-1,0
-1,0
1630601,7
-1,0
-1,0
1132977,4
1120231,3
-1,0
-1,0
-1,0
-1,2500
81139,1285
1066388,11
-1,0
-1,194
-1,0
-1,0
-1,0
-1,0
-1,0
78854,637
-1,0
-1,0
-1,0
-1,0
-1,0
320586,12
-1,0
-1,0
-1,0
-1,0
-1,0
-1,0
491152,8
480987,73
410175,24
-1,0
-1,0
-1,0
351015,60
-1,1
-1,0
328924,43
262245,39
-1,0
-1,0
-1,0
325133,14
543803,5
-1,0
-1,0
-1,0
-1,0
-1,0
-1,0
-1,0
-1,0
-1,0
-1,0
-1,0
-1,0
-1,0
-1,0
-1,0
456637,71
174898,24
-1,1
-1,0
-1,0
-1,0
-1,0
-1,0
-1,0
-1,0
255171,18
-1,0
-1,0
-1,1
-1,0
-1,0
-1,0
582680,56
258370,535
-1,0
219244,49
-1,1
