379626,2079,173427430
485288,99,13045082
444161,99,13034753
762025,99,13037270
518058,99,18118650
653087,99,13095896
1148924,72,968143
742326,95,9279927
730727,88,4662231
286768,98,12991573
1062826,75,1298808
666282,82,2592918
205569,99,13142789
792282,79,1831174
599173,80,2186892
43281,99,15805327
817577,74,1184484
629091,78,1666721
92588,99,13924105
884839,80,2165658
279339,99,13369445
606188,72,971625
611108,79,1957887
493895,84,2963843
480794,52,132229
-1,0
-1,0
-1,0
-1,0
-1,0
-1,0
-1,0
1613276,7
-1,0
-1,0
1123520,4
1111290,3
-1,0
-1,0
-1,0
-1,2500
80530,1285
1047733,11
-1,0
-1,194
-1,0
-1,0
-1,0
-1,0
-1,0
78012,637
-1,0
-1,0
-1,0
-1,0
-1,0
316782,12
-1,0
-1,0
-1,0
-1,0
-1,0
-1,0
486885,8
475961,73
406718,24
-1,0
-1,0
-1,0
348042,60
-1,1
-1,0
324335,43
259957,39
-1,0
-1,0
-1,0
322120,14
530046,5
-1,0
-1,0
-1,0
-1,0
-1,0
-1,0
-1,0
-1,0
-1,0
-1,0
-1,0
-1,0
-1,0
-1,0
448155,71
172369,24
-1,1
-1,0
-1,0
-1,0
-1,0
-1,0
-1,0
-1,0
250980,18
-1,0
-1,0
-1,1
-1,0
-1,0
-1,0
577245,56
256147,535
-1,0
216129,49
-1,1
