379541,2080,173519426
486494,99,13045082
445286,99,13034753
763796,99,13037270
519333,99,18118650
654196,99,13095896
1150362,72,968143
743635,95,9280175
731664,88,4662231
258556,99,13036920
1063914,75,1298808
667155,82,2592918
205886,99,13142789
794739,79,1831174
600172,80,2186892
42940,99,15851727
818716,74,1184484
630116,78,1666722
92731,99,13924105
886207,80,2165658
279949,99,13369445
607212,72,971625
612333,79,1957887
494968,84,2963843
491280,52,132229
-1,0
-1,0
-1,0
-1,0
-1,0
-1,0
-1,0
1615722,7
-1,0
-1,0
1124685,4
1112400,3
-1,0
-1,0
-1,0
-1,2500
80479,1285
1050119,11
-1,0
-1,194
-1,0
-1,0
-1,0
-1,0
-1,0
78135,637
-1,0
-1,0
-1,0
-1,0
-1,0
317186,12
-1,0
-1,0
-1,0
-1,0
-1,0
-1,0
487464,8
476652,73
407178,24
-1,0
-1,0
-1,0
348376,60
-1,1
-1,0
325021,43
260326,39
-1,0
-1,0
-1,0
322480,14
531800,5
-1,0
-1,0
-1,0
-1,0
-1,0
-1,0
-1,0
-1,0
-1,0
-1,0
-1,0
-1,0
-1,0
-1,0
-1,0
449162,71
172863,24
-1,1
-1,0
-1,0
-1,0
-1,0
-1,0
-1,0
-1,0
251461,18
-1,0
-1,0
-1,1
-1,0
-1,0
-1,0
577988,56
256420,535
-1,0
216550,49
-1,1
