756988,1884,101488603
721497,92,6783801
546641,95,8837577
819718,98,12219975
547047,99,17498199
443928,99,16462609
602730,81,2200492
913343,93,7832140
1470371,71,893348
1409979,72,949966
1357046,70,786914
1547557,68,653940
1235373,77,1539523
902355,76,1426879
444487,85,3376018
626802,83,2841278
825265,74,1173751
624228,78,1696005
793766,75,1328316
772200,84,3016939
959995,78,1726538
610745,72,972110
966116,72,941416
193003,91,6330869
-1,1,0
-1,0
-1,0
-1,0
-1,0
-1,0
-1,0
-1,0
606420,94
481588,13
643858,10
856633,9
545652,38
256510,21
350951,3
-1,0
-1,2485
227877,253
479557,92
-1,0
-1,265
-1,0
-1,0
98961,58
-1,0
-1,0
683991,70
184120,240
-1,4
-1,0
194732,43
-1,0
-1,0
-1,0
-1,2
231736,26
-1,2
-1,4
337667,26
356292,43
393405,114
348275,44
-1,0
-1,0
198441,41
455476,20
419036,37
224551,100
863478,5
265694,36
695894,15
-1,0
-1,1
245339,42
287979,56
-1,0
-1,0
240573,1
-1,0
-1,0
-1,0
-1,0
206236,48
346734,28
-1,1
177603,90
-1,0
622575,6
-1,0
200594,5
1089664,8
318514,9
192436,145
77044,121
-1,1
-1,0
-1,1
-1,0
-1,0
-1,0
108133,66
180330,16
-1,0
-1,1
-1,1
-1,0
172906,28
130663,757
1300366,54
-1,0
346196,11
534695,18
