773225,1884,101488603
733495,92,6783801
556023,95,8837577
833607,98,12219975
557562,99,17498199
451914,99,16462609
612013,81,2200492
924580,93,7832140
1489120,71,893348
1430210,72,949966
1372505,70,786914
1564321,68,653940
1250399,77,1539523
917449,76,1426879
451606,85,3376018
638285,83,2841278
837606,74,1173751
634393,78,1696005
806756,75,1328316
783959,84,3016939
972774,78,1726538
621213,72,972110
980723,72,941416
196805,91,6330869
-1,1,0
-1,0
-1,0
-1,0
-1,0
-1,0
-1,0
-1,0
614499,94
490510,13
652098,10
866364,9
551789,38
260446,21
355255,3
-1,0
-1,2485
229856,253
491215,92
-1,0
-1,265
-1,0
-1,0
103382,58
-1,0
-1,0
692685,70
195905,240
-1,4
-1,0
199025,43
-1,0
-1,0
-1,0
-1,2
234430,26
-1,2
-1,4
341674,26
360229,43
398713,114
351839,44
-1,0
-1,0
206168,41
460321,20
427912,37
231971,100
875006,5
269023,36
702274,15
-1,0
-1,1
248661,42
299784,56
-1,0
-1,0
243552,1
-1,0
-1,0
-1,0
-1,0
213042,48
357391,28
-1,1
180626,90
-1,0
632551,6
-1,0
205309,5
1111252,8
324357,9
199960,145
80929,121
-1,1
-1,0
-1,1
-1,0
-1,0
-1,0
109605,66
185297,16
-1,0
-1,1
-1,1
-1,0
175506,28
131987,757
1313146,54
-1,0
352923,11
543009,18
