755234,1884,101488603
720230,92,6783801
545630,95,8837577
818416,98,12219975
545863,99,17498199
443039,99,16462609
601891,81,2200492
912439,93,7832140
1468573,71,893348
1407762,72,949966
1355915,70,786914
1546179,68,653940
1234009,77,1539523
900751,76,1426879
443647,85,3376018
625468,83,2841278
824072,74,1173751
622929,78,1696005
792501,75,1328316
771027,84,3016939
958957,78,1726538
609686,72,972110
964627,72,941416
192634,91,6330869
-1,1,0
-1,0
-1,0
-1,0
-1,0
-1,0
-1,0
-1,0
605619,94
480602,13
642983,10
855677,9
545143,38
256151,21
350554,3
-1,0
-1,2485
227766,253
478430,92
-1,0
-1,265
-1,0
-1,0
98475,58
-1,0
-1,0
683284,70
182506,240
-1,4
-1,0
194295,43
-1,0
-1,0
-1,0
-1,2
231511,26
-1,2
-1,4
337323,26
356071,43
392976,114
348104,44
-1,0
-1,0
197621,41
455161,20
418179,37
223513,100
862568,5
265495,36
695662,15
-1,0
-1,1
245096,42
286669,56
-1,0
-1,0
240248,1
-1,0
-1,0
-1,0
-1,0
205468,48
345730,28
-1,1
177262,90
-1,0
621583,6
-1,0
200130,5
1087354,8
317886,9
191409,145
76598,121
-1,1
-1,0
-1,1
-1,0
-1,0
-1,0
107994,66
179828,16
-1,0
-1,1
-1,1
-1,0
172627,28
130531,757
1299260,54
-1,0
345474,11
534041,18
