751902,1884,101488603
717781,92,6783801
543620,95,8837577
815720,98,12219975
543703,99,17498199
441457,99,16462609
600305,81,2200492
909885,93,7832140
1465061,71,893348
1404113,72,949966
1353327,70,786914
1542950,68,653940
1231142,77,1539523
897475,76,1426879
442317,85,3376018
623364,83,2841278
821940,74,1173751
621317,78,1696005
790251,75,1328316
768597,84,3016939
956736,78,1726538
607933,72,972110
961700,72,941416
192002,91,6330869
-1,1,0
-1,0
-1,0
-1,0
-1,0
-1,0
-1,0
-1,0
604297,94
479073,13
641382,10
853983,9
543996,38
255482,21
349809,3
-1,0
-1,2485
227367,253
476474,92
-1,0
-1,265
-1,0
-1,0
97740,58
-1,0
-1,0
681970,70
179977,240
-1,4
-1,0
193516,43
-1,0
-1,0
-1,0
-1,2
231080,26
-1,2
-1,4
336693,26
355494,43
392152,114
347570,44
-1,0
-1,0
196342,41
454403,20
416618,37
221699,100
860726,5
264999,36
694646,15
-1,0
-1,1
244540,42
284671,56
-1,0
-1,0
239731,1
-1,0
-1,0
-1,0
-1,0
204261,48
344155,28
-1,1
176747,90
-1,0
619741,6
-1,0
199330,5
1083195,8
316719,9
189782,145
75990,121
-1,1
-1,0
-1,1
-1,0
-1,0
-1,0
107748,66
178961,16
-1,0
-1,1
-1,1
-1,0
172160,28
130321,757
1296672,54
-1,0
344305,11
532764,18
