764517,1884,101488603
727315,92,6783801
551353,95,8837577
826574,98,12219975
552135,99,17498199
447810,99,16462609
607078,81,2200492
919510,93,7832140
1479366,71,893348
1419620,72,949966
1364186,70,786914
1555918,68,653940
1242579,77,1539523
909498,76,1426879
447860,85,3376018
632039,83,2841278
831037,74,1173751
629219,78,1696005
799678,75,1328316
777651,84,3016939
965972,78,1726538
615891,72,972110
973358,72,941416
194776,91,6330869
-1,1,0
-1,0
-1,0
-1,0
-1,0
-1,0
-1,0
-1,0
609993,94
485508,13
647576,10
861054,9
548372,38
258262,21
352843,3
-1,0
-1,2485
228934,253
485237,92
-1,0
-1,265
-1,0
-1,0
100735,58
-1,0
-1,0
687588,70
189852,240
-1,4
-1,0
196655,43
-1,0
-1,0
-1,0
-1,2
232946,26
-1,2
-1,4
339465,26
358010,43
395729,114
349800,44
-1,0
-1,0
201763,41
457758,20
422992,37
228059,100
868680,5
267090,36
698824,15
-1,0
-1,1
246750,42
293077,56
-1,0
-1,0
241882,1
-1,0
-1,0
-1,0
-1,0
209297,48
351477,28
-1,1
179105,90
-1,0
627132,6
-1,0
202654,5
1099998,8
321160,9
195986,145
78477,121
-1,1
-1,0
-1,1
-1,0
-1,0
-1,0
108747,66
182421,16
-1,0
-1,1
-1,1
-1,0
174098,28
131272,757
1306803,54
-1,0
349251,11
538309,18
