771991,1884,101488603
732968,92,6783801
555650,95,8837577
833028,98,12219975
557060,99,17498199
451613,99,16462609
611344,81,2200492
924562,93,7832140
1487879,71,893348
1428780,72,949966
1371433,70,786914
1563379,68,653940
1249519,77,1539523
916383,76,1426879
451201,85,3376018
637745,83,2841278
836709,74,1173751
633932,78,1696005
805884,75,1328316
783096,84,3016939
971891,78,1726538
620557,72,972110
979987,72,941416
196483,91,6330869
-1,1,0
-1,0
-1,0
-1,0
-1,0
-1,0
-1,0
-1,0
613861,94
489814,13
651433,10
865593,9
551315,38
260160,21
354911,3
-1,0
-1,2485
229883,253
490418,92
-1,0
-1,265
-1,0
-1,0
102974,58
-1,0
-1,0
691950,70
195171,240
-1,4
-1,0
198685,43
-1,0
-1,0
-1,0
-1,2
234244,26
-1,2
-1,4
341400,26
359884,43
398251,114
351514,44
-1,0
-1,0
205507,41
459980,20
427235,37
231417,100
874151,5
268747,36
701815,15
-1,0
-1,1
248383,42
298716,56
-1,0
-1,0
243335,1
-1,0
-1,0
-1,0
-1,0
212498,48
356317,28
-1,1
180440,90
-1,0
631817,6
-1,0
204956,5
1109834,8
323864,9
199317,145
80594,121
-1,1
-1,0
-1,1
-1,0
-1,0
-1,0
109471,66
184837,16
-1,0
-1,1
-1,1
-1,0
175361,28
131889,757
1312582,54
-1,0
352442,11
542381,18
