761888,1884,101488603
725246,92,6783801
549720,95,8837577
824188,98,12219975
550316,99,17498199
446387,99,16462609
605550,81,2200492
917322,93,7832140
1476193,71,893348
1416371,72,949966
1361720,70,786914
1553026,68,653940
1239963,77,1539523
907049,76,1426879
446656,85,3376018
630102,83,2841278
828900,74,1173751
627490,78,1696005
797530,75,1328316
775798,84,3016939
963820,78,1726538
614108,72,972110
970841,72,941416
194171,91,6330869
-1,1,0
-1,0
-1,0
-1,0
-1,0
-1,0
-1,0
-1,0
608711,94
484170,13
646249,10
859554,9
547378,38
257634,21
352160,3
-1,0
-1,2485
228540,253
483334,92
-1,0
-1,265
-1,0
-1,0
100074,58
-1,0
-1,0
686288,70
187795,240
-1,4
-1,0
196000,43
-1,0
-1,0
-1,0
-1,2
232500,26
-1,2
-1,4
338825,26
357390,43
394885,114
349260,44
-1,0
-1,0
200616,41
456899,20
421581,37
226795,100
866798,5
266568,36
697706,15
-1,0
-1,1
246240,42
291318,56
-1,0
-1,0
241393,1
-1,0
-1,0
-1,0
-1,0
208191,48
349735,28
-1,1
178509,90
-1,0
625451,6
-1,0
201920,5
1096266,8
320216,9
194804,145
77911,121
-1,1
-1,0
-1,1
-1,0
-1,0
-1,0
108520,66
181636,16
-1,0
-1,1
-1,1
-1,0
173676,28
131054,757
1304453,54
-1,0
348122,11
536937,18
