753767,1884,101488603
719206,92,6783801
544766,95,8837577
817247,98,12219975
544928,99,17498199
442336,99,16462609
601173,81,2200492
911306,93,7832140
1466955,71,893348
1406155,72,949966
1354758,70,786914
1544698,68,653940
1232711,77,1539523
899368,76,1426879
443098,85,3376018
624583,83,2841278
823080,74,1173751
622201,78,1696005
791492,75,1328316
770008,84,3016939
957965,78,1726538
608899,72,972110
963363,72,941416
192323,91,6330869
-1,1,0
-1,0
-1,0
-1,0
-1,0
-1,0
-1,0
-1,0
605052,94
479930,13
642306,10
854931,9
544636,38
255821,21
350221,3
-1,0
-1,2485
227593,253
477557,92
-1,0
-1,265
-1,0
-1,0
98164,58
-1,0
-1,0
682731,70
181421,240
-1,4
-1,0
193966,43
-1,0
-1,0
-1,0
-1,2
231289,26
-1,2
-1,4
337047,26
355789,43
392585,114
347837,44
-1,0
-1,0
197051,41
454822,20
417459,37
222715,100
861772,5
265273,36
695197,15
-1,0
-1,1
244827,42
285751,56
-1,0
-1,0
240012,1
-1,0
-1,0
-1,0
-1,0
204953,48
345032,28
-1,1
177022,90
-1,0
620796,6
-1,0
199775,5
1085555,8
317363,9
190756,145
76310,121
-1,1
-1,0
-1,1
-1,0
-1,0
-1,0
107900,66
179431,16
-1,0
-1,1
-1,1
-1,0
172402,28
130447,757
1298134,54
-1,0
344950,11
533464,18
