762687,1884,101488603
725907,92,6783801
550271,95,8837577
824912,98,12219975
550906,99,17498199
446843,99,16462609
606022,81,2200492
918030,93,7832140
1477208,71,893348
1417334,72,949966
1362551,70,786914
1553966,68,653940
1240859,77,1539523
907862,76,1426879
447040,85,3376018
630652,83,2841278
829554,74,1173751
628051,78,1696005
798248,75,1328316
776383,84,3016939
964523,78,1726538
614700,72,972110
971693,72,941416
194383,91,6330869
-1,1,0
-1,0
-1,0
-1,0
-1,0
-1,0
-1,0
-1,0
609114,94
484575,13
646689,10
860054,9
547694,38
257833,21
352382,3
-1,0
-1,2485
228671,253
483949,92
-1,0
-1,265
-1,0
-1,0
100287,58
-1,0
-1,0
686704,70
188431,240
-1,4
-1,0
196204,43
-1,0
-1,0
-1,0
-1,2
232637,26
-1,2
-1,4
339031,26
357598,43
395152,114
349431,44
-1,0
-1,0
200967,41
457189,20
422069,37
227197,100
867385,5
266708,36
698067,15
-1,0
-1,1
246399,42
291900,56
-1,0
-1,0
241562,1
-1,0
-1,0
-1,0
-1,0
208556,48
350269,28
-1,1
178740,90
-1,0
625995,6
-1,0
202167,5
1097444,8
320514,9
195198,145
78101,121
-1,1
-1,0
-1,1
-1,0
-1,0
-1,0
108595,66
181901,16
-1,0
-1,1
-1,1
-1,0
173803,28
131129,757
1305271,54
-1,0
348496,11
537380,18
