766472,1884,101488603
728896,92,6783801
552587,95,8837577
828345,98,12219975
553471,99,17498199
448803,99,16462609
608263,81,2200492
920706,93,7832140
1481628,71,893348
1422087,72,949966
1366082,70,786914
1557794,68,653940
1244388,77,1539523
911308,76,1426879
448721,85,3376018
633340,83,2841278
832558,74,1173751
630538,78,1696005
801363,75,1328316
779203,84,3016939
967565,78,1726538
617172,72,972110
975177,72,941416
195249,91,6330869
-1,1,0
-1,0
-1,0
-1,0
-1,0
-1,0
-1,0
-1,0
611043,94
486632,13
648600,10
862315,9
549205,38
258786,21
353372,3
-1,0
-1,2485
229165,253
486660,92
-1,0
-1,265
-1,0
-1,0
101331,58
-1,0
-1,0
688788,70
191363,240
-1,4
-1,0
197178,43
-1,0
-1,0
-1,0
-1,2
233317,26
-1,2
-1,4
339970,26
358518,43
396429,114
350246,44
-1,0
-1,0
202791,41
458340,20
424234,37
229042,100
870131,5
267536,36
699669,15
-1,0
-1,1
247194,42
294621,56
-1,0
-1,0
242307,1
-1,0
-1,0
-1,0
-1,0
210129,48
352843,28
-1,1
179452,90
-1,0
628417,6
-1,0
203285,5
1102779,8
321936,9
196906,145
79053,121
-1,1
-1,0
-1,1
-1,0
-1,0
-1,0
108970,66
183117,16
-1,0
-1,1
-1,1
-1,0
174464,28
131447,757
1308348,54
-1,0
350153,11
539554,18
