176780,2233,297901792
592850,96,9990167
618340,92,6987667
768151,99,13037614
649807,99,14827726
878998,94,8364418
358263,89,5106096
678489,96,10370752
66724,99,17319127
110806,99,13821735
333582,96,10022547
159914,99,13045448
369777,99,13041303
30469,99,15299643
172024,95,9573874
57488,99,14823335
151151,99,13039756
119641,99,13038695
202693,99,13034714
406508,94,8220743
19653,99,37423965
107551,99,13041370
39810,99,16182044
175835,94,8289053
-1,1,0
-1,0
-1,0
-1,0
-1,0
-1,0
-1,0
-1,0
91493,764
28143,336
89253,120
133786,156
210047,142
391046,10
-1,0
451222,503
-1,2500
89042,1123
32227,648
-1,0
-1,420
-1,0
-1,0
-1,0
217351,61
-1,1
781652,51
-1,0
-1,0
-1,0
86036,197
-1,3
-1,0
-1,0
-1,4
-1,0
-1,1
-1,0
-1,2
272561,88
110994,438
264534,90
-1,0
-1,0
-1,0
-1,0
-1,1
-1,0
5750,401
-1,1
-1,2
177081,1770
-1,0
-1,0
213381,100
-1,0
-1,0
-1,0
-1,0
-1,0
-1,0
-1,0
-1,0
-1,0
-1,0
271594,50
-1,0
-1,0
-1,0
-1,0
100283,244
-1,0
-1,0
-1,0
-1,0
247904,94
-1,0
-1,0
-1,0
246162,168
363492,5
-1,0
-1,0
233574,6
-1,0
-1,0
-1,0
607279,51
107375,622
-1,0
-1,0
-1,0
