174100,2233,297901792
587823,96,9990167
613440,92,6987667
762220,99,13037614
644455,99,14827726
874053,94,8364418
356478,89,5106096
673874,96,10370752
66093,99,17319127
109483,99,13821735
332299,96,10022547
158751,99,13045448
367888,99,13041303
29712,99,15299643
170793,95,9573874
56907,99,14823335
149925,99,13039756
118603,99,13038695
201427,99,13034714
402334,94,8220743
19457,99,37423965
106161,99,13041370
39447,99,16182044
174535,94,8289053
-1,1,0
-1,0
-1,0
-1,0
-1,0
-1,0
-1,0
-1,0
90628,764
27747,336
88526,120
132970,156
208570,142
389117,10
-1,0
450229,503
-1,2500
88769,1123
31824,648
-1,0
-1,420
-1,0
-1,0
-1,0
213732,61
-1,1
778227,51
-1,0
-1,0
-1,0
85174,197
-1,3
-1,0
-1,0
-1,4
-1,0
-1,1
-1,0
-1,2
271740,88
110724,438
263769,90
-1,0
-1,0
-1,0
-1,0
-1,1
-1,0
5702,401
-1,1
-1,2
176791,1770
-1,0
-1,0
209433,100
-1,0
-1,0
-1,0
-1,0
-1,0
-1,0
-1,0
-1,0
-1,0
-1,0
269402,50
-1,0
-1,0
-1,0
-1,0
99356,244
-1,0
-1,0
-1,0
-1,0
242903,94
-1,0
-1,0
-1,0
244876,168
360220,5
-1,0
-1,0
233163,6
-1,0
-1,0
-1,0
604790,51
106774,622
-1,0
-1,0
-1,0
