179736,2233,297901792
598360,96,9990167
623828,92,6987667
775091,99,13037614
655834,99,14827726
885390,94,8364418
360838,89,5106096
684010,96,10370752
67503,99,17319127
112277,99,13821735
335401,96,10022547
161379,99,13045448
372213,99,13041303
31083,99,15299643
173544,95,9573874
58015,99,14823335
152577,99,13039756
120778,99,13038695
204245,99,13034714
410604,94,8220743
19864,99,37423965
108817,99,13041370
40390,99,16182044
177592,94,8289053
-1,1,0
-1,0
-1,0
-1,0
-1,0
-1,0
-1,0
-1,0
92514,764
28668,336
90186,120
134951,156
211601,142
393589,10
-1,0
452814,503
-1,2500
89508,1123
32745,648
-1,0
-1,420
-1,0
-1,0
-1,0
221062,61
-1,1
786327,51
-1,0
-1,0
-1,0
87234,197
-1,3
-1,0
-1,0
-1,4
-1,0
-1,1
-1,0
-1,2
273838,88
111477,438
265647,90
-1,0
-1,0
-1,0
-1,0
-1,1
-1,0
5833,401
-1,1
-1,2
177546,1770
-1,0
-1,0
218006,100
-1,0
-1,0
-1,0
-1,0
-1,0
-1,0
-1,0
-1,0
-1,0
-1,0
274296,50
-1,0
-1,0
-1,0
-1,0
101323,244
-1,0
-1,0
-1,0
-1,0
253619,94
-1,0
-1,0
-1,0
247682,168
367339,5
-1,0
-1,0
234306,6
-1,0
-1,0
-1,0
611052,51
108062,622
-1,0
-1,0
-1,0
