182225,2233,297901792
602796,96,9990167
628179,92,6987667
780627,99,13037614
660807,99,14827726
890776,94,8364418
362817,89,5106096
688438,96,10370752
68194,99,17319127
113638,99,13821735
336936,96,10022547
162812,99,13045448
374374,99,13041303
31558,99,15299643
174811,95,9573874
58663,99,14823335
153765,99,13039756
121700,99,13038695
205606,99,13034714
413910,94,8220743
20074,99,37423965
109767,99,13041370
40792,99,16182044
179097,94,8289053
-1,1,0
-1,0
-1,0
-1,0
-1,0
-1,0
-1,0
-1,0
93496,764
29153,336
91155,120
136004,156
213026,142
395896,10
-1,0
453882,503
-1,2500
89928,1123
33155,648
-1,0
-1,420
-1,0
-1,0
-1,0
224352,61
-1,1
790865,51
-1,0
-1,0
-1,0
88272,197
-1,3
-1,0
-1,0
-1,4
-1,0
-1,1
-1,0
-1,2
275029,88
111910,438
266671,90
-1,0
-1,0
-1,0
-1,0
-1,1
-1,0
5903,401
-1,1
-1,2
177947,1770
-1,0
-1,0
222190,100
-1,0
-1,0
-1,0
-1,0
-1,0
-1,0
-1,0
-1,0
-1,0
-1,0
276536,50
-1,0
-1,0
-1,0
-1,0
102070,244
-1,0
-1,0
-1,0
-1,0
259247,94
-1,0
-1,0
-1,0
248975,168
371010,5
-1,0
-1,0
234844,6
-1,0
-1,0
-1,0
614355,51
108688,622
-1,0
-1,0
-1,0
