181089,2233,297901792
600654,96,9990167
626113,92,6987667
778155,99,13037614
658523,99,14827726
888385,94,8364418
361880,89,5106096
686615,96,10370752
67870,99,17319127
112964,99,13821735
336259,96,10022547
162241,99,13045448
373412,99,13041303
31332,99,15299643
174259,95,9573874
58331,99,14823335
153208,99,13039756
121348,99,13038695
204937,99,13034714
412391,94,8220743
19985,99,37423965
109356,99,13041370
40600,99,16182044
178387,94,8289053
-1,1,0
-1,0
-1,0
-1,0
-1,0
-1,0
-1,0
-1,0
93033,764
28908,336
90692,120
135510,156
212367,142
394837,10
-1,0
453394,503
-1,2500
89738,1123
32953,648
-1,0
-1,420
-1,0
-1,0
-1,0
222870,61
-1,1
788771,51
-1,0
-1,0
-1,0
87726,197
-1,3
-1,0
-1,0
-1,4
-1,0
-1,1
-1,0
-1,2
274482,88
111693,438
266207,90
-1,0
-1,0
-1,0
-1,0
-1,1
-1,0
5863,401
-1,1
-1,2
177733,1770
-1,0
-1,0
220258,100
-1,0
-1,0
-1,0
-1,0
-1,0
-1,0
-1,0
-1,0
-1,0
-1,0
275531,50
-1,0
-1,0
-1,0
-1,0
101743,244
-1,0
-1,0
-1,0
-1,0
256793,94
-1,0
-1,0
-1,0
248365,168
369428,5
-1,0
-1,0
234606,6
-1,0
-1,0
-1,0
612758,51
108441,622
-1,0
-1,0
-1,0
