180813,2233,297901792
600061,96,9990167
625542,92,6987667
777361,99,13037614
657838,99,14827726
887640,94,8364418
361625,89,5106096
686013,96,10370752
67805,99,17319127
112837,99,13821735
336045,96,10022547
162061,99,13045448
373127,99,13041303
31271,99,15299643
174065,95,9573874
58257,99,14823335
153035,99,13039756
121219,99,13038695
204769,99,13034714
412002,94,8220743
19955,99,37423965
109211,99,13041370
40557,99,16182044
178190,94,8289053
-1,1,0
-1,0
-1,0
-1,0
-1,0
-1,0
-1,0
-1,0
92921,764
28846,336
90581,120
135371,156
212191,142
394540,10
-1,0
453254,503
-1,2500
89686,1123
32904,648
-1,0
-1,420
-1,0
-1,0
-1,0
222438,61
-1,1
788182,51
-1,0
-1,0
-1,0
87619,197
-1,3
-1,0
-1,0
-1,4
-1,0
-1,1
-1,0
-1,2
274299,88
111625,438
266052,90
-1,0
-1,0
-1,0
-1,0
-1,1
-1,0
5857,401
-1,1
-1,2
177686,1770
-1,0
-1,0
219704,100
-1,0
-1,0
-1,0
-1,0
-1,0
-1,0
-1,0
-1,0
-1,0
-1,0
275203,50
-1,0
-1,0
-1,0
-1,0
101645,244
-1,0
-1,0
-1,0
-1,0
256022,94
-1,0
-1,0
-1,0
248171,168
368908,5
-1,0
-1,0
234541,6
-1,0
-1,0
-1,0
612339,51
108357,622
-1,0
-1,0
-1,0
