179317,2233,297901792
597697,96,9990167
623176,92,6987667
774293,99,13037614
655061,99,14827726
884670,94,8364418
360528,89,5106096
683459,96,10370752
67392,99,17319127
112070,99,13821735
335171,96,10022547
161224,99,13045448
371927,99,13041303
31014,99,15299643
173348,95,9573874
57940,99,14823335
152404,99,13039756
120647,99,13038695
204053,99,13034714
410047,94,8220743
19827,99,37423965
108655,99,13041370
40333,99,16182044
177351,94,8289053
-1,1,0
-1,0
-1,0
-1,0
-1,0
-1,0
-1,0
-1,0
92362,764
28588,336
90048,120
134798,156
211385,142
393233,10
-1,0
452636,503
-1,2500
89477,1123
32704,648
-1,0
-1,420
-1,0
-1,0
-1,0
220531,61
-1,1
785600,51
-1,0
-1,0
-1,0
87052,197
-1,3
-1,0
-1,0
-1,4
-1,0
-1,1
-1,0
-1,2
273664,88
111414,438
265494,90
-1,0
-1,0
-1,0
-1,0
-1,1
-1,0
5821,401
-1,1
-1,2
177488,1770
-1,0
-1,0
217344,100
-1,0
-1,0
-1,0
-1,0
-1,0
-1,0
-1,0
-1,0
-1,0
-1,0
273969,50
-1,0
-1,0
-1,0
-1,0
101247,244
-1,0
-1,0
-1,0
-1,0
252760,94
-1,0
-1,0
-1,0
247484,168
366841,5
-1,0
-1,0
234227,6
-1,0
-1,0
-1,0
610575,51
108047,622
-1,0
-1,0
-1,0
