184491,2233,297901792
606331,96,9990167
631615,92,6987667
784961,99,13037614
664600,99,14827726
894553,94,8364418
364515,89,5106096
691830,96,10370752
68829,99,17319127
114794,99,13821735
338361,96,10022547
163717,99,13045448
376009,99,13041303
31966,99,15299643
175912,95,9573874
59207,99,14823335
154841,99,13039756
122589,99,13038695
206758,99,13034714
416611,94,8220743
20256,99,37423965
110516,99,13041370
41112,99,16182044
180429,94,8289053
-1,1,0
-1,0
-1,0
-1,0
-1,0
-1,0
-1,0
-1,0
94397,764
29636,336
92006,120
136913,156
214147,142
397765,10
-1,0
453952,503
-1,2500
90238,1123
33454,648
-1,0
-1,420
-1,0
-1,0
-1,0
226985,61
-1,1
794522,51
-1,0
-1,0
-1,0
89163,197
-1,3
-1,0
-1,0
-1,4
-1,0
-1,1
-1,0
-1,2
276067,88
112319,438
267619,90
-1,0
-1,0
-1,0
-1,0
-1,1
-1,0
5966,401
-1,1
-1,2
178225,1770
-1,0
-1,0
225841,100
-1,0
-1,0
-1,0
-1,0
-1,0
-1,0
-1,0
-1,0
-1,0
-1,0
278266,50
-1,0
-1,0
-1,0
-1,0
102690,244
-1,0
-1,0
-1,0
-1,0
263972,94
-1,0
-1,0
-1,0
250048,168
374025,5
-1,0
-1,0
235349,6
-1,0
-1,0
-1,0
617102,51
109015,622
-1,0
-1,0
-1,0
