-1,546,7498482
-1,68,614703
-1,61,302336
1503504,85,3399799
1933852,78,1780226
-1,60,273768
-1,48,88432
-1,70,751882
-1,1,70
-1,1,25
-1,1,0
-1,1,10
-1,1,40
-1,1,0
-1,1,18
-1,1,35
-1,1,0
-1,1,0
-1,1,0
1746338,60,287138
-1,1,0
-1,1,0
-1,1,0
-1,1,0
-1,1,0
-1,0
-1,0
-1,0
-1,0
-1,0
-1,0
-1,0
1541865,9
958655,5
1283347,3
1795945,1
-1,0
-1,0
-1,0
-1,0
-1,2500
-1,0
-1,0
-1,0
-1,64
-1,0
-1,0
-1,0
-1,0
-1,0
-1,0
-1,0
-1,0
-1,0
-1,0
-1,0
-1,0
-1,0
-1,0
-1,0
-1,0
-1,0
-1,0
-1,0
-1,0
-1,0
-1,0
-1,0
-1,0
-1,0
-1,0
-1,0
-1,0
-1,0
-1,0
-1,0
-1,0
-1,0
-1,0
-1,0
-1,0
-1,0
-1,0
-1,0
-1,0
-1,0
-1,0
-1,0
-1,0
-1,0
-1,0
-1,0
-1,0
-1,0
-1,0
-1,0
-1,0
-1,0
-1,0
-1,0
-1,0
-1,0
-1,0
-1,0
-1,0
-1,0
-1,0
-1,0
-1,0
-1,0
-1,0
-1,0
-1,0
-1,0
-1,0
-1,0
