-1,561,8680330
-1,69,713987
-1,61,328963
1514296,85,3426427
1864736,80,2032241
-1,60,273768
-1,50,107174
1967811,75,1325300
-1,1,70
-1,1,25
-1,1,0
-1,1,10
-1,1,40
-1,1,0
-1,1,18
-1,1,35
-1,1,0
-1,1,0
-1,1,0
1563938,65,472272
-1,1,0
-1,1,0
-1,1,0
-1,1,0
-1,1,0
-1,0
-1,0
-1,0
-1,0
-1,0
-1,0
-1,0
1554369,9
967814,5
1290535,3
1802949,1
-1,0
-1,0
-1,0
-1,0
-1,2500
-1,0
-1,0
-1,0
-1,66
-1,0
-1,0
-1,0
-1,0
-1,0
-1,0
-1,0
-1,0
-1,0
-1,0
-1,0
-1,0
-1,0
-1,0
-1,0
-1,0
-1,0
-1,0
-1,0
-1,0
-1,0
-1,0
-1,0
-1,0
-1,0
-1,0
-1,0
-1,0
-1,0
-1,0
-1,0
-1,0
-1,0
-1,0
-1,0
-1,0
-1,0
-1,0
-1,0
-1,0
-1,0
-1,0
-1,0
-1,0
-1,0
-1,0
-1,0
-1,0
-1,0
-1,0
-1,0
-1,0
-1,0
-1,0
-1,0
-1,0
-1,0
-1,0
-1,0
-1,0
-1,0
-1,0
-1,0
-1,0
-1,0
-1,0
-1,0
-1,0
-1,0
-1,0
-1,0
