-1,541,7267002
-1,65,471903
-1,61,302336
1498879,85,3399799
1946190,78,1732785
-1,60,273768
-1,47,82154
-1,70,751202
-1,1,70
-1,1,25
-1,1,0
-1,1,10
-1,1,40
-1,1,0
-1,1,18
-1,1,35
-1,1,0
-1,1,0
-1,1,0
1792880,59,252857
-1,1,0
-1,1,0
-1,1,0
-1,1,0
-1,1,0
-1,0
-1,0
-1,0
-1,0
-1,0
-1,0
-1,0
-1,2
-1,1
1950730,1
-1,0
-1,0
-1,0
-1,0
-1,0
-1,2500
-1,0
-1,0
-1,0
-1,58
-1,0
-1,0
-1,0
-1,0
-1,0
-1,0
-1,0
-1,0
-1,0
-1,0
-1,0
-1,0
-1,0
-1,0
-1,0
-1,0
-1,0
-1,0
-1,0
-1,0
-1,0
-1,0
-1,0
-1,0
-1,0
-1,0
-1,0
-1,0
-1,0
-1,0
-1,0
-1,0
-1,0
-1,0
-1,0
-1,0
-1,0
-1,0
-1,0
-1,0
-1,0
-1,0
-1,0
-1,0
-1,0
-1,0
-1,0
-1,0
-1,0
-1,0
-1,0
-1,0
-1,0
-1,0
-1,0
-1,0
-1,0
-1,0
-1,0
-1,0
-1,0
-1,0
-1,0
-1,0
-1,0
-1,0
-1,0
-1,0
-1,0
-1,0
-1,0
