86050,2331,501502016
147226,99,18606824
47386,99,23595401
42361,99,67219744
50284,99,71372569
47708,99,73574387
239652,96,10466258
64371,99,33326498
84445,99,16120034
134369,99,13565566
330860,96,10685987
212223,98,12041866
496749,95,8951359
214544,99,13075411
180352,95,8833294
204517,99,13034447
190631,96,9950801
151378,95,9149912
229343,96,9851288
53696,99,22293456
427773,96,10003417
143918,95,9168082
203730,93,7655959
187328,92,6945370
4870,99,22014086
-1,0
-1,0
-1,0
-1,0
-1,0
-1,0
-1,0
180711,450
511923,12
610435,11
71547,281
299118,101
267469,20
128826,25
460061,502
-1,2500
201141,308
175769,247
24736,42861
30452,803
69759,668
137114,623
27322,160
92640,645
96041,92
84807,616
9930,2414
42367,46
288849,12
277715,13
79248,1082
167595,102
-1,3
178963,26
23247,291
52315,465
121438,57
148972,60
153608,223
123212,408
143100,238
11812,120
33444,119
95064,283
114651,444
75682,672
52736,508
297016,49
123040,160
271177,138
233048,1385
96427,178
103336,176
92120,252
18752,192
10922,541
226535,1
59299,472
67085,41
5639,865
370744,5
53379,337
45273,580
36048,202
82580,200
32262,387
92204,48
13288,25
129739,41
335132,100
323077,9
142675,269
18968,350
1812,2841
23619,560
27381,421
116682,9
-1,0
94698,853
27771,157
98171,83
139976,1
258865,5
51735,826
248776,10
236137,12
381857,198
395280,387
29003,661
114294,146
176710,773
