85707,2329,498459406
146243,99,18606824
46905,99,23595401
41684,99,67219744
49596,99,71367362
47718,99,73096195
238512,96,10466258
63539,99,33289753
83620,99,16119766
132952,99,13565566
329426,96,10685987
212598,98,11824771
494163,95,8951359
213141,99,13075411
179723,95,8795404
205770,98,12808782
189199,96,9950801
153091,95,8819687
227919,96,9842488
52998,99,22293456
445388,95,9043882
142634,95,9168082
202101,93,7655959
185895,92,6943570
5125,99,21272898
-1,0
-1,0
-1,0
-1,0
-1,0
-1,0
-1,0
179198,450
508038,12
607224,11
71017,281
297544,101
265850,20
127998,25
459500,502
-1,2500
200662,308
173377,247
24254,42861
30846,796
68794,668
135922,623
26813,160
90984,645
95218,92
84316,616
9666,2414
42048,46
288154,12
275350,13
78850,1082
166858,102
-1,3
178140,26
23060,291
51966,465
121137,57
148083,60
153078,223
122701,408
142667,238
11590,120
32435,119
93295,283
114092,444
75252,672
51896,508
294986,49
122524,160
270580,138
232579,1385
95972,178
102763,176
90036,252
16986,192
9799,541
225243,1
58842,472
66512,41
5316,865
368987,5
52524,337
44582,580
35865,202
82234,200
30777,387
91593,48
13036,25
128476,41
332379,100
320760,9
140664,269
18496,350
1759,2841
22968,560
26779,421
115667,9
-1,0
94252,853
27651,157
96970,83
140059,1
258160,5
50737,826
247796,10
234727,12
380161,198
394014,387
28159,661
113480,146
175866,773
