85571,2330,499896837
146601,99,18606824
47051,99,23595401
41921,99,67219744
49833,99,71367362
47918,99,73096195
238834,96,10466258
63847,99,33297262
83858,99,16119766
133384,99,13565566
329858,96,10685987
211863,98,11954167
495018,95,8951359
213592,99,13075411
180153,95,8795404
206309,98,12808782
189627,96,9950801
150649,95,9149907
228308,96,9851288
53216,99,22293456
425703,96,10003417
143011,95,9168082
202606,93,7655959
186284,92,6945370
5176,99,21273069
-1,0
-1,0
-1,0
-1,0
-1,0
-1,0
-1,0
179651,450
509260,12
608195,11
71185,281
298021,101
266347,20
128260,25
459809,502
-1,2500
200864,308
174105,247
24402,42861
30045,803
69098,668
136298,623
26979,160
91498,645
95443,92
84468,616
9759,2414
42139,46
288569,12
276043,13
78959,1082
167109,102
-1,3
178419,26
23115,291
52083,465
121240,57
148346,60
153236,223
122866,408
142795,238
11661,120
32704,119
93809,283
114278,444
75393,672
52150,508
295599,49
122691,160
270766,138
232715,1385
96114,178
102944,176
90695,252
17568,192
10149,541
225669,1
58984,472
66677,41
5411,865
369482,5
52800,337
44784,580
35912,202
82360,200
31248,387
91782,48
13126,25
128880,41
333257,100
321471,9
141277,269
18644,350
1780,2841
23172,560
26959,421
115958,9
-1,0
94404,853
27688,157
97287,83
140064,1
258395,5
51017,826
248164,10
235154,12
380688,198
394527,387
28400,661
113723,146
176121,773
