86006,2326,495247780
145305,99,18606824
46588,99,23563932
41607,99,66562429
49287,99,71052803
47206,99,72978756
237554,96,10381893
63236,99,33117217
82800,99,16119766
151120,99,13390200
327924,96,10683741
212302,97,11688648
491234,95,8951359
214039,99,13070959
178436,95,8795404
204115,98,12808782
187769,96,9950788
165724,93,7492705
226641,96,9824672
52213,99,22293456
442408,95,9042932
141372,95,9167207
203348,93,7498615
184390,92,6941917
4945,99,21262775
-1,0
-1,0
-1,0
-1,0
-1,0
-1,0
-1,0
177810,450
504254,12
603951,11
70534,281
296017,101
264179,20
127133,25
458322,502
-1,2500
200004,308
170665,247
23812,42861
31350,787
67834,668
134614,623
26403,160
89364,645
94457,92
83860,616
9343,2414
333809,5
286938,12
273134,13
78472,1082
166054,102
-1,3
177200,26
22883,291
51621,465
120799,57
147265,60
152603,223
122242,408
142283,238
11387,120
31511,119
91543,283
113496,444
74858,672
51053,508
293073,49
122015,160
269931,138
232108,1385
95574,178
102148,176
88030,252
15277,176
8589,541
223848,1
64893,400
65880,41
5058,865
367086,5
51674,337
44003,580
35657,202
81902,200
29258,387
91016,48
12812,25
127277,41
329417,100
318297,9
138450,269
18115,350
1717,2841
22380,560
27761,391
114795,9
-1,0
93789,853
27548,157
95804,83
139992,1
257397,5
49877,826
246575,10
233270,12
378405,198
392350,387
27701,655
112693,146
175156,773
