85802,2329,498802262
146299,99,18606824
46935,99,23595401
41733,99,67219744
49639,99,71367362
47754,99,73096195
238562,96,10466258
63584,99,33291789
83670,99,16119766
133031,99,13565566
329516,96,10685987
212680,98,11824771
494328,95,8951359
213229,99,13075411
179795,95,8795404
205889,98,12808782
189279,96,9950801
150459,95,9149907
227927,96,9851288
53038,99,22293456
445592,95,9043882
142693,95,9168082
202188,93,7655959
185947,92,6945370
5138,99,21272898
-1,0
-1,0
-1,0
-1,0
-1,0
-1,0
-1,0
179266,450
508242,12
607405,11
71041,281
297637,101
265940,20
128033,25
459558,502
-1,2500
200690,308
173520,247
24279,42861
30719,797
68849,668
135985,623
26842,160
91065,645
95263,92
84341,616
9680,2414
42060,46
288221,12
275468,13
78864,1082
166902,102
-1,3
178180,26
23069,291
51989,465
121150,57
148124,60
153095,223
122722,408
142683,238
11597,120
32488,119
93391,283
114114,444
75285,672
51949,508
295094,49
122549,160
270605,138
232605,1385
95999,178
102783,176
90172,252
17104,192
9872,541
225319,1
58870,472
66534,41
5336,865
369083,5
52574,337
44620,580
35873,202
82263,200
30863,387
91622,48
13046,25
128557,41
332537,100
320894,9
140785,269
18513,350
1764,2841
23002,560
26809,421
115707,9
-1,0
94270,853
27657,157
97020,83
140053,1
258193,5
50792,826
247851,10
234800,12
380245,198
394111,387
28197,661
113529,146
175905,773
