84240,2326,488634387
143984,99,18606766
48413,99,23187145
42185,99,65267176
50241,99,69824370
48063,99,71815290
236477,96,10361027
66404,99,32159090
81944,99,16119686
150258,99,13384307
326546,96,10683741
211517,97,11569162
488375,95,8950539
212412,99,13070944
177062,95,8795054
202357,98,12808777
186402,96,9943294
169004,93,7239642
225253,96,9819905
58626,99,21217935
439564,95,9038887
140316,95,9144807
202886,93,7424016
182840,92,6940117
4759,99,21262710
-1,0
-1,0
-1,0
-1,0
-1,0
-1,0
-1,0
177393,447
500280,12
600512,11
70024,281
300991,98
262470,20
126293,25
457103,502
-1,2500
199416,308
168146,247
23375,42861
31805,780
66838,668
133203,623
25993,160
87696,645
93653,92
83408,616
8990,2414
331880,5
285585,12
270833,13
78133,1082
169949,96
-1,3
176424,26
22725,291
51299,465
120483,57
146556,60
152136,223
121849,408
141894,238
11161,120
30471,119
89753,283
112973,444
74486,672
50072,508
291106,49
121608,160
269498,138
231684,1385
95229,178
101483,176
85934,252
10812,175
7152,541
222485,1
64400,400
65230,41
4758,865
365176,5
50796,337
43384,580
35487,202
81369,200
27290,387
148140,38
12610,25
126109,41
326180,100
315728,9
135922,269
17753,350
1665,2841
21774,560
34731,263
113784,9
-1,0
93300,853
27449,157
94706,83
140048,1
256728,5
48934,826
245349,10
231767,12
376899,198
390740,387
26899,655
111828,146
174495,773
