83594,2325,481120907
143076,99,18606623
50129,99,22875619
43850,99,63163707
51784,99,68417437
49227,99,70543756
235700,96,10344797
68510,99,31543919
81468,99,16118906
149416,99,13382532
325595,96,10675303
211555,97,11429230
486516,95,8949987
243545,99,13034964
176469,95,8784739
201125,98,12798279
185495,96,9940080
174974,92,6843313
224352,96,9814539
67261,99,20069488
437514,95,9037077
139680,95,9139807
201654,93,7423456
181937,92,6933714
4636,99,21249635
-1,0
-1,0
-1,0
-1,0
-1,0
-1,0
-1,0
176427,447
497728,12
598000,11
69713,281
299781,98
261364,20
125746,25
456292,502
-1,2500
199095,308
166957,247
23096,42861
32021,775
66218,668
132351,623
25707,160
86488,645
93038,92
83101,616
8715,2414
330611,5
284713,12
269339,13
77813,1082
171566,93
-1,3
175865,26
22613,291
51085,465
120277,57
146012,60
151827,223
121568,408
141649,238
11027,120
29791,119
88582,283
112665,444
74241,672
49390,508
289826,49
121280,160
269116,138
231304,1385
94961,178
101079,176
84539,252
221651,1
5880,541
64043,400
64862,41
4627,865
363854,5
50179,337
43020,580
35352,202
81141,200
25748,387
147528,38
12472,25
125313,41
324311,100
313597,9
134129,269
17506,350
1630,2841
21363,560
34124,263
113108,9
-1,0
92936,853
27356,157
93901,83
140055,1
256200,5
48305,826
244521,10
230773,12
375769,198
389679,387
27467,636
111286,146
174039,773
