85377,2328,496681528
145731,99,18606824
46594,99,23593136
41720,99,66755362
49364,99,71209707
47343,99,73096195
238066,96,10381958
63033,99,33259862
83080,99,16119766
151688,99,13390200
328517,96,10683741
211819,98,11821768
492404,95,8951359
213031,99,13073859
178969,95,8795404
204717,98,12808782
188351,96,9950788
160115,94,7989430
227182,96,9830072
52536,99,22293456
443571,95,9042932
141890,95,9167207
201080,93,7655028
185020,92,6941917
5018,99,21262775
-1,0
-1,0
-1,0
-1,0
-1,0
-1,0
-1,0
178337,450
505703,12
605233,11
70721,281
296584,101
264847,20
127476,25
458798,502
-1,2500
200305,308
171809,247
23975,42861
31479,788
68164,668
135135,623
26544,160
89964,645
94763,92
84034,616
9495,2414
334533,5
287490,12
273990,13
78607,1082
166406,102
-1,3
177585,26
22953,291
51754,465
120942,57
147563,60
152809,223
122436,408
142446,238
11454,120
31877,119
92180,283
113733,444
75014,672
51404,508
293825,49
122192,160
270217,138
232297,1385
95720,178
102388,176
88811,252
15514,192
9049,541
224393,1
58564,472
66119,41
5192,865
367815,5
51990,337
44219,580
35736,202
82057,200
29835,387
91234,48
12891,25
127750,41
330653,100
319270,9
139370,269
18246,350
1735,2841
22585,560
26413,421
115161,9
-1,0
93971,853
27591,157
96255,83
140054,1
257735,5
50186,826
247059,10
233825,12
379126,198
393074,387
28000,655
112993,146
175459,773
