85904,2326,495247780
145208,99,18606824
46547,99,23563932
41572,99,66562429
49226,99,71052803
47163,99,72978756
237478,96,10381893
63174,99,33117217
82749,99,16119766
151034,99,13390200
327818,96,10683741
212189,97,11688648
491053,95,8951359
213930,99,13070959
178329,95,8795404
203994,98,12808782
187665,96,9950788
165634,93,7492705
226547,96,9824672
52154,99,22293456
442200,95,9042932
141287,95,9167207
203207,93,7498615
184277,92,6941917
4936,99,21262775
-1,0
-1,0
-1,0
-1,0
-1,0
-1,0
-1,0
177721,450
504030,12
603719,11
70496,281
295932,101
264079,20
127079,25
458214,502
-1,2500
199951,308
170462,247
23784,42861
31309,787
67773,668
134538,623
26379,160
89264,645
94421,92
83832,616
9323,2414
333695,5
286862,12
272992,13
78459,1082
165995,102
-1,3
177156,26
22875,291
51600,465
120785,57
147227,60
152573,223
122215,408
142261,238
11374,120
31478,119
91441,283
113469,444
74833,672
51013,508
292959,49
121989,160
269899,138
232075,1385
95550,178
102111,176
87928,252
15138,176
8513,541
223772,1
64860,400
65851,41
5033,865
366972,5
51623,337
43969,580
35648,202
81884,200
29166,387
90986,48
12801,25
127194,41
329210,100
318153,9
138314,269
18097,350
1715,2841
22342,560
27724,391
114740,9
-1,0
93762,853
27540,157
95739,83
139984,1
257353,5
49835,826
246504,10
233189,12
378311,198
392234,387
27648,655
112647,146
175133,773
