85422,2333,506965801
144591,99,18760866
46620,99,23751002
41961,99,67889013
50139,99,71708774
47289,99,74090097
239825,96,10597009
64264,99,33457108
84754,99,16121084
134583,99,13569856
330404,97,10744354
212458,98,12099628
484326,95,9393169
117302,99,13575849
180442,95,8870082
172211,99,13075776
191264,96,9957351
150989,95,9278804
230019,96,9853288
53985,99,22293456
429013,96,10003417
143388,95,9321714
188668,94,8709941
187664,92,6991656
4517,99,22852507
-1,0
-1,0
-1,0
-1,0
-1,0
-1,0
-1,0
181404,450
513606,12
611901,11
71776,281
299822,101
268150,20
129210,25
460239,502
-1,2500
201491,308
157400,263
24940,42861
28888,817
70150,668
137607,623
27499,160
93288,645
96441,92
85022,616
10033,2414
42511,46
289503,12
278785,13
79413,1082
167945,102
-1,3
179309,26
23333,291
52440,465
121581,57
149351,60
153844,223
123407,408
143295,238
11906,120
33843,119
95879,283
114873,444
75827,672
53041,508
297837,49
123281,160
271435,138
233289,1385
96570,178
103571,176
93013,252
19314,192
11366,541
227148,1
59494,472
67311,41
5786,865
371549,5
53723,337
45586,580
36150,202
82772,200
32795,387
92479,48
13403,25
130307,41
336382,100
324001,9
143534,269
19142,350
1828,2841
21119,585
27626,421
117134,9
-1,0
94874,853
27809,157
98668,83
139972,1
259198,5
52144,826
249278,10
236847,12
382600,198
395991,387
29321,661
114610,146
177036,773
