83842,2326,485566684
143712,99,18606623
49199,99,23055598
42896,99,64406424
50954,99,69243767
48636,99,71272129
236215,96,10358502
67310,99,31906903
81774,99,16119686
149922,99,13384307
326244,96,10683741
212102,97,11429230
487718,95,8950539
212060,99,13070944
176771,95,8795054
201987,98,12808777
186082,96,9943294
168825,93,7237249
224955,96,9819905
62741,99,20663601
438894,95,9038887
140052,95,9144807
202451,93,7424016
182531,92,6940117
4723,99,21262584
-1,0
-1,0
-1,0
-1,0
-1,0
-1,0
-1,0
177093,447
499382,12
599700,11
69931,281
300582,98
262121,20
126123,25
456800,502
-1,2500
199243,308
167701,247
23293,42861
31961,778
66631,668
132921,623
25911,160
87327,645
93450,92
83318,616
8893,2414
331475,5
285330,12
270317,13
78048,1082
169842,96
-1,3
176250,26
22690,291
51223,465
120443,57
146412,60
152057,223
121764,408
141828,238
11107,120
30249,119
89382,283
112865,444
74411,672
49840,508
290700,49
121529,160
269381,138
231599,1385
95160,178
101378,176
85514,252
8504,175
6790,541
222212,1
64292,400
65128,41
4717,865
364761,5
50581,337
43280,580
35452,202
81320,200
26755,387
147905,38
12562,25
125856,41
325525,100
315129,9
135289,269
17678,350
1655,2841
21665,560
34547,263
113575,9
-1,0
93174,853
27421,157
94441,83
140078,1
256591,5
48765,826
245100,10
231441,12
376570,198
390365,387
27845,636
111664,146
174338,773
