85355,2326,495115623
144824,99,18606824
46366,99,23563932
41354,99,66562429
48978,99,71052803
46954,99,72978756
237100,96,10381893
62827,99,33117217
82487,99,16119766
150557,99,13390200
327359,96,10683741
212073,97,11630810
490166,95,8951359
213426,99,13070959
177939,95,8795404
203421,98,12808782
187238,96,9950788
165244,93,7492705
226084,96,9824672
51892,99,22293456
441292,95,9042932
140810,95,9167207
204065,93,7424296
183797,92,6941917
4890,99,21262775
-1,0
-1,0
-1,0
-1,0
-1,0
-1,0
-1,0
177280,450
502767,12
602644,11
70347,281
295494,101
263529,20
126822,25
457634,502
-1,2500
199732,308
169416,247
23649,42861
31129,787
67480,668
134094,623
26252,160
88797,645
94177,92
83678,616
9213,2414
333107,5
286384,12
272235,13
78344,1082
165682,102
-1,3
176868,26
22812,291
51487,465
120656,57
147002,60
152376,223
122071,408
142122,238
11304,120
31163,119
90894,283
113275,444
74707,672
50730,508
292314,49
121868,160
269697,138
231898,1385
95423,178
101894,176
87271,252
14190,176
8119,541
223389,1
64686,400
65641,41
4941,865
366339,5
51356,337
43751,580
35602,202
81674,200
28640,387
90813,48
12750,25
126806,41
328051,100
317405,9
137479,269
18016,350
1703,2841
22156,560
27520,391
114396,9
-1,0
93603,853
27504,157
95406,83
139962,1
257114,5
49564,826
246134,10
232690,12
377776,198
391694,387
27431,655
112400,146
174870,773
