1904205,1322,11557759
-1,1,-1
-1,1,-1
-1,1,-1
-1,1,-1
-1,1,-1
-1,1,-1
-1,1,-1
1891857,70,749593
-1,1,-1
-1,59,247936
1817714,65,455780
611134,90,5561170
-1,1,-1
-1,1,-1
-1,1,-1
1768203,52,131557
-1,60,284549
-1,1,-1
-1,1,-1
1481354,64,437612
1213103,58,236101
1815647,51,118433
1910128,46,73807
-1,1,0
-1,-1
-1,-1
-1,-1
-1,-1
-1,-1
-1,-1
-1,-1
-1,-1
-1,-1
-1,-1
1688210,1
-1,-1
-1,-1
-1,-1
-1,-1
-1,-1
95327,1032
758303,35
-1,-1
-1,-1
-1,-1
-1,-1
-1,-1
-1,-1
-1,-1
1263821,5
-1,0
-1,-1
-1,-1
-1,-1
-1,-1
-1,-1
-1,-1
-1,-1
-1,-1
-1,-1
-1,-1
-1,-1
-1,-1
670447,17
-1,-1
-1,-1
-1,-1
-1,-1
-1,-1
-1,-1
-1,-1
-1,-1
-1,-1
-1,-1
-1,-1
-1,-1
-1,-1
-1,-1
-1,0
-1,0
-1,-1
-1,-1
-1,-1
-1,-1
-1,-1
-1,-1
-1,-1
-1,-1
255565,54
-1,-1
-1,-1
-1,-1
-1,-1
489181,64
-1,-1
-1,-1
-1,-1
-1,-1
-1,-1
-1,-1
-1,-1
-1,-1
-1,-1
-1,-1
-1,-1
-1,-1
-1,-1
-1,-1
-1,-1
-1,-1
-1,-1
527779,255
-1,-1
-1,-1
-1,-1
