1925840,1322,11557759
-1,1,-1
-1,1,-1
-1,1,-1
-1,1,-1
-1,1,-1
-1,1,-1
-1,1,-1
1911494,70,749593
-1,1,-1
-1,59,247936
1836965,65,455780
619250,90,5561170
-1,1,-1
-1,1,-1
-1,1,-1
1788189,52,131557
-1,60,284549
-1,1,-1
-1,1,-1
1498540,64,437612
1230389,58,236101
1834285,51,118433
1930777,46,73807
-1,1,0
-1,-1
-1,-1
-1,-1
-1,-1
-1,-1
-1,-1
-1,-1
-1,-1
-1,-1
-1,-1
1701721,1
-1,-1
-1,-1
-1,-1
-1,-1
-1,-1
96241,1032
774363,35
-1,-1
-1,-1
-1,-1
-1,-1
-1,-1
-1,-1
-1,-1
1279876,5
-1,0
-1,-1
-1,-1
-1,-1
-1,-1
-1,-1
-1,-1
-1,-1
-1,-1
-1,-1
-1,-1
-1,-1
-1,-1
679938,17
-1,-1
-1,-1
-1,-1
-1,-1
-1,-1
-1,-1
-1,-1
-1,-1
-1,-1
-1,-1
-1,-1
-1,-1
-1,-1
-1,-1
-1,0
-1,0
-1,-1
-1,-1
-1,-1
-1,-1
-1,-1
-1,-1
-1,-1
-1,-1
260542,54
-1,-1
-1,-1
-1,-1
-1,-1
499902,64
-1,-1
-1,-1
-1,-1
-1,-1
-1,-1
-1,-1
-1,-1
-1,-1
-1,-1
-1,-1
-1,-1
-1,-1
-1,-1
-1,-1
-1,-1
-1,-1
-1,-1
533100,255
-1,-1
-1,-1
-1,-1
