1899592,1322,11557759
-1,1,-1
-1,1,-1
-1,1,-1
-1,1,-1
-1,1,-1
-1,1,-1
-1,1,-1
1887899,70,749593
-1,1,-1
-1,59,247936
1813838,65,455780
609489,90,5561170
-1,1,-1
-1,1,-1
-1,1,-1
1763896,52,131557
-1,60,284549
-1,1,-1
-1,1,-1
1477913,64,437612
1209576,58,236101
1811110,51,118433
1905206,46,73807
-1,1,0
-1,-1
-1,-1
-1,-1
-1,-1
-1,-1
-1,-1
-1,-1
-1,-1
-1,-1
-1,-1
1685298,1
-1,-1
-1,-1
-1,-1
-1,-1
-1,-1
95096,1032
755262,35
-1,-1
-1,-1
-1,-1
-1,-1
-1,-1
-1,-1
-1,-1
1260685,5
-1,0
-1,-1
-1,-1
-1,-1
-1,-1
-1,-1
-1,-1
-1,-1
-1,-1
-1,-1
-1,-1
-1,-1
-1,-1
668737,17
-1,-1
-1,-1
-1,-1
-1,-1
-1,-1
-1,-1
-1,-1
-1,-1
-1,-1
-1,-1
-1,-1
-1,-1
-1,-1
-1,-1
-1,0
-1,0
-1,-1
-1,-1
-1,-1
-1,-1
-1,-1
-1,-1
-1,-1
-1,-1
254593,54
-1,-1
-1,-1
-1,-1
-1,-1
487054,64
-1,-1
-1,-1
-1,-1
-1,-1
-1,-1
-1,-1
-1,-1
-1,-1
-1,-1
-1,-1
-1,-1
-1,-1
-1,-1
-1,-1
-1,-1
-1,-1
-1,-1
526662,255
-1,-1
-1,-1
-1,-1
