1925106,1322,11557759
-1,1,-1
-1,1,-1
-1,1,-1
-1,1,-1
-1,1,-1
-1,1,-1
-1,1,-1
1910883,70,749593
-1,1,-1
-1,59,247936
1836360,65,455780
619001,90,5561170
-1,1,-1
-1,1,-1
-1,1,-1
1787607,52,131557
-1,60,284549
-1,1,-1
-1,1,-1
1497840,64,437612
1229775,58,236101
1833793,51,118433
1930242,46,73807
-1,1,0
-1,-1
-1,-1
-1,-1
-1,-1
-1,-1
-1,-1
-1,-1
-1,-1
-1,-1
-1,-1
1701195,1
-1,-1
-1,-1
-1,-1
-1,-1
-1,-1
96229,1032
773761,35
-1,-1
-1,-1
-1,-1
-1,-1
-1,-1
-1,-1
-1,-1
1279251,5
-1,0
-1,-1
-1,-1
-1,-1
-1,-1
-1,-1
-1,-1
-1,-1
-1,-1
-1,-1
-1,-1
-1,-1
-1,-1
679585,17
-1,-1
-1,-1
-1,-1
-1,-1
-1,-1
-1,-1
-1,-1
-1,-1
-1,-1
-1,-1
-1,-1
-1,-1
-1,-1
-1,-1
-1,0
-1,0
-1,-1
-1,-1
-1,-1
-1,-1
-1,-1
-1,-1
-1,-1
-1,-1
260365,54
-1,-1
-1,-1
-1,-1
-1,-1
499510,64
-1,-1
-1,-1
-1,-1
-1,-1
-1,-1
-1,-1
-1,-1
-1,-1
-1,-1
-1,-1
-1,-1
-1,-1
-1,-1
-1,-1
-1,-1
-1,-1
-1,-1
532974,255
-1,-1
-1,-1
-1,-1
