1913165,1322,11557759
-1,1,-1
-1,1,-1
-1,1,-1
-1,1,-1
-1,1,-1
-1,1,-1
-1,1,-1
1900168,70,749593
-1,1,-1
-1,59,247936
1825863,65,455780
614508,90,5561170
-1,1,-1
-1,1,-1
-1,1,-1
1776733,52,131557
-1,60,284549
-1,1,-1
-1,1,-1
1488545,64,437612
1220415,58,236101
1824291,51,118433
1918969,46,73807
-1,1,0
-1,-1
-1,-1
-1,-1
-1,-1
-1,-1
-1,-1
-1,-1
-1,-1
-1,-1
-1,-1
1693766,1
-1,-1
-1,-1
-1,-1
-1,-1
-1,-1
95706,1032
765199,35
-1,-1
-1,-1
-1,-1
-1,-1
-1,-1
-1,-1
-1,-1
1270202,5
-1,0
-1,-1
-1,-1
-1,-1
-1,-1
-1,-1
-1,-1
-1,-1
-1,-1
-1,-1
-1,-1
-1,-1
-1,-1
674344,17
-1,-1
-1,-1
-1,-1
-1,-1
-1,-1
-1,-1
-1,-1
-1,-1
-1,-1
-1,-1
-1,-1
-1,-1
-1,-1
-1,-1
-1,0
-1,0
-1,-1
-1,-1
-1,-1
-1,-1
-1,-1
-1,-1
-1,-1
-1,-1
257672,54
-1,-1
-1,-1
-1,-1
-1,-1
493986,64
-1,-1
-1,-1
-1,-1
-1,-1
-1,-1
-1,-1
-1,-1
-1,-1
-1,-1
-1,-1
-1,-1
-1,-1
-1,-1
-1,-1
-1,-1
-1,-1
-1,-1
530018,255
-1,-1
-1,-1
-1,-1
