1904943,1322,11557759
-1,1,-1
-1,1,-1
-1,1,-1
-1,1,-1
-1,1,-1
-1,1,-1
-1,1,-1
1892576,70,749593
-1,1,-1
-1,59,247936
1818349,65,455780
611382,90,5561170
-1,1,-1
-1,1,-1
-1,1,-1
1768951,52,131557
-1,60,284549
-1,1,-1
-1,1,-1
1481922,64,437612
1213724,58,236101
1816399,51,118433
1910916,46,73807
-1,1,0
-1,-1
-1,-1
-1,-1
-1,-1
-1,-1
-1,-1
-1,-1
-1,-1
-1,-1
-1,-1
1688675,1
-1,-1
-1,-1
-1,-1
-1,-1
-1,-1
95357,1032
758823,35
-1,-1
-1,-1
-1,-1
-1,-1
-1,-1
-1,-1
-1,-1
1264344,5
-1,0
-1,-1
-1,-1
-1,-1
-1,-1
-1,-1
-1,-1
-1,-1
-1,-1
-1,-1
-1,-1
-1,-1
-1,-1
670760,17
-1,-1
-1,-1
-1,-1
-1,-1
-1,-1
-1,-1
-1,-1
-1,-1
-1,-1
-1,-1
-1,-1
-1,-1
-1,-1
-1,-1
-1,0
-1,0
-1,-1
-1,-1
-1,-1
-1,-1
-1,-1
-1,-1
-1,-1
-1,-1
255732,54
-1,-1
-1,-1
-1,-1
-1,-1
489537,64
-1,-1
-1,-1
-1,-1
-1,-1
-1,-1
-1,-1
-1,-1
-1,-1
-1,-1
-1,-1
-1,-1
-1,-1
-1,-1
-1,-1
-1,-1
-1,-1
-1,-1
527974,255
-1,-1
-1,-1
-1,-1
