879634,1835,60777215
1123542,83,2943102
991513,84,3224253
1110483,92,6914511
912555,96,9886323
978727,92,6972466
781282,78,1689902
818032,94,8680449
1230677,75,1314216
1040603,77,1537265
1039938,76,1403048
936605,77,1622780
1676940,70,777755
883868,77,1515730
681085,79,1809731
1088200,75,1232367
999876,71,834971
695726,77,1527458
1084648,72,943018
1196831,73,1060810
1251359,71,859411
399510,80,2069631
879257,74,1097974
999487,71,854903
806657,21,5141
-1,0
-1,0
-1,0
-1,0
-1,0
-1,0
-1,0
1124108,23
1194703,3
1848997,1
897465,8
897422,9
794493,1
479397,1
-1,475
-1,2500
149676,535
199015,229
-1,0
-1,200
-1,0
-1,0
-1,0
-1,0
113275,59
344926,204
-1,0
-1,0
-1,1
280185,11
-1,0
212454,57
-1,0
115998,50
246118,25
300884,16
-1,4
62305,125
445972,16
283896,185
468198,11
180236,25
-1,0
-1,0
268175,122
474360,27
-1,0
-1,1
-1,0
617996,25
-1,0
-1,4
221383,55
-1,0
-1,0
-1,0
-1,0
-1,0
123860,8
-1,0
-1,0
-1,0
340877,31
-1,0
-1,0
-1,0
-1,2
-1,0
157073,20
422583,79
81571,50
250255,65
-1,0
-1,0
-1,0
-1,0
-1,0
-1,0
-1,0
125728,57
-1,0
-1,0
-1,3
-1,0
285168,5
235064,12
776104,15
1535164,29
-1,0
264140,30
443427,86
