860691,1835,60769442
1106577,83,2943102
976431,84,3224253
1092168,92,6914319
897063,96,9884202
964895,92,6970268
769354,78,1689902
805291,94,8678459
1216171,75,1313886
1025418,77,1537175
1028503,76,1403048
923454,77,1622590
1654786,70,777755
866623,77,1515465
669811,79,1809466
1069538,75,1232277
984420,71,834941
683580,77,1527458
1066588,72,943018
1180869,73,1060810
1235094,71,859399
391497,80,2069631
863935,74,1097974
984205,71,854903
750490,21,5141
-1,0
-1,0
-1,0
-1,0
-1,0
-1,0
-1,0
1110042,23
1175876,3
1831623,1
886928,8
887794,9
785730,1
473620,1
-1,475
-1,2500
148338,535
191642,229
-1,0
-1,200
-1,0
-1,0
-1,0
-1,0
110925,59
340657,204
-1,0
-1,0
-1,1
274420,11
-1,0
209505,57
-1,0
114684,50
243005,25
297339,16
-1,4
61311,125
440879,16
280390,185
463056,11
175717,25
-1,0
-1,0
265137,122
463948,27
-1,0
-1,1
-1,0
613351,25
-1,0
-1,4
218443,55
-1,0
-1,0
-1,0
-1,0
-1,0
119848,8
-1,0
-1,0
-1,0
330623,31
-1,0
-1,0
-1,0
-1,2
-1,0
153457,20
412756,79
80541,50
239257,65
-1,0
-1,0
-1,0
-1,0
-1,0
-1,0
-1,0
123853,57
-1,0
-1,0
-1,3
-1,0
281876,5
231340,12
765020,15
1517586,29
-1,0
259291,30
436912,86
