863696,1835,60769442
1109117,83,2943102
978663,84,3224253
1094986,92,6914319
899554,96,9884202
966957,92,6970268
771035,78,1689902
807268,94,8678459
1218125,75,1313886
1027397,77,1537175
1029967,76,1403048
924961,77,1622590
1657995,70,777755
869958,77,1515465
671326,79,1809466
1072375,75,1232277
986539,71,834941
684983,77,1527458
1069115,72,943018
1183276,73,1060810
1237288,71,859399
392485,80,2069631
866313,74,1097974
986380,71,854903
760699,21,5141
-1,0
-1,0
-1,0
-1,0
-1,0
-1,0
-1,0
1112051,23
1178725,3
1834721,1
888421,8
889156,9
786923,1
474436,1
-1,475
-1,2500
148558,535
192499,229
-1,0
-1,200
-1,0
-1,0
-1,0
-1,0
111269,59
341202,204
-1,0
-1,0
-1,1
275201,11
-1,0
209832,57
-1,0
114843,50
243373,25
297815,16
-1,4
61428,125
441478,16
280805,185
463690,11
176303,25
-1,0
-1,0
265543,122
465465,27
-1,0
-1,1
-1,0
613967,25
-1,0
-1,4
218848,55
-1,0
-1,0
-1,0
-1,0
-1,0
120376,8
-1,0
-1,0
-1,0
331898,31
-1,0
-1,0
-1,0
-1,2
-1,0
153929,20
413978,79
80710,50
241234,65
-1,0
-1,0
-1,0
-1,0
-1,0
-1,0
-1,0
124102,57
-1,0
-1,0
-1,3
-1,0
282322,5
231870,12
766478,15
1520281,29
-1,0
259945,30
437725,86
