876601,1835,60777215
1120961,83,2943102
989213,84,3224253
1107643,92,6914511
910226,96,9886323
976433,92,6972466
779278,78,1689902
815939,94,8680449
1228222,75,1314216
1038101,77,1537265
1037950,76,1403048
934406,77,1622780
1673132,70,777755
881255,77,1515730
679144,79,1809731
1085259,75,1232367
997253,71,834971
693683,77,1527458
1081547,72,943018
1194263,73,1060810
1248464,71,859411
398256,80,2069631
876916,74,1097974
996978,71,854903
798202,21,5141
-1,0
-1,0
-1,0
-1,0
-1,0
-1,0
-1,0
1121686,23
1191640,3
1846264,1
895708,8
895752,9
792954,1
478411,1
-1,475
-1,2500
149468,535
197871,229
-1,0
-1,200
-1,0
-1,0
-1,0
-1,0
112886,59
344110,204
-1,0
-1,0
-1,1
279197,11
-1,0
212010,57
-1,0
115764,50
245580,25
300237,16
-1,4
62130,125
444997,16
283248,185
467239,11
179473,25
-1,0
-1,0
267635,122
472555,27
-1,0
-1,1
-1,0
617173,25
-1,0
-1,4
220870,55
-1,0
-1,0
-1,0
-1,0
-1,0
123207,8
-1,0
-1,0
-1,0
339064,31
-1,0
-1,0
-1,0
-1,2
-1,0
156426,20
421017,79
81410,50
248793,65
-1,0
-1,0
-1,0
-1,0
-1,0
-1,0
-1,0
125374,57
-1,0
-1,0
-1,3
-1,0
284644,5
234455,12
774186,15
1532214,29
-1,0
263333,30
442166,86
