873450,1835,60777215
1118107,83,2943102
986712,84,3224253
1104519,92,6914511
907692,96,9886323
974071,92,6972466
777219,78,1689902
813949,94,8680449
1225696,75,1314216
1035452,77,1537265
1035938,76,1403048
932194,77,1622780
1669524,70,777755
878621,77,1515730
677186,79,1809731
1082211,75,1232367
994596,71,834971
691561,77,1527458
1078472,72,943018
1191521,73,1060810
1245652,71,859411
396832,80,2069631
874480,74,1097974
994461,71,854903
789784,21,5141
-1,0
-1,0
-1,0
-1,0
-1,0
-1,0
-1,0
1119340,23
1188528,3
1843535,1
893965,8
894072,9
791479,1
477421,1
-1,475
-1,2500
149243,535
196525,229
-1,0
-1,200
-1,0
-1,0
-1,0
-1,0
112484,59
343341,204
-1,0
-1,0
-1,1
278215,11
-1,0
211519,57
-1,0
115513,50
244992,25
299645,16
-1,4
61949,125
444039,16
282585,185
466273,11
178711,25
-1,0
-1,0
267092,122
470762,27
-1,0
-1,1
-1,0
616242,25
-1,0
-1,4
220345,55
-1,0
-1,0
-1,0
-1,0
-1,0
122596,8
-1,0
-1,0
-1,0
337124,31
-1,0
-1,0
-1,0
-1,2
-1,0
155806,20
419374,79
81251,50
247058,65
-1,0
-1,0
-1,0
-1,0
-1,0
-1,0
-1,0
125054,57
-1,0
-1,0
-1,3
-1,0
284060,5
233802,12
772108,15
1529407,29
-1,0
262523,30
440995,86
