880943,1835,60777215
1124734,83,2943102
992421,84,3224253
1111755,92,6914511
913597,96,9886323
979768,92,6972466
782157,78,1689902
818952,94,8680449
1231709,75,1314216
1041665,77,1537265
1040768,76,1403048
937477,77,1622780
1678571,70,777755
884980,77,1515730
681928,79,1809731
1089533,75,1232367
1000979,71,834971
696526,77,1527458
1085913,72,943018
1197973,73,1060810
1252590,71,859411
400055,80,2069631
880315,74,1097974
1000620,71,854903
810156,21,5141
-1,0
-1,0
-1,0
-1,0
-1,0
-1,0
-1,0
1125136,23
1196011,3
1850163,1
898260,8
898104,9
795188,1
479811,1
-1,475
-1,2500
149796,535
199522,229
-1,0
-1,200
-1,0
-1,0
-1,0
-1,0
113435,59
345273,204
-1,0
-1,0
-1,1
280630,11
-1,0
212665,57
-1,0
116117,50
246351,25
301168,16
-1,4
62385,125
446385,16
284219,185
468594,11
180585,25
-1,0
-1,0
268447,122
475115,27
-1,0
-1,1
-1,0
618401,25
-1,0
-1,4
221642,55
-1,0
-1,0
-1,0
-1,0
-1,0
124139,8
-1,0
-1,0
-1,0
341668,31
-1,0
-1,0
-1,0
-1,2
-1,0
157352,20
423286,79
81649,50
250906,65
-1,0
-1,0
-1,0
-1,0
-1,0
-1,0
-1,0
125866,57
-1,0
-1,0
-1,3
-1,0
285435,5
235345,12
776996,15
1536503,29
-1,0
264498,30
443950,86
