867894,1835,60777215
1112697,83,2943102
981939,84,3224253
1098815,92,6914511
902823,96,9886323
969695,92,6972466
773461,78,1689902
809912,94,8680449
1221023,75,1314216
1030587,77,1537265
1032230,76,1403048
927860,77,1622780
1662726,70,777755
873683,77,1515730
673715,79,1809731
1076588,75,1232367
989883,71,834971
687850,77,1527458
1072934,72,943018
1186565,73,1060810
1240505,71,859411
394092,80,2069631
869653,74,1097974
989554,71,854903
774688,21,5141
-1,0
-1,0
-1,0
-1,0
-1,0
-1,0
-1,0
1115055,23
1183049,3
1838602,1
890730,8
891156,9
788737,1
475659,1
-1,475
-1,2500
148807,535
193880,229
-1,0
-1,200
-1,0
-1,0
-1,0
-1,0
111840,59
342105,204
-1,0
-1,0
-1,1
276506,11
-1,0
210526,57
-1,0
115097,50
244030,25
298526,16
-1,4
61675,125
442460,16
281498,185
464679,11
177378,25
-1,0
-1,0
266125,122
467691,27
-1,0
-1,1
-1,0
614676,25
-1,0
-1,4
219479,55
-1,0
-1,0
-1,0
-1,0
-1,0
121402,8
-1,0
-1,0
-1,0
334050,31
-1,0
-1,0
-1,0
-1,2
-1,0
154673,20
416241,79
80934,50
243966,65
-1,0
-1,0
-1,0
-1,0
-1,0
-1,0
-1,0
124516,57
-1,0
-1,0
-1,3
-1,0
283023,5
232711,12
768661,15
1524001,29
-1,0
261095,30
439015,86
