866067,1835,60777215
1111279,83,2943102
980635,84,3224253
1097314,92,6914511
901475,96,9886323
968617,92,6972466
772567,78,1689902
808906,94,8680449
1219920,75,1314216
1029192,77,1537265
1031439,76,1403048
926612,77,1622780
1660919,70,777755
872098,77,1515730
672638,79,1809731
1074747,75,1232367
988503,71,834971
686368,77,1527458
1071367,72,943018
1185339,73,1060810
1239293,71,859411
393378,80,2069631
868214,74,1097974
988374,71,854903
768461,21,5141
-1,0
-1,0
-1,0
-1,0
-1,0
-1,0
-1,0
1113844,23
1181196,3
1837150,1
889705,8
890388,9
788057,1
475166,1
-1,475
-1,2500
148745,535
193238,229
-1,0
-1,200
-1,0
-1,0
-1,0
-1,0
111604,59
341757,204
-1,0
-1,0
-1,1
275904,11
-1,0
210141,57
-1,0
115029,50
243770,25
298251,16
-1,4
61574,125
442087,16
281237,185
464309,11
176897,25
-1,0
-1,0
265944,122
466749,27
-1,0
-1,1
-1,0
614552,25
-1,0
-1,4
219243,55
-1,0
-1,0
-1,0
-1,0
-1,0
121021,8
-1,0
-1,0
-1,0
333079,31
-1,0
-1,0
-1,0
-1,2
-1,0
154347,20
415265,79
80850,50
242692,65
-1,0
-1,0
-1,0
-1,0
-1,0
-1,0
-1,0
124351,57
-1,0
-1,0
-1,3
-1,0
282771,5
232340,12
767838,15
1522605,29
-1,0
260597,30
438491,86
