887095,1835,60777215
1130225,83,2943102
997071,84,3224253
1117335,92,6914511
918264,96,9886323
983760,92,6972466
786304,78,1689902
822387,94,8680449
1236649,75,1314216
1047383,77,1537265
1044990,76,1403048
941840,77,1622780
1685294,70,777755
890357,77,1515730
685560,79,1809731
1095826,75,1232367
1006306,71,834971
700249,77,1527458
1092112,72,943018
1203560,73,1060810
1258441,71,859411
402865,80,2069631
885074,74,1097974
1005807,71,854903
826124,21,5141
-1,0
-1,0
-1,0
-1,0
-1,0
-1,0
-1,0
1130166,23
1202162,3
1855279,1
902147,8
901540,9
798348,1
481962,1
-1,475
-1,2500
150123,535
202202,229
-1,0
-1,200
-1,0
-1,0
-1,0
-1,0
114414,59
347116,204
-1,0
-1,0
-1,1
282941,11
-1,0
213603,57
-1,0
116603,50
247579,25
302482,16
-1,4
62862,125
448409,16
285626,185
470629,11
182498,25
-1,0
-1,0
269578,122
478725,27
-1,0
-1,1
-1,0
620202,25
-1,0
-1,4
222863,55
-1,0
-1,0
-1,0
-1,0
-1,0
125511,8
-1,0
-1,0
-1,0
345774,31
-1,0
-1,0
-1,0
-1,2
-1,0
158795,20
426538,79
81984,50
254204,65
-1,0
-1,0
-1,0
-1,0
-1,0
-1,0
-1,0
126497,57
-1,0
-1,0
-1,3
-1,0
286443,5
236732,12
781269,15
1541631,29
-1,0
266280,30
446538,86
