615827,1959,66079006
934293,88,4550118
1102988,81,2419538
1712119,81,2412462
1368623,88,4565532
1426368,84,3151203
577783,81,2367869
1472516,83,2813351
956924,82,2482510
837629,80,2159219
723326,83,2849186
444437,88,4805556
1066130,80,2137237
481823,87,4049142
584022,82,2446112
722031,81,2398466
562096,81,2380767
451435,82,2433343
561548,81,2414911
871595,81,2352209
778875,84,3045093
374285,81,2270688
422410,84,3044009
769024,81,2362907
528319,55,167578
-1,0
-1,0
-1,0
-1,0
-1,0
-1,0
-1,0
453773,156
134357,68
242256,39
547719,23
695767,22
609950,3
549985,1
563560,500
-1,2500
134247,635
156020,262
-1,0
-1,275
-1,0
-1,0
-1,0
-1,0
-1,0
745761,59
86616,664
24512,72
-1,0
-1,0
-1,0
-1,0
-1,0
-1,0
-1,0
-1,0
-1,0
-1,0
-1,0
-1,0
-1,0
374977,17
-1,0
-1,0
-1,0
-1,3
192628,131
649574,14
-1,0
-1,0
-1,0
-1,0
-1,0
-1,1
-1,0
-1,0
-1,0
-1,0
-1,0
-1,0
137791,14
-1,0
249629,56
-1,0
458237,17
-1,0
-1,3
-1,0
-1,0
56420,358
145516,30
-1,0
-1,0
-1,0
-1,0
-1,0
-1,0
-1,0
-1,0
-1,1
-1,0
-1,0
-1,1
-1,0
-1,0
-1,0
-1,0
862649,126
-1,0
324225,18
-1,0
