611684,1959,66079006
929951,88,4550118
1098459,81,2419538
1705991,81,2412462
1363290,88,4565532
1421550,84,3151203
575349,81,2367869
1468300,83,2813351
953473,82,2482510
833872,80,2159219
720805,83,2849186
442143,88,4805556
1062285,80,2137237
479474,87,4049142
581197,82,2446112
717979,81,2398466
559504,81,2380767
449235,82,2433343
558735,81,2414911
867828,81,2352209
775567,84,3045093
372179,81,2270688
420234,84,3044009
765774,81,2362907
516623,55,167578
-1,0
-1,0
-1,0
-1,0
-1,0
-1,0
-1,0
451758,156
133233,68
240862,39
545409,23
693576,22
607762,3
548869,1
562810,500
-1,2500
133883,635
154360,262
-1,0
-1,275
-1,0
-1,0
-1,0
-1,0
-1,0
742841,59
85241,664
24360,72
-1,0
-1,0
-1,0
-1,0
-1,0
-1,0
-1,0
-1,0
-1,0
-1,0
-1,0
-1,0
-1,0
371942,17
-1,0
-1,0
-1,0
-1,3
190746,131
646763,14
-1,0
-1,0
-1,0
-1,0
-1,0
-1,1
-1,0
-1,0
-1,0
-1,0
-1,0
-1,0
137259,14
-1,0
247343,56
-1,0
455228,17
-1,0
-1,3
-1,0
-1,0
56144,358
145024,30
-1,0
-1,0
-1,0
-1,0
-1,0
-1,0
-1,0
-1,0
-1,1
-1,0
-1,0
-1,1
-1,0
-1,0
-1,0
-1,0
860213,126
-1,0
322334,18
-1,0
