610966,1959,66079006
929527,88,4550118
1097949,81,2419538
1705368,81,2412462
1362734,88,4565532
1420896,84,3151203
574928,81,2367869
1467693,83,2813351
952945,82,2482510
833254,80,2159219
720383,83,2849186
441789,88,4805556
1061655,80,2137237
479086,87,4049142
580739,82,2446112
717363,81,2398466
559007,81,2380767
448866,82,2433343
558314,81,2414911
867249,81,2352209
775045,84,3045093
371848,81,2270688
419904,84,3044009
765225,81,2362907
514491,55,167578
-1,0
-1,0
-1,0
-1,0
-1,0
-1,0
-1,0
451413,156
133065,68
240642,39
544982,23
693239,22
607399,3
548661,1
562766,500
-1,2500
133850,635
154113,262
-1,0
-1,275
-1,0
-1,0
-1,0
-1,0
-1,0
742340,59
84979,664
24332,72
-1,0
-1,0
-1,0
-1,0
-1,0
-1,0
-1,0
-1,0
-1,0
-1,0
-1,0
-1,0
-1,0
371429,17
-1,0
-1,0
-1,0
-1,3
190453,131
646354,14
-1,0
-1,0
-1,0
-1,0
-1,0
-1,1
-1,0
-1,0
-1,0
-1,0
-1,0
-1,0
137189,14
-1,0
246939,56
-1,0
454713,17
-1,0
-1,3
-1,0
-1,0
56079,358
144921,30
-1,0
-1,0
-1,0
-1,0
-1,0
-1,0
-1,0
-1,0
-1,1
-1,0
-1,0
-1,1
-1,0
-1,0
-1,0
-1,0
859854,126
-1,0
322042,18
-1,0
