616948,1959,66079006
934908,88,4550118
1103301,81,2419538
1712399,81,2412462
1368588,88,4565532
1426407,84,3151203
578355,81,2367869
1472387,83,2813351
957781,82,2482510
838767,80,2159219
723992,83,2849186
445004,88,4805556
1066782,80,2137237
482504,87,4049142
584528,82,2446112
722630,81,2398466
562675,81,2380767
451696,82,2433343
562172,81,2414911
872522,81,2352209
779673,84,3045093
374750,81,2270688
422858,84,3044009
769732,81,2362907
531035,55,167578
-1,0
-1,0
-1,0
-1,0
-1,0
-1,0
-1,0
454302,156
134687,68
242591,39
548358,23
696287,22
610442,3
550257,1
563315,500
-1,2500
134145,635
156346,262
-1,0
-1,275
-1,0
-1,0
-1,0
-1,0
-1,0
746538,59
86904,664
24568,72
-1,0
-1,0
-1,0
-1,0
-1,0
-1,0
-1,0
-1,0
-1,0
-1,0
-1,0
-1,0
-1,0
375758,17
-1,0
-1,0
-1,0
-1,3
193136,131
650263,14
-1,0
-1,0
-1,0
-1,0
-1,0
-1,1
-1,0
-1,0
-1,0
-1,0
-1,0
-1,0
137923,14
-1,0
250450,56
-1,0
458961,17
-1,0
-1,3
-1,0
-1,0
56443,358
145652,30
-1,0
-1,0
-1,0
-1,0
-1,0
-1,0
-1,0
-1,0
-1,1
-1,0
-1,0
-1,1
-1,0
-1,0
-1,0
-1,0
862967,126
-1,0
324671,18
-1,0
