601839,1959,66079006
920257,88,4550118
1088157,81,2419538
1691621,81,2412462
1350724,88,4565532
1410102,84,3151203
569328,81,2367869
1456570,83,2813351
945453,82,2482510
825374,80,2159219
715094,83,2849186
437251,88,4805556
1053123,80,2137237
473772,87,4049142
574815,82,2446112
709610,81,2398466
553296,81,2380767
443825,82,2433343
552916,81,2414911
859255,81,2352209
768260,84,3045093
367144,81,2270688
414973,84,3044009
757993,81,2362907
488220,55,167578
-1,0
-1,0
-1,0
-1,0
-1,0
-1,0
-1,0
447452,156
131045,68
238209,39
540259,23
688823,22
602878,3
546269,1
560587,500
-1,2500
133076,635
150390,262
-1,0
-1,275
-1,0
-1,0
-1,0
-1,0
-1,0
736734,59
81749,664
24068,72
-1,0
-1,0
-1,0
-1,0
-1,0
-1,0
-1,0
-1,0
-1,0
-1,0
-1,0
-1,0
-1,0
365109,17
-1,0
-1,0
-1,0
-1,3
186171,131
640905,14
-1,0
-1,0
-1,0
-1,0
-1,0
-1,1
-1,0
-1,0
-1,0
-1,0
-1,0
-1,0
136126,14
-1,0
241926,56
-1,0
447780,17
-1,0
-1,3
-1,0
-1,0
55350,358
143674,30
-1,0
-1,0
-1,0
-1,0
-1,0
-1,0
-1,0
-1,0
-1,1
-1,0
-1,0
-1,1
-1,0
-1,0
-1,0
-1,0
854364,126
-1,0
318055,18
-1,0
