596403,1959,66079006
915460,88,4550118
1083527,81,2419538
1685624,81,2412462
1345481,88,4565532
1405739,84,3151203
566901,81,2367869
1451971,83,2813351
942230,82,2482510
821706,80,2159219
712974,83,2849186
435159,88,4805556
1049007,80,2137237
470123,87,4049142
572096,82,2446112
705082,81,2398466
550480,81,2380767
441660,82,2433343
550364,81,2414911
854754,81,2352209
765250,84,3045093
365196,81,2270688
412438,84,3044009
755092,81,2362907
463143,55,167578
-1,0
-1,0
-1,0
-1,0
-1,0
-1,0
-1,0
445405,156
129916,68
236940,39
537908,23
686851,22
600853,3
545323,1
559947,500
-1,2500
132706,635
149002,262
-1,0
-1,275
-1,0
-1,0
-1,0
-1,0
-1,0
734301,59
79662,664
23924,72
-1,0
-1,0
-1,0
-1,0
-1,0
-1,0
-1,0
-1,0
-1,0
-1,0
-1,0
-1,0
-1,0
361664,17
-1,0
-1,0
-1,0
-1,3
183121,131
638238,14
-1,0
-1,0
-1,0
-1,0
-1,0
-1,1
-1,0
-1,0
-1,0
-1,0
-1,0
-1,0
135563,14
-1,0
239654,56
-1,0
444499,17
-1,0
-1,3
-1,0
-1,0
54943,358
143019,30
-1,0
-1,0
-1,0
-1,0
-1,0
-1,0
-1,0
-1,0
-1,1
-1,0
-1,0
-1,1
-1,0
-1,0
-1,0
-1,0
851736,126
-1,0
316081,18
-1,0
