598247,1959,66079006
917161,88,4550118
1085172,81,2419538
1687805,81,2412462
1347339,88,4565532
1407556,84,3151203
567736,81,2367869
1453723,83,2813351
943245,82,2482510
822841,80,2159219
713697,83,2849186
435699,88,4805556
1050350,80,2137237
471544,87,4049142
572918,82,2446112
706483,81,2398466
551371,81,2380767
442282,82,2433343
551120,81,2414911
856340,81,2352209
766213,84,3045093
365759,81,2270688
413275,84,3044009
756108,81,2362907
472687,55,167578
-1,0
-1,0
-1,0
-1,0
-1,0
-1,0
-1,0
446056,156
130217,68
237315,39
538651,23
687572,22
601567,3
545687,1
560252,500
-1,2500
132842,635
149409,262
-1,0
-1,275
-1,0
-1,0
-1,0
-1,0
-1,0
735119,59
80318,664
23969,72
-1,0
-1,0
-1,0
-1,0
-1,0
-1,0
-1,0
-1,0
-1,0
-1,0
-1,0
-1,0
-1,0
362733,17
-1,0
-1,0
-1,0
-1,3
184177,131
639057,14
-1,0
-1,0
-1,0
-1,0
-1,0
-1,1
-1,0
-1,0
-1,0
-1,0
-1,0
-1,0
135724,14
-1,0
240346,56
-1,0
445642,17
-1,0
-1,3
-1,0
-1,0
55070,358
143255,30
-1,0
-1,0
-1,0
-1,0
-1,0
-1,0
-1,0
-1,0
-1,1
-1,0
-1,0
-1,1
-1,0
-1,0
-1,0
-1,0
852630,126
-1,0
316709,18
-1,0
