601018,1959,66079006
919127,88,4550118
1086921,81,2419538
1689759,81,2412462
1349068,88,4565532
1408548,84,3151203
568587,81,2367869
1455080,83,2813351
944524,82,2482510
824632,80,2159219
714433,83,2849186
436874,88,4805556
1052225,80,2137237
473213,87,4049142
574225,82,2446112
708876,81,2398466
552669,81,2380767
443300,82,2433343
552346,81,2414911
858308,81,2352209
767432,84,3045093
366771,81,2270688
414603,84,3044009
757017,81,2362907
486354,55,167578
-1,0
-1,0
-1,0
-1,0
-1,0
-1,0
-1,0
447104,156
130926,68
238041,39
539877,23
688347,22
602371,3
545889,1
560290,500
-1,2500
132961,635
150149,262
-1,0
-1,275
-1,0
-1,0
-1,0
-1,0
-1,0
736228,59
81461,664
24047,72
-1,0
-1,0
-1,0
-1,0
-1,0
-1,0
-1,0
-1,0
-1,0
-1,0
-1,0
-1,0
-1,0
364687,17
-1,0
-1,0
-1,0
-1,3
185856,131
640318,14
-1,0
-1,0
-1,0
-1,0
-1,0
-1,1
-1,0
-1,0
-1,0
-1,0
-1,0
-1,0
136023,14
-1,0
241552,56
-1,0
447186,17
-1,0
-1,3
-1,0
-1,0
55275,358
143540,30
-1,0
-1,0
-1,0
-1,0
-1,0
-1,0
-1,0
-1,0
-1,1
-1,0
-1,0
-1,1
-1,0
-1,0
-1,0
-1,0
853748,126
-1,0
317708,18
-1,0
