599059,1959,66079006
917933,88,4550118
1085942,81,2419538
1688810,81,2412462
1348229,88,4565532
1408255,84,3151203
568146,81,2367869
1454543,83,2813351
943781,82,2482510
823379,80,2159219
714057,83,2849186
436022,88,4805556
1051028,80,2137237
472109,87,4049142
573331,82,2446112
707130,81,2398466
551788,81,2380767
442556,82,2433343
551492,81,2414911
857074,81,2352209
766718,84,3045093
366075,81,2270688
413656,84,3044009
756607,81,2362907
476215,55,167578
-1,0
-1,0
-1,0
-1,0
-1,0
-1,0
-1,0
446349,156
130373,68
237486,39
538999,23
687866,22
601885,3
545829,1
560409,500
-1,2500
132914,635
149634,262
-1,0
-1,275
-1,0
-1,0
-1,0
-1,0
-1,0
735516,59
80615,664
23989,72
-1,0
-1,0
-1,0
-1,0
-1,0
-1,0
-1,0
-1,0
-1,0
-1,0
-1,0
-1,0
-1,0
363189,17
-1,0
-1,0
-1,0
-1,3
184596,131
639480,14
-1,0
-1,0
-1,0
-1,0
-1,0
-1,1
-1,0
-1,0
-1,0
-1,0
-1,0
-1,0
135805,14
-1,0
240642,56
-1,0
446094,17
-1,0
-1,3
-1,0
-1,0
55117,358
143347,30
-1,0
-1,0
-1,0
-1,0
-1,0
-1,0
-1,0
-1,0
-1,1
-1,0
-1,0
-1,1
-1,0
-1,0
-1,0
-1,0
853035,126
-1,0
316991,18
-1,0
