617630,1959,66079006
935632,88,4550118
1104087,81,2419538
1713515,81,2412462
1369543,88,4565532
1427247,84,3151203
578846,81,2367869
1473347,83,2813351
958406,82,2482510
839343,80,2159219
724447,83,2849186
445359,88,4805556
1067492,80,2137237
482930,87,4049142
584989,82,2446112
723273,81,2398466
563192,81,2380767
452062,82,2433343
562630,81,2414911
873156,81,2352209
780208,84,3045093
375124,81,2270688
423192,84,3044009
770330,81,2362907
532658,55,167578
-1,0
-1,0
-1,0
-1,0
-1,0
-1,0
-1,0
454637,156
134873,68
242828,39
548748,23
696635,22
610835,3
550433,1
563414,500
-1,2500
134213,635
156658,262
-1,0
-1,275
-1,0
-1,0
-1,0
-1,0
-1,0
747062,59
87088,664
24599,72
-1,0
-1,0
-1,0
-1,0
-1,0
-1,0
-1,0
-1,0
-1,0
-1,0
-1,0
-1,0
-1,0
376300,17
-1,0
-1,0
-1,0
-1,3
193464,131
650738,14
-1,0
-1,0
-1,0
-1,0
-1,0
-1,1
-1,0
-1,0
-1,0
-1,0
-1,0
-1,0
138028,14
-1,0
250915,56
-1,0
459565,17
-1,0
-1,3
-1,0
-1,0
56501,358
145752,30
-1,0
-1,0
-1,0
-1,0
-1,0
-1,0
-1,0
-1,0
-1,1
-1,0
-1,0
-1,1
-1,0
-1,0
-1,0
-1,0
863469,126
-1,0
325029,18
-1,0
