80004,2337,439884965
74591,99,24187331
81269,99,19863471
92482,99,40548653
75501,99,57810921
98869,99,48847172
92584,99,13195771
60209,99,33945474
318221,99,13095199
163060,99,13308073
331963,96,10278157
187716,99,13035057
49459,99,15859541
119610,99,13527724
197294,93,7216742
144932,99,13178461
134062,99,13072194
167033,93,7440664
220335,97,10702693
40634,99,24489645
295645,99,13310401
165823,92,6800118
211682,93,7199276
57283,99,13274179
141520,90,5698048
-1,0
-1,0
-1,0
-1,0
-1,0
-1,0
-1,0
5248,3995
64544,150
1531,2242
57481,331
7146,831
6107,315
27864,126
-1,460
-1,2500
-1,0
310208,174
46960,38086
12471,984
164183,268
19807,2465
236279,21
65481,840
173134,16
71079,673
131753,400
95657,20
283843,13
142120,93
53682,1383
60466,418
73145,23
156882,32
107810,64
154577,112
231549,10
211286,44
72838,467
87231,524
70359,480
53254,54
-1,0
85455,321
44881,914
219092,153
238577,91
336865,42
110355,180
335852,100
179338,1756
47190,432
89180,204
288555,58
-1,0
-1,0
13980,18
133515,89
-1,1
-1,0
217907,9
80669,222
234403,61
184784,25
178436,90
162446,26
21687,77
-1,1
154936,21
312111,103
11497,146
17909,1005
105414,90
105427,12
252413,94
62727,71
77642,59
-1,0
26780,2085
67449,97
99910,78
74192,1
173816,8
20703,1650
246236,10
177370,27
59823,1335
113020,619
96879,138
137831,111
70221,1706
