82684,2337,439884965
75452,99,24187331
82387,99,19863471
94932,99,40548653
77269,99,57810921
100734,99,48847172
93745,99,13195771
61797,99,33945474
321705,99,13095199
165712,99,13308073
334450,96,10278157
190394,99,13035057
50083,99,15859541
121510,99,13527724
199450,93,7216742
147433,99,13178461
135709,99,13072194
168982,93,7440664
222753,97,10702693
41672,99,24489645
299488,99,13310401
168359,92,6800118
214582,93,7199276
58511,99,13274179
147620,90,5698048
-1,0
-1,0
-1,0
-1,0
-1,0
-1,0
-1,0
5403,3995
66175,150
1578,2242
58149,331
7443,831
6326,315
28315,126
-1,460
-1,2500
-1,0
316249,174
48326,38086
13138,984
167646,268
20105,2465
243583,21
67508,840
175789,16
71802,673
136928,400
96801,20
285313,13
144574,93
54121,1383
60807,418
74959,23
158076,32
108838,64
156065,112
232973,10
213124,44
73180,467
87724,524
70674,480
54889,54
-1,0
88298,321
45253,914
221520,153
243759,91
340660,42
111189,180
337108,100
179969,1756
47529,432
90055,204
296758,58
-1,0
-1,0
14234,18
135128,89
-1,1
-1,0
219589,9
82768,222
239952,61
186121,25
180416,90
178633,26
22133,77
-1,1
157401,21
316706,103
11579,146
18240,1005
109171,90
108273,12
261397,94
64799,71
78759,59
-1,0
27059,2085
67971,97
101906,78
74547,1
174681,8
21385,1650
248078,10
179188,27
60143,1335
113746,619
100465,138
139425,111
70522,1706
