77219,2337,439884965
73470,99,24187331
79634,99,19863471
89600,99,40548653
73424,99,57810921
96519,99,48847172
91231,99,13195771
58278,99,33945474
314465,99,13095199
160316,99,13308073
329480,96,10278157
185487,99,13035057
48838,99,15859541
117325,99,13527724
194779,93,7216742
142309,99,13178461
132142,99,13072194
164995,93,7440664
217882,97,10702693
39256,99,24489645
291724,99,13310401
163233,92,6800118
208181,93,7199276
55875,99,13274179
135125,90,5698048
-1,0
-1,0
-1,0
-1,0
-1,0
-1,0
-1,0
5111,3995
63117,150
1493,2242
56847,331
6875,831
5871,315
27389,126
-1,460
-1,2500
-1,0
303419,174
45657,38086
11957,984
160543,268
19504,2465
229239,21
63295,840
170518,16
70431,673
125103,400
94653,20
281626,13
139628,93
53251,1383
60023,418
70953,23
155705,32
106911,64
153158,112
230385,10
209613,44
72549,467
86781,524
70106,480
51650,54
-1,0
82646,321
44567,914
216621,153
231771,91
332888,42
109707,180
334743,100
178746,1756
46868,432
88251,204
280288,58
-1,0
-1,0
13773,18
131672,89
-1,1
-1,0
216215,9
78444,222
228984,61
183560,25
176123,90
138458,26
21245,77
-1,1
152562,21
306766,103
11398,146
17523,1005
102334,90
102594,12
243850,94
60714,71
76582,59
-1,0
26468,2085
66898,97
97876,78
73797,1
172874,8
20018,1650
244140,10
175470,27
59399,1335
111862,619
93298,138
136132,111
69836,1706
