76824,2337,439884965
73276,99,24187331
79335,99,19863471
89093,99,40548653
73100,99,57810921
96154,99,48847172
90972,99,13195771
57938,99,33945474
313983,99,13095199
159961,99,13308073
329143,96,10278157
185187,99,13035057
48754,99,15859541
116830,99,13527724
194458,93,7216742
141903,99,13178461
131887,99,13072194
164723,93,7440664
217548,97,10702693
38991,99,24489645
291229,99,13310401
162952,92,6800118
207777,93,7199276
55664,99,13274179
134344,90,5698048
-1,0
-1,0
-1,0
-1,0
-1,0
-1,0
-1,0
5098,3995
62944,150
1487,2242
56761,331
6813,831
5847,315
27332,126
-1,460
-1,2500
-1,0
302720,174
45467,38086
11887,984
160047,268
19464,2465
228336,21
62969,840
170166,16
70333,673
124165,400
94496,20
281316,13
139309,93
53175,1383
59971,418
70791,23
155548,32
106782,64
152985,112
230190,10
209348,44
72501,467
86712,524
70064,480
51461,54
-1,0
82279,321
44511,914
216284,153
230596,91
332354,42
109616,180
334600,100
178645,1756
46818,432
88121,204
279180,58
-1,0
-1,0
13751,18
131395,89
-1,1
-1,0
216001,9
78164,222
228390,61
183377,25
175861,90
132596,26
21198,77
-1,1
152280,21
306140,103
11384,146
17472,1005
101951,90
102174,12
242618,94
60422,71
76390,59
-1,0
26414,2085
66832,97
97591,78
73736,1
172757,8
19908,1650
243879,10
175198,27
59343,1335
111714,619
92820,138
135889,111
69771,1706
