78618,2337,439884965
74055,99,24187331
80442,99,19863471
91075,99,40548653
74496,99,57810921
97756,99,48847172
91958,99,13195771
59268,99,33945474
316320,99,13095199
161665,99,13308073
330582,96,10278157
186545,99,13035057
49134,99,15859541
118483,99,13527724
195982,93,7216742
143627,99,13178461
133066,99,13072194
165958,93,7440664
219074,97,10702693
40072,99,24489645
293636,99,13310401
164306,92,6800118
209894,93,7199276
56591,99,13274179
138262,90,5698048
-1,0
-1,0
-1,0
-1,0
-1,0
-1,0
-1,0
5171,3995
63815,150
1512,2242
57157,331
7013,831
5998,315
27615,126
-1,460
-1,2500
-1,0
306345,174
46273,38086
12236,984
162411,268
19669,2465
232672,21
64465,840
171794,16
70711,673
128625,400
95136,20
282655,13
140824,93
53441,1383
60211,418
71929,23
156209,32
107313,64
153794,112
230880,10
210412,44
72658,467
86974,524
70195,480
52458,54
-1,0
84026,321
44690,914
217773,153
235572,91
334823,42
110007,180
335112,100
178984,1756
47002,432
88689,204
284347,58
-1,0
-1,0
13865,18
132495,89
-1,1
-1,0
217067,9
79600,222
231450,61
184098,25
177229,90
152931,26
21467,77
-1,1
153681,21
309210,103
11447,146
17694,1005
103919,90
104031,12
248129,94
61711,71
77084,59
-1,0
26639,2085
67153,97
98861,78
73955,1
173265,8
20387,1650
245163,10
176411,27
59569,1335
112427,619
95070,138
137008,111
69989,1706
