80807,2337,439884965
74845,99,24187331
81554,99,19863471
93211,99,40548653
76050,99,57810921
99369,99,48847172
92939,99,13195771
60684,99,33945474
319281,99,13095199
163826,99,13308073
332717,96,10278157
188654,99,13035057
49639,99,15859541
120159,99,13527724
197953,93,7216742
145630,99,13178461
134497,99,13072194
167674,93,7440664
220964,97,10702693
40954,99,24489645
296742,99,13310401
166517,92,6800118
212455,93,7199276
57655,99,13274179
143212,90,5698048
-1,0
-1,0
-1,0
-1,0
-1,0
-1,0
-1,0
5286,3995
64972,150
1540,2242
57696,331
7223,831
6161,315
27982,126
-1,460
-1,2500
-1,0
311926,174
47302,38086
12700,984
165220,268
19898,2465
238378,21
66070,840
173858,16
71295,673
133436,400
95953,20
284349,13
142802,93
53817,1383
60566,418
73717,23
157242,32
108098,64
154995,112
231997,10
211796,44
72915,467
87372,524
70450,480
53710,54
-1,0
86304,321
44984,914
219808,153
240143,91
337957,42
110605,180
336236,100
179518,1756
47299,432
89446,204
290842,58
-1,0
-1,0
14047,18
133997,89
-1,1
-1,0
218400,9
81281,222
235997,61
185149,25
179039,90
167575,26
21814,77
-1,1
155609,21
313436,103
11534,146
18005,1005
106525,90
106284,12
255103,94
63283,71
77979,59
-1,0
26865,2085
67594,97
100443,78
74311,1
174085,8
20893,1650
246785,10
177921,27
59927,1335
113276,619
97982,138
138288,111
70239,1706
