30348,2376,518036949
78354,99,23628249
89931,99,19114377
79147,99,44198263
70452,99,59222174
89788,99,51138190
52504,99,13464965
52028,99,35674650
300120,99,13110876
148882,99,13396086
262898,99,13038552
33028,99,16876757
312736,99,13053651
12753,99,17287637
119367,99,13073641
6204,99,34327285
132543,99,13072083
114601,99,13043444
60028,99,15384901
56198,99,21562330
231094,99,13780699
108107,99,13040682
140431,99,13038792
147775,99,13052833
4660,99,21455832
-1,0
-1,0
-1,0
-1,0
-1,0
-1,0
-1,0
50611,1148
38400,250
76276,141
56756,332
94547,255
59932,90
47116,80
-1,446
-1,2500
79741,1303
295524,178
101196,28922
18013,899
160906,269
89827,973
89739,64
87822,645
28554,600
236141,300
331005,69
16837,96
19369,1266
8543,1216
34831,1750
69545,360
64213,30
29190,225
66411,105
166190,100
107297,69
36264,199
121488,288
176579,301
119097,290
82274,50
-1,0
23460,1095
157067,303
202591,173
125662,219
147769,82
95375,210
223679,177
34224,4162
16948,919
5689,1282
125959,196
9262,200
22745,200
44195,8
92527,207
73602,32
-1,1
445783,5
13391,721
76206,300
82887,73
207611,73
50180,230
119979,42
-1,1
25550,600
500377,62
3837,250
75194,444
35771,225
65725,75
161385,180
34322,270
97144,22
-1,0
75245,1038
19274,182
112718,60
164046,1
38077,24
40289,1022
30449,460
22888,419
254318,376
624431,203
-1,0
32317,469
114212,1169
