30619,2376,513402196
79268,99,23493094
94147,99,18811568
83431,99,42520860
72352,99,58262129
90209,99,50875959
52332,99,13464900
52679,99,35397940
299986,99,13110306
148514,99,13395876
262544,99,13038552
33123,99,16845077
312248,99,13053651
12661,99,17286882
119533,99,13072886
6203,99,34327075
132268,99,13072023
114389,99,13043399
77607,99,14425789
55806,99,21562330
232902,99,13753761
107733,99,13040682
140073,99,13038792
147378,99,13052833
4618,99,21455832
-1,0
-1,0
-1,0
-1,0
-1,0
-1,0
-1,0
51150,1138
38262,250
76114,141
57566,328
97910,249
59813,90
46970,80
-1,446
-1,2500
79587,1303
294568,178
100702,28922
18102,896
160280,269
89577,973
89287,64
87350,645
38755,414
235863,300
327068,69
16797,96
19289,1266
8504,1216
34782,1750
69477,360
64066,30
29136,225
66319,105
165952,100
107244,69
36196,199
121385,288
176367,301
119017,290
82003,50
-1,0
23308,1095
156841,303
202248,173
124864,219
147448,82
95294,210
223546,177
34192,4162
16923,919
5679,1282
125162,196
6808,200
21870,200
44081,8
100869,171
73403,32
-1,1
445280,5
13347,721
75978,300
82805,73
207159,73
48995,230
119741,42
-1,1
33433,442
499044,62
3833,250
75320,442
73728,125
65314,75
160323,180
39785,202
96873,22
-1,0
75115,1038
19252,182
112317,60
164103,1
38042,24
40074,1022
37090,373
30739,320
253992,376
623631,203
-1,0
32251,469
114097,1169
