30349,2376,526555528
79225,99,23628249
90907,99,19140303
77858,99,45387755
70121,99,59966314
91055,99,51279682
52982,99,13466630
51133,99,36313880
300120,99,13114273
150961,99,13396086
264678,99,13038552
20982,99,19944285
315222,99,13053651
10857,99,17973451
120084,99,13074611
6201,99,34370275
134020,99,13072083
115747,99,13043525
47470,99,16594394
55135,99,21902995
233617,99,13780699
59974,99,13214621
89090,99,13287130
149503,99,13052833
4906,99,21459251
-1,0
-1,0
-1,0
-1,0
-1,0
-1,0
-1,0
51354,1148
39166,250
77134,141
57228,332
95649,255
60731,90
47722,80
-1,446
-1,2500
80212,1303
265287,195
103543,28922
18305,902
163673,269
90969,973
91755,64
89986,645
28965,600
237593,300
347138,69
17009,96
19645,1266
8725,1216
35062,1750
69966,360
66104,30
29412,225
66916,105
167376,100
107657,69
36642,199
121964,288
177551,301
119529,290
83508,50
-1,0
24134,1095
158028,303
204265,173
128494,219
149309,82
95787,210
224205,177
34372,4162
17011,919
5745,1282
129642,196
12396,222
21673,260
44684,8
93453,207
74649,32
-1,1
448051,5
13680,721
77477,300
83365,73
209785,73
31092,374
118308,43
-1,1
25952,600
506835,62
3867,250
76802,444
36672,225
67507,75
166087,180
35383,270
98184,22
-1,0
75757,1038
19401,182
114483,60
163859,1
38230,24
41322,1022
30690,460
22982,419
255772,376
628272,203
-1,0
30960,491
114789,1169
