30303,2376,524227442
78923,99,23628249
90489,99,19140303
78869,99,44778126
70493,99,59624745
90590,99,51255000
52933,99,13465374
51656,99,36052385
299168,99,13114273
150295,99,13396086
264038,99,13038552
23226,99,19124185
314337,99,13053651
10764,99,17973451
119663,99,13074611
6196,99,34370275
133538,99,13072083
115373,99,13043508
47311,99,16594394
56587,99,21634475
232801,99,13780699
59630,99,13214621
88574,99,13287130
148911,99,13052833
4830,99,21458433
-1,0
-1,0
-1,0
-1,0
-1,0
-1,0
-1,0
51098,1148
38920,250
76862,141
57054,332
95297,255
60461,90
47521,80
-1,446
-1,2500
80038,1303
263498,195
102683,28922
18156,902
162756,269
90601,973
91072,64
89287,645
28834,600
237063,300
342068,69
16948,96
19559,1266
8669,1216
34974,1750
69821,360
65555,30
29334,225
66744,105
166947,100
107528,69
36520,199
121763,288
177204,301
119365,290
83115,50
-1,0
23923,1095
157651,303
203719,173
127619,219
148794,82
95632,210
223941,177
34320,4162
16990,919
5728,1282
128448,196
12606,201
20714,260
44531,8
93124,207
74350,32
-1,1
447274,5
13607,721
77078,300
83197,73
209076,73
53087,230
120815,42
-1,1
25824,600
504690,62
3857,250
76300,444
36348,225
66930,75
164594,180
35059,270
97837,22
-1,0
75586,1038
19356,182
113877,60
163822,1
38173,24
41020,1022
30610,460
22991,419
255210,376
626812,203
-1,0
30847,491
114570,1169
