30971,2376,507934298
80303,99,23344198
95683,99,18695697
86713,99,41278116
73286,99,57727699
91056,99,50473188
52140,99,13464785
52631,99,35319293
393863,99,13048442
148090,99,13395806
262153,99,13038552
33077,99,16844917
311743,99,13053651
17059,99,16389412
119344,99,13072651
6194,99,34285325
132158,99,13071503
117307,99,13039803
87307,99,14073774
56645,99,21381297
233534,99,13740184
106791,99,13040682
143953,99,13036491
148236,99,13050805
5471,99,20068027
-1,0
-1,0
-1,0
-1,0
-1,0
-1,0
-1,0
52317,1119
38121,250
77991,137
58823,322
101255,243
62199,87
46838,80
-1,446
-1,2500
79611,1303
293710,178
100178,28922
18576,889
159650,269
89334,973
88873,64
86788,645
38628,414
235564,300
322832,69
16761,96
19264,1266
8480,1216
34725,1750
69421,360
63894,30
29078,225
66221,105
165726,100
107156,69
36127,199
121317,288
176188,301
118937,290
81757,50
-1,0
23970,1072
156595,303
201869,173
124101,219
147130,82
95194,210
223437,177
34174,4162
16910,919
5670,1282
124389,196
6564,73
20851,200
43965,8
100604,171
73188,32
-1,1
444750,5
13280,721
75750,300
98698,56
206711,73
74439,139
119534,42
-1,1
33306,442
497820,62
3828,250
75103,441
73374,125
64922,75
159206,180
40931,186
96634,22
-1,0
74986,1038
19218,182
111910,60
164130,1
37992,24
40217,1014
37040,373
30697,320
253660,376
622794,203
-1,0
32167,469
113973,1169
