30370,2376,525384859
79122,99,23628249
90768,99,19140303
78488,99,45073808
70456,99,59767106
90908,99,51268228
52927,99,13466520
51667,99,36130089
299815,99,13114273
150764,99,13396086
264467,99,13038552
21748,99,19642345
314904,99,13053651
10829,99,17973451
119948,99,13074611
6214,99,34370275
133856,99,13072083
115617,99,13043522
47397,99,16594394
56104,99,21743003
233410,99,13780699
59881,99,13214621
88943,99,13287130
149316,99,13052833
4882,99,21459027
-1,0
-1,0
-1,0
-1,0
-1,0
-1,0
-1,0
51273,1148
39100,250
77036,141
57164,332
95544,255
60642,90
47650,80
-1,446
-1,2500
80154,1303
264712,195
103268,28922
18250,902
163359,269
90844,973
91531,64
89742,645
28922,600
237406,300
345517,69
16986,96
19612,1266
8706,1216
35035,1750
69917,360
65905,30
29384,225
66852,105
167224,100
107607,69
36596,199
121884,288
177420,301
119468,290
83375,50
-1,0
24059,1095
157900,303
204103,173
128192,219
149157,82
95739,210
224124,177
34356,4162
17003,919
5740,1282
129271,196
11994,222
21362,260
44633,8
93317,207
74549,32
-1,1
447786,5
13651,721
77335,300
83310,73
209521,73
53960,230
121071,42
-1,1
25910,600
506128,62
3862,250
76644,444
36560,225
67321,75
165559,180
35275,270
98054,22
-1,0
75698,1038
19389,182
114263,60
163838,1
38210,24
41221,1022
30657,460
22973,419
255588,376
627773,203
-1,0
30928,491
114707,1169
