29959,2376,540741150
77146,99,23965839
87370,99,19477885
77917,99,46100141
70162,99,60607655
91558,99,51657082
53667,99,13467215
51852,99,36511543
303179,99,13114483
28619,99,22762346
111592,99,13325491
18215,99,21087758
317879,99,13053651
11108,99,17981532
121172,99,13074611
6304,99,34370275
135544,99,13072203
113518,99,13048678
47343,99,16651764
52494,99,22486885
235467,99,13794155
60714,99,13217621
85305,99,13365543
150080,99,13054778
5186,99,21492016
-1,0
-1,0
-1,0
-1,0
-1,0
-1,0
-1,0
51252,1163
40154,250
76351,145
56776,337
93933,260
61670,90
48058,81
-1,446
-1,2500
80643,1303
270552,195
106151,28922
17765,918
166928,269
92289,973
94493,64
92661,645
29488,600
239552,300
363388,69
17271,96
19382,1266
8926,1216
35336,1750
70372,360
67676,30
29676,225
67612,105
168872,100
108106,69
37162,199
122559,288
178775,301
120050,290
85063,50
-1,0
24989,1095
159260,303
206368,173
131641,219
151141,82
96477,210
224998,177
34544,4162
17123,919
5816,1282
134198,196
15107,222
24899,260
45350,8
94503,207
75835,32
-1,1
450685,5
14065,721
79146,300
84013,73
212178,73
23506,489
113507,44
-1,1
26479,600
513506,62
3900,250
78499,444
38096,225
69642,75
172374,180
36666,270
99538,22
-1,0
76368,1038
19525,182
116712,60
163537,1
38454,24
42568,1022
30968,460
23164,419
257606,376
632087,203
-1,0
31409,491
115430,1169
