30208,2376,530861553
76670,99,23965759
86613,99,19477885
76639,99,46096595
69138,99,60606449
90454,99,51657082
53203,99,13466715
50931,99,36500449
301073,99,13114483
151741,99,13396086
265344,99,13038552
18130,99,21049715
316082,99,13053651
10937,99,17979917
120476,99,13074611
6231,99,34370275
134461,99,13072203
113263,99,13047541
47561,99,16594394
51694,99,22486885
233366,99,13794155
59997,99,13217621
89589,99,13287166
150150,99,13052833
4991,99,21460531
-1,0
-1,0
-1,0
-1,0
-1,0
-1,0
-1,0
50643,1163
39440,250
75524,145
56379,337
93117,260
61017,90
47635,81
-1,446
-1,2500
80386,1303
266928,195
104374,28922
17924,910
164724,269
91384,973
92542,64
90822,645
29141,600
238188,300
352693,69
17076,96
19711,1266
8785,1216
35148,1750
70110,360
66613,30
29503,225
67130,105
167813,100
107821,69
36811,199
122140,288
177914,301
119691,290
83967,50
-1,0
24391,1095
158405,303
204950,173
129544,219
149864,82
96001,210
224457,177
34423,4162
17044,919
5777,1282
131024,196
13424,222
22757,260
44905,8
93827,207
75042,32
-1,1
448910,5
13804,721
77980,300
83558,73
210565,73
22241,489
112759,44
-1,1
26095,600
509059,62
3873,250
77349,444
37069,225
68175,75
168094,180
35780,270
98598,22
-1,0
75959,1038
19454,182
115119,60
163812,1
38289,24
41662,1022
30786,460
23060,419
256320,376
629587,203
-1,0
31104,491
114936,1169
