30019,2376,540746701
77193,99,23965839
87449,99,19477885
78040,99,46104305
70257,99,60609042
91668,99,51657082
53710,99,13467215
51957,99,36511543
303390,99,13114483
28674,99,22762346
111675,99,13325491
18237,99,21087758
318108,99,13053651
11117,99,17981532
121255,99,13074611
6314,99,34370275
135650,99,13072203
113599,99,13048678
47366,99,16651764
52545,99,22486885
235707,99,13794155
60784,99,13217621
85379,99,13365543
150198,99,13054778
5207,99,21492016
-1,0
-1,0
-1,0
-1,0
-1,0
-1,0
-1,0
51323,1163
40224,250
76431,145
56803,337
94011,260
61735,90
48099,81
-1,446
-1,2500
80718,1303
270937,195
106341,28922
17795,918
167151,269
92376,973
94644,64
92843,645
29520,600
239686,300
364325,69
17284,96
19412,1266
8940,1216
35353,1750
70403,360
67782,30
29697,225
67671,105
168962,100
108126,69
37194,199
122601,288
178861,301
120092,290
85198,50
-1,0
25042,1095
159337,303
206505,173
131831,219
151258,82
96515,210
225071,177
34560,4162
17134,919
5820,1282
134485,196
15217,222
25038,260
45389,8
94588,207
75891,32
-1,1
450849,5
14090,721
79295,300
84073,73
212298,73
23612,489
113576,44
-1,1
26511,600
513930,62
3904,250
78618,444
38165,225
69778,75
172760,180
36725,270
99615,22
-1,0
76424,1038
19538,182
116837,60
163519,1
38470,24
42664,1022
30982,460
23176,419
257723,376
632355,203
-1,0
31443,491
115479,1169
