30149,2376,530613934
76582,99,23965759
86476,99,19477885
76493,99,46096595
68983,99,60606449
90303,99,51657082
53150,99,13466715
50814,99,36500414
300758,99,13114483
151547,99,13396086
265179,99,13038552
18717,99,20802515
315814,99,13053651
10905,99,17979917
120361,99,13074611
6223,99,34370275
134318,99,13072203
113129,99,13047541
47526,99,16594394
51585,99,22486885
233134,99,13794155
59927,99,13217621
89468,99,13287166
149967,99,13052833
4972,99,21460147
-1,0
-1,0
-1,0
-1,0
-1,0
-1,0
-1,0
50575,1163
39362,250
75438,145
56322,337
93026,260
60939,90
47594,81
-1,446
-1,2500
80332,1303
266464,195
104175,28922
17873,910
164432,269
91264,973
92317,64
90583,645
29099,600
238020,300
351191,69
17053,96
19716,1266
8763,1216
35121,1750
70067,360
66461,30
29477,225
67068,105
167681,100
107762,69
36766,199
122090,288
177807,301
119643,290
83839,50
-1,0
24310,1095
158303,303
204760,173
129258,219
149728,82
95939,210
224367,177
34407,4162
17034,919
5766,1282
130630,196
13160,222
22440,260
44849,8
93733,207
74910,32
-1,1
448663,5
13780,721
77827,300
83488,73
210351,73
22073,489
112656,44
-1,1
26051,600
508408,62
3871,250
77200,444
36960,225
67987,75
167496,180
35662,270
98474,22
-1,0
75907,1038
19438,182
114927,60
163811,1
38269,24
41562,1022
30752,460
23038,419
256164,376
629212,203
-1,0
31055,491
114886,1169
