29991,2376,540744419
77172,99,23965839
87417,99,19477885
77971,99,46102593
70213,99,60608472
91611,99,51657082
53691,99,13467215
51905,99,36511543
303281,99,13114483
28652,99,22762346
111630,99,13325491
18225,99,21087758
317994,99,13053651
11116,99,17981532
121225,99,13074611
6309,99,34370275
135593,99,13072203
113569,99,13048678
47354,99,16651764
52529,99,22486885
235587,99,13794155
60761,99,13217621
85349,99,13365543
150148,99,13054778
5194,99,21492016
-1,0
-1,0
-1,0
-1,0
-1,0
-1,0
-1,0
51286,1163
40189,250
76393,145
56792,337
93971,260
61697,90
48078,81
-1,446
-1,2500
80670,1303
270724,195
106240,28922
17781,918
167040,269
92334,973
94572,64
92760,645
29505,600
239622,300
363847,69
17278,96
19398,1266
8933,1216
35346,1750
70389,360
67726,30
29687,225
67649,105
168926,100
108123,69
37179,199
122584,288
178823,301
120067,290
85140,50
-1,0
25020,1095
159305,303
206434,173
131741,219
151215,82
96495,210
225043,177
34554,4162
17129,919
5819,1282
134327,196
15153,222
24973,260
45371,8
94545,207
75871,32
-1,1
450779,5
14078,721
79225,300
84043,73
212234,73
23562,489
113549,44
-1,1
26500,600
513727,62
3901,250
78561,444
38132,225
69700,75
172571,180
36700,270
99583,22
-1,0
76397,1038
19531,182
116779,60
163531,1
38462,24
42623,1022
30977,460
23171,419
257667,376
632211,203
-1,0
31426,491
115456,1169
