30469,2376,516300483
79111,99,23529063
91300,99,19015191
79558,99,44002569
70761,99,59039057
90187,99,50982745
52463,99,13464965
52028,99,35661194
299976,99,13110876
148810,99,13396086
262802,99,13038552
33197,99,16845437
312600,99,13053651
12740,99,17287637
119297,99,13073641
6196,99,34327285
132472,99,13072083
114542,99,13043444
77696,99,14425839
56121,99,21562330
230960,99,13780699
108024,99,13040682
140344,99,13038792
147672,99,13052833
4653,99,21455832
-1,0
-1,0
-1,0
-1,0
-1,0
-1,0
-1,0
50580,1148
38367,250
76242,141
56739,332
94478,255
59906,90
47077,80
-1,446
-1,2500
79690,1303
295289,178
101074,28922
18043,898
160755,269
89766,973
89628,64
87719,645
28541,600
236084,300
330159,69
16830,96
19355,1266
8529,1216
34816,1750
69524,360
64173,30
29179,225
66385,105
166127,100
107278,69
36243,199
121455,288
176516,301
119076,290
82193,50
-1,0
23425,1095
156998,303
202513,173
125470,219
147712,82
95352,210
223642,177
34216,4162
16939,919
5687,1282
125762,196
8856,200
22547,200
44161,8
98254,182
73537,32
-1,1
445650,5
13379,721
76150,300
82863,73
207479,73
49918,230
119923,42
-1,1
25530,600
500043,62
3837,250
75113,444
63968,143
65642,75
161143,180
34282,270
97073,22
-1,0
75207,1038
19266,182
112615,60
164038,1
38069,24
40243,1022
30428,460
22880,419
254239,376
624234,203
-1,0
32289,469
114166,1169
