75657,2348,533203817
118457,99,20287587
31724,99,26689269
76787,99,46465366
51845,99,70277115
57056,99,67108021
246054,95,9635253
39087,99,40871392
89049,99,15850318
13587,99,34285210
77492,99,13656676
211918,98,12057770
55062,99,15464679
163917,99,13228760
195379,93,7434591
66399,99,14505088
65310,99,13426487
157182,94,8424855
183644,99,13074651
56898,99,21807934
122354,99,16726641
139667,96,9805985
165895,97,10991609
187415,92,6904747
3819,99,24223813
-1,0
-1,0
-1,0
-1,0
-1,0
-1,0
-1,0
12335,2643
22092,431
5083,1116
50978,366
30840,448
20030,189
40968,93
69715,1129
-1,2500
61834,1842
132026,288
135185,15809
5460,1169
65442,698
87452,1014
58724,98
64757,863
101957,80
14637,1282
73539,779
73702,27
41994,579
117084,131
161120,561
22486,877
29754,148
56612,123
241084,25
92063,252
56087,175
23689,278
71851,474
45202,817
89708,387
97401,42
-1,0
24340,1109
53953,816
63696,811
83322,345
56551,137
45227,333
227660,174
109669,2466
92360,191
17886,687
185118,134
-1,1
-1,0
42704,8
77398,303
92224,21
45500,53
147293,13
59107,308
39033,679
178967,25
128495,127
164424,50
9455,101
-1,0
115615,55
219312,139
87327,48
61635,514
32279,251
16601,973
320414,54
28971,389
50078,180
-1,0
209034,273
21015,177
81067,111
-1,0
163010,9
77980,403
105612,94
32604,306
185770,550
152595,598
68391,273
100349,168
67910,1752
