76147,2348,533203817
118721,99,20287587
31851,99,26689269
77226,99,46465366
52110,99,70277115
57322,99,67108021
246426,95,9635253
39343,99,40871392
89316,99,15850318
13628,99,34285210
77695,99,13656676
212401,98,12057770
55217,99,15464679
164288,99,13228760
195800,93,7434591
66647,99,14505088
65562,99,13426487
157553,94,8424855
183975,99,13074651
57157,99,21807934
122734,99,16726641
140131,96,9805985
166340,97,10991609
187928,92,6904747
3864,99,24223813
-1,0
-1,0
-1,0
-1,0
-1,0
-1,0
-1,0
12377,2643
22218,431
5109,1116
51101,366
30975,448
20107,189
41111,93
69741,1129
-1,2500
61992,1842
132708,288
135843,15809
5507,1169
65726,698
87699,1014
59028,98
65147,863
102281,80
14673,1282
74050,779
73876,27
42119,579
117477,131
161434,561
22516,877
29917,148
56705,123
241522,25
92235,252
56149,175
23774,278
71931,474
45237,817
89784,387
97861,42
-1,0
24513,1109
54062,816
63824,811
83718,345
56719,137
45289,333
227845,174
109742,2466
92510,191
17932,687
186272,134
-1,1
-1,0
42860,8
77581,303
92487,21
46054,53
147559,13
59417,308
39229,679
179275,25
128750,127
166491,50
9512,101
-1,0
115986,55
219918,139
87467,48
61909,514
32498,251
16722,973
322250,54
29199,389
50222,180
-1,0
209353,273
21048,177
81388,111
-1,0
163141,9
78480,403
105777,94
32669,306
186063,550
152822,598
68956,273
100587,168
67990,1752
