75266,2348,533203817
118351,99,20287587
31676,99,26689269
76563,99,46465366
51696,99,70277115
56916,99,67108021
245778,95,9635253
38965,99,40871392
88862,99,15850318
13542,99,34285210
77320,99,13656676
211564,98,12057770
55005,99,15464679
163541,99,13228760
195188,93,7434591
66228,99,14505088
65157,99,13426487
156924,94,8424855
183449,99,13074651
56691,99,21807934
122082,99,16726641
139363,96,9805985
165595,97,10991609
187056,92,6904747
3782,99,24223813
-1,0
-1,0
-1,0
-1,0
-1,0
-1,0
-1,0
12288,2643
21975,431
5064,1116
50903,366
30743,448
19963,189
40866,93
69777,1129
-1,2500
61951,1842
131691,288
134801,15809
5422,1169
65238,698
87272,1014
58449,98
64480,863
101764,80
14619,1282
73279,779
73572,27
42466,579
116754,131
160912,561
22495,877
29654,148
56559,123
240787,25
91933,252
56076,175
23621,278
71797,474
45169,817
89647,387
97085,42
-1,0
24181,1109
53894,816
63612,811
82995,345
56425,137
45197,333
227585,174
109625,2466
92267,191
17846,687
184235,134
-1,1
-1,0
42611,8
77304,303
91987,21
45116,53
147112,13
58882,308
38885,679
178791,25
128370,127
162792,50
9412,101
-1,0
115312,55
219033,139
87253,48
61402,514
32100,251
16509,973
319020,54
28820,389
49983,180
-1,0
208815,273
21012,177
80841,111
-1,0
162926,9
77653,403
105588,94
32581,306
185597,550
152704,598
68040,273
100185,168
67871,1752
