70222,2348,531815012
116857,99,20183675
30533,99,26623158
72630,99,46237472
49202,99,70056838
54376,99,66930923
242305,95,9441548
36618,99,40794479
85994,99,15850171
13057,99,34176794
75238,99,13655147
206867,98,12057770
53687,99,15464679
162188,99,13211604
190557,93,7427173
64250,99,14500063
62816,99,13426487
152950,94,8424769
179847,99,13074651
54407,99,21684706
118892,99,16706524
135451,96,9800460
160646,97,10991017
182079,92,6900485
3318,99,24194419
-1,0
-1,0
-1,0
-1,0
-1,0
-1,0
-1,0
11696,2643
20838,431
4872,1116
49782,366
29236,448
19079,189
39576,93
69233,1129
-1,2500
60960,1842
125429,288
127452,15809
5058,1160
62116,698
84684,1014
55112,98
60425,863
98837,80
14282,1282
66634,779
71973,27
41438,579
112655,131
157973,561
22262,877
28077,148
55606,123
236452,25
90028,252
56134,173
22928,278
71166,474
44765,817
88935,387
93250,42
-1,0
22470,1109
53084,816
62529,811
78246,345
54723,137
44787,333
225967,174
108808,2466
90944,191
17425,687
172339,134
41001,8
-1,0
75277,303
88563,21
39102,53
144483,13
55631,308
37105,679
176154,25
125756,127
-1,0
8974,101
-1,0
111609,55
212627,139
85641,48
58333,514
29855,251
15071,973
298926,54
26611,389
48758,180
-1,0
205334,273
20711,177
77619,111
-1,0
161503,9
73075,403
103704,94
32027,306
182891,550
150300,598
62657,273
97667,168
67190,1752
