71804,2348,531815012
117848,99,20183675
30998,99,26623158
74199,99,46237472
50212,99,70056838
55329,99,66930923
243255,95,9441548
37481,99,40794479
86798,99,15850171
13212,99,34176794
75868,99,13655147
208123,98,12057770
54014,99,15464679
164058,99,13211604
191893,93,7427173
64944,99,14500063
63524,99,13426487
154014,94,8424769
180865,99,13074651
55638,99,21684706
120003,99,16706524
136436,96,9800460
162047,97,10991017
183400,92,6900485
3459,99,24194419
-1,0
-1,0
-1,0
-1,0
-1,0
-1,0
-1,0
11878,2643
21159,431
4920,1116
50065,366
29768,448
19357,189
39971,93
69315,1129
-1,2500
61098,1842
126812,288
129421,15809
5228,1160
63073,698
85465,1014
56117,98
61810,863
99757,80
14394,1282
68948,779
72437,27
41798,579
113836,131
158859,561
22293,877
28404,148
55839,123
237472,25
90538,252
56196,173
23133,278
71311,474
44834,817
89072,387
94397,42
-1,0
23020,1109
53288,816
62818,811
79861,345
55229,137
44871,333
226084,174
109010,2466
91277,191
17528,687
176052,134
-1,0
-1,0
41492,8
75853,303
89587,21
41125,53
145241,13
56705,308
37619,679
176745,25
126455,127
-1,0
9114,101
-1,0
112661,55
214484,139
86192,48
59355,514
30509,251
15558,973
305065,54
27374,389
49119,180
-1,0
206288,273
20800,177
78580,111
-1,0
161738,9
74499,403
104200,94
32215,306
183599,550
150928,598
64318,273
98445,168
67334,1752
