75165,2348,533203817
118319,99,20287587
31653,99,26689269
76483,99,46465366
51637,99,70277115
56875,99,67108021
245690,95,9635253
38920,99,40871392
88815,99,15850318
13528,99,34285210
77272,99,13656676
211477,98,12057770
54981,99,15464679
163457,99,13228760
195096,93,7434591
66189,99,14505088
65098,99,13426487
156848,94,8424855
183366,99,13074651
56648,99,21807934
122016,99,16726641
139288,96,9805985
165506,97,10991609
186961,92,6904747
3775,99,24223813
-1,0
-1,0
-1,0
-1,0
-1,0
-1,0
-1,0
12280,2643
21945,431
5052,1116
50882,366
30705,448
19943,189
40838,93
69751,1129
-1,2500
61909,1842
131551,288
134672,15809
5411,1169
65173,698
87225,1014
58386,98
64398,863
101712,80
14612,1282
73164,779
73523,27
42448,579
116668,131
160844,561
22488,877
29618,148
56541,123
240693,25
91887,252
56057,175
23604,278
71784,474
45162,817
89626,387
97020,42
-1,0
24152,1109
53872,816
63590,811
82920,345
56402,137
45186,333
227546,174
109610,2466
92236,191
17835,687
184005,134
-1,1
-1,0
42578,8
77264,303
91908,21
45006,53
147059,13
58835,308
38856,679
178711,25
128308,127
162368,50
9404,101
-1,0
115257,55
218909,139
87235,48
61342,514
32015,251
16480,973
318599,54
28779,389
49962,180
-1,0
208751,273
21002,177
80767,111
-1,0
162896,9
77569,403
105556,94
32570,306
185524,550
152647,598
67927,273
100138,168
67850,1752
