70573,2348,531815012
117070,99,20183675
30638,99,26623158
72956,99,46237472
49431,99,70056838
54586,99,66930923
242639,95,9441548
36792,99,40794479
86170,99,15850171
13100,99,34176794
75414,99,13655147
207153,98,12057770
53758,99,15464679
162744,99,13211604
190892,93,7427173
64414,99,14500063
62992,99,13426487
153205,94,8424769
180137,99,13074651
54557,99,21684706
119151,99,16706524
135671,96,9800460
160986,97,10991017
182433,92,6900485
3353,99,24194419
-1,0
-1,0
-1,0
-1,0
-1,0
-1,0
-1,0
11728,2643
20905,431
4884,1116
49858,366
29315,448
19144,189
39679,93
69288,1129
-1,2500
60994,1842
125736,288
127963,15809
5083,1160
62332,698
84812,1014
55351,98
60721,863
99108,80
14314,1282
67171,779
72080,27
41560,579
112972,131
158279,561
22284,877
28157,148
55685,123
236843,25
90198,252
56168,173
22984,278
71249,474
44806,817
89007,387
93498,42
-1,0
22595,1109
53150,816
62628,811
78471,345
54855,137
44833,333
226134,174
108917,2466
91085,191
17457,687
173182,134
-1,0
-1,0
41123,8
75460,303
88814,21
39549,53
144669,13
55879,308
37253,679
176415,25
125947,127
-1,0
8997,101
-1,0
111917,55
213047,139
85849,48
58602,514
30017,251
15180,973
300585,54
26765,389
48857,180
-1,0
205572,273
20732,177
77841,111
-1,0
161638,9
73423,403
103871,94
32093,306
183112,550
150424,598
63059,273
97865,168
67250,1752
