73189,2348,531815012
118794,99,20183675
31387,99,26623158
75425,99,46237472
50937,99,70056838
56109,99,66930923
244708,95,9441548
38144,99,40794479
87596,99,15850171
13365,99,34176794
76493,99,13655147
209580,98,12057770
54403,99,15464679
165504,99,13211604
193337,93,7427173
65478,99,14500063
64185,99,13426487
155261,94,8424769
181972,99,13074651
56453,99,21684706
121030,99,16706524
137652,96,9800460
163552,97,10991017
185018,92,6900485
3575,99,24194419
-1,0
-1,0
-1,0
-1,0
-1,0
-1,0
-1,0
12035,2643
21471,431
4954,1116
50401,366
30143,448
19579,189
40309,93
69573,1129
-1,2500
61455,1842
128888,288
131834,15809
5346,1160
63905,698
86198,1014
56973,98
62814,863
100547,80
14466,1282
70763,779
72886,27
42101,579
115033,131
159645,561
22406,877
28956,148
56166,123
238890,25
91114,252
56371,173
23309,278
71504,474
44966,817
89353,387
95451,42
-1,0
23456,1109
53530,816
63138,811
81178,345
55703,137
45012,333
226825,174
109295,2466
91693,191
17647,687
179143,134
-1,0
-1,0
41895,8
76451,303
90569,21
42783,53
146017,13
57545,308
38101,679
177669,25
127318,127
-1,0
9229,101
-1,0
113715,55
216524,139
86644,48
60211,514
30999,251
15911,973
310363,54
27924,389
49460,180
-1,0
207376,273
20888,177
79441,111
-1,0
162317,9
75733,403
104807,94
32344,306
184489,550
151751,598
65741,273
99161,168
67597,1752
