73347,2348,531815012
118932,99,20183675
31420,99,26623158
75577,99,46237472
51025,99,70056838
56218,99,66930923
244876,95,9441548
38252,99,40794479
87705,99,15850171
13386,99,34176794
76566,99,13655147
209761,98,12057770
54444,99,15464679
165676,99,13211604
193504,93,7427173
65509,99,14500063
64259,99,13426487
155414,94,8424769
182105,99,13074651
56575,99,21684706
121142,99,16706524
137804,96,9800460
163752,97,10991017
185231,92,6900485
3595,99,24194419
-1,0
-1,0
-1,0
-1,0
-1,0
-1,0
-1,0
12057,2643
21505,431
4961,1116
50441,366
30191,448
19599,189
40362,93
69593,1129
-1,2500
61499,1842
129172,288
132141,15809
5370,1160
64003,698
86285,1014
57114,98
62973,863
100651,80
14479,1282
70996,779
72929,27
42148,579
115152,131
159755,561
22419,877
29024,148
56197,123
239051,25
91195,252
56394,173
23329,278
71533,474
44975,817
89385,387
95578,42
-1,0
23514,1109
53556,816
63178,811
81340,345
55759,137
45028,333
226899,174
109337,2466
91731,191
17660,687
179553,134
-1,0
-1,0
41949,8
76530,303
90682,21
43042,53
146109,13
57658,308
38166,679
177753,25
127449,127
-1,0
9245,101
-1,0
113870,55
216752,139
86703,48
60341,514
31083,251
15958,973
311105,54
27990,389
49506,180
-1,0
207510,273
20898,177
79578,111
-1,0
162386,9
75870,403
104877,94
32373,306
184596,550
151855,598
65928,273
99240,168
67647,1752
