74395,2348,532192444
118233,99,20261316
31633,99,26631120
76367,99,46270387
51553,99,70097158
56749,99,66932928
245087,95,9621548
38757,99,40795869
88395,99,15850318
13516,99,34176986
77043,99,13655241
210811,98,12057770
54743,99,15464679
164313,99,13221646
194540,93,7427173
65826,99,14505078
64753,99,13426487
156351,94,8424794
182831,99,13074651
57135,99,21684706
121877,99,16706524
138622,96,9805460
164750,97,10991017
186260,92,6901663
3688,99,24207925
-1,0
-1,0
-1,0
-1,0
-1,0
-1,0
-1,0
12192,2643
21756,431
5011,1116
50707,366
30493,448
19798,189
40654,93
69697,1129
-1,2500
61720,1842
130630,288
133632,15809
5533,1160
64697,698
86850,1014
57830,98
63805,863
101253,80
14551,1282
72342,779
73271,27
42324,579
116033,131
160375,561
22465,877
29392,148
56417,123
240036,25
91623,252
55992,175
23491,278
71662,474
45100,817
89520,387
96394,42
-1,0
23888,1109
53747,816
63427,811
82293,345
56130,137
45126,333
227261,174
109485,2466
92034,191
17762,687
182121,134
-1,1
-1,0
42330,8
76983,303
91460,21
44125,53
146659,13
58343,308
38567,679
178328,25
127978,127
-1,0
9339,101
-1,0
114669,55
218015,139
87005,48
60962,514
31609,251
16264,973
315463,54
28461,389
49780,180
-1,0
208238,273
20956,177
80268,111
-1,0
162686,9
76848,403
105248,94
32486,306
185140,550
152357,598
67104,273
99779,168
67737,1752
