75912,2348,533203817
118604,99,20287587
31790,99,26689269
77033,99,46465366
51990,99,70277115
57219,99,67108021
246273,95,9635253
39238,99,40871392
89200,99,15850318
13607,99,34285210
77600,99,13656676
212191,98,12057770
55156,99,15464679
164106,99,13228760
195600,93,7434591
66536,99,14505088
65460,99,13426487
157385,94,8424855
183826,99,13074651
57037,99,21807934
122564,99,16726641
139915,96,9805985
166124,97,10991609
187703,92,6904747
3837,99,24223813
-1,0
-1,0
-1,0
-1,0
-1,0
-1,0
-1,0
12355,2643
22156,431
5097,1116
51054,366
30917,448
20080,189
41050,93
69731,1129
-1,2500
61917,1842
132392,288
135540,15809
5478,1169
65603,698
87587,1014
58897,98
64978,863
102110,80
14653,1282
73797,779
73793,27
42062,579
117295,131
161303,561
22498,877
29847,148
56675,123
241350,25
92163,252
56123,175
23736,278
71902,474
45223,817
89763,387
97658,42
-1,0
24442,1109
54017,816
63768,811
83550,345
56631,137
45263,333
227782,174
109712,2466
92466,191
17913,687
185755,134
-1,1
-1,0
42783,8
77504,303
92399,21
45802,53
147440,13
59299,308
39132,679
179126,25
128633,127
165584,50
9488,101
-1,0
115820,55
219644,139
87407,48
61782,514
32416,251
16667,973
321511,54
29098,389
50157,180
-1,0
209215,273
21035,177
81255,111
-1,0
163086,9
78233,403
105699,94
32642,306
185928,550
152727,598
68726,273
100493,168
67956,1752
