75015,2348,533203817
118196,99,20287587
31604,99,26689269
76344,99,46465366
51543,99,70277115
56770,99,67108021
245526,95,9635253
38845,99,40871392
88717,99,15850318
13511,99,34285210
77205,99,13656676
211319,98,12057770
54921,99,15464679
163296,99,13228760
194959,93,7434591
66082,99,14505088
65018,99,13426487
156701,94,8424855
183230,99,13074651
56560,99,21807934
121889,99,16726641
139140,96,9805985
165351,97,10991609
186813,92,6904747
3747,99,24223813
-1,0
-1,0
-1,0
-1,0
-1,0
-1,0
-1,0
12258,2643
21899,431
5042,1116
50829,366
30647,448
19907,189
40789,93
69729,1129
-1,2500
61868,1842
131304,288
134416,15809
5387,1169
65057,698
87152,1014
58260,98
64284,863
101624,80
14591,1282
72975,779
73449,27
42411,579
116525,131
160731,561
22485,877
29565,148
56506,123
240514,25
91819,252
56042,175
23574,278
71749,474
45150,817
89598,387
96858,42
-1,0
24086,1109
53828,816
63550,811
82772,345
56352,137
45162,333
227464,174
109579,2466
92173,191
17820,687
183575,134
-1,1
-1,0
42523,8
77197,303
91800,21
44747,53
146936,13
58734,308
38786,679
178598,25
128192,127
161553,50
9394,101
-1,0
115119,55
218686,139
87180,48
61233,514
31918,251
16435,973
317885,54
28706,389
49909,180
-1,0
208621,273
20995,177
80631,111
-1,0
162829,9
77411,403
105480,94
32542,306
185431,550
152572,598
67741,273
100056,168
67821,1752
