76713,2348,534434272
118126,99,20343372
31762,99,26745980
77563,99,46521703
52341,99,70346573
57581,99,67146244
246833,95,9656312
39553,99,40894758
89635,99,15850558
13687,99,34301345
77800,99,13658862
212973,98,12057930
55394,99,15464679
161962,99,13241900
196351,93,7434751
66142,99,14530156
58590,99,13524961
157979,94,8425180
184394,99,13074676
57076,99,21854889
122910,99,16738181
140467,96,9831009
163596,97,11661693
188468,92,6904747
3921,99,24223813
-1,0
-1,0
-1,0
-1,0
-1,0
-1,0
-1,0
12456,2643
22354,431
5140,1116
51231,366
31156,448
20215,189
41259,93
69763,1129
-1,2500
62200,1842
133392,288
136668,15809
5558,1170
66058,698
87956,1014
59375,98
65559,863
102608,80
14715,1282
74698,779
74092,27
42332,579
117967,131
161765,561
22546,877
30074,148
56793,123
242004,25
92447,252
56188,175
23852,278
72008,474
45277,817
89882,387
98231,42
-1,0
24691,1109
54144,816
63937,811
84145,345
56885,137
45330,333
228030,174
109815,2466
92643,191
17979,687
187583,134
-1,1
-1,0
43050,8
77779,303
92979,21
47068,53
147888,13
59749,308
39473,679
179569,25
129035,127
168687,50
9563,101
-1,0
116441,55
220555,139
87630,48
62150,515
32742,251
16879,973
324530,54
29454,389
50418,180
-1,0
209701,273
21073,177
81783,111
-1,0
163279,9
79039,403
105977,94
32766,306
186392,550
153087,598
69543,273
100848,168
68069,1752
