215867,2199,626069123
77286,99,23765151
20483,99,30371467
18145,99,103116957
18977,99,105772893
34208,99,84464651
74644,99,13307909
19534,99,52117393
103352,99,15088982
79569,99,14686045
417965,92,6683856
456172,88,4452399
116162,99,13655492
190963,99,13118396
208886,92,6526832
457758,87,4150936
18875,99,15730685
268010,87,4056025
393603,88,4405719
15176,99,34322221
9716,99,54420242
176911,91,6075639
170768,96,9816821
197396,91,5962412
-1,1,0
-1,0
-1,0
-1,0
-1,0
-1,0
-1,0
-1,0
78829,849
258297,29
315165,27
137651,151
55950,337
11362,234
53455,71
564003,500
-1,2485
223699,259
73799,394
124080,20433
49048,693
20700,1238
16261,2683
7459,383
19628,1653
-1,0
296863,238
-1,0
350281,5
-1,4
213649,31
33287,1795
22473,873
21986,198
265749,11
173667,37
93554,242
53896,182
545694,10
4206,2659
6094,2526
4157,2695
53457,53
-1,0
16183,1334
151155,318
175255,219
15964,1100
3995,471
36224,400
59580,618
3385,8630
41116,486
86025,210
19311,413
-1,0
-1,0
36328,9
67686,369
36249,97
-1,0
258255,7
33039,459
54111,456
-1,1
36652,421
-1,0
10980,95
-1,0
-1,0
198551,148
745,540
286247,29
92599,100
54285,127
255839,86
7352,1077
121244,6
-1,0
31204,1903
335,651
21105,371
-1,0
16051,36
6044,2861
-1,1
-1,1
59823,1330
75544,645
-1,0
99318,166
41613,2409
