216073,2199,626069123
77322,99,23765151
20506,99,30371467
18158,99,103116957
19005,99,105772893
34246,99,84464651
74685,99,13307909
19562,99,52117393
103416,99,15088982
79623,99,14686045
418083,92,6683856
456379,88,4452399
116212,99,13655492
191064,99,13118396
208986,92,6526832
458052,87,4150936
18883,99,15730685
268166,87,4056025
393759,88,4405719
15198,99,34322221
9720,99,54420242
177001,91,6075639
170853,96,9816821
197494,91,5962412
-1,1,0
-1,0
-1,0
-1,0
-1,0
-1,0
-1,0
-1,0
78887,849
258420,29
315272,27
137707,151
55988,337
11372,234
53480,71
564073,500
-1,2485
223743,259
73860,394
124194,20433
49106,693
20718,1238
16277,2683
7462,383
19652,1653
-1,0
296940,238
-1,0
350399,5
-1,4
213759,31
33293,1795
22477,873
21997,198
265854,11
173715,37
93587,242
53905,182
545908,10
4207,2659
6094,2526
4158,2695
53511,53
-1,0
16207,1334
151201,318
175311,219
15985,1100
3998,471
36234,400
59594,618
3385,8630
41129,486
86061,210
19336,413
-1,0
-1,0
36359,9
67723,369
36270,97
-1,0
258325,7
33070,459
54151,456
-1,1
36667,421
-1,0
10987,95
-1,0
-1,0
198659,148
746,540
286576,29
92707,100
54351,127
256107,86
7364,1077
121314,6
-1,0
31213,1903
335,651
21121,371
-1,0
16057,36
6050,2861
-1,1
-1,1
59837,1330
75576,645
-1,0
99359,166
41622,2409
