213148,2199,626069123
76663,99,23765151
20206,99,30371467
17767,99,103116957
18653,99,105772893
33719,99,84464651
74054,99,13307909
19158,99,52117393
102630,99,15088982
78647,99,14686045
416430,92,6683856
454007,88,4452399
115580,99,13655492
189213,99,13118396
207686,92,6526832
454281,87,4150936
18670,99,15730685
266619,87,4056025
391616,88,4405719
14840,99,34322221
9628,99,54420242
175818,91,6075639
169527,96,9816821
196172,91,5962412
-1,1,0
-1,0
-1,0
-1,0
-1,0
-1,0
-1,0
-1,0
78170,849
256436,29
313342,27
136915,151
55319,337
11211,234
53065,71
562895,500
-1,2485
223112,259
73085,394
122325,20433
48023,693
20470,1238
16137,2683
7362,383
19280,1653
-1,0
295760,238
-1,0
348764,5
-1,4
212165,31
33140,1795
22438,873
21850,198
264322,11
173026,37
93119,242
53818,182
542580,10
4196,2659
6084,2526
4144,2695
52715,53
-1,0
15894,1334
150536,318
174438,219
15729,1100
3956,471
36148,400
59454,618
3381,8630
40957,486
85620,210
18905,413
35965,9
-1,0
67205,369
36045,97
-1,0
257199,7
32529,459
53554,456
-1,1
36542,421
-1,0
10847,95
-1,0
-1,0
197131,148
741,540
280772,29
91296,100
53253,127
251556,86
7202,1077
120355,6
-1,0
31030,1903
334,651
20908,371
-1,0
15995,36
5936,2861
-1,1
-1,1
59607,1330
75206,645
-1,0
98660,166
41528,2409
