225749,2199,626069188
79213,99,23765151
21343,99,30371467
19231,99,103116957
20127,99,105772893
35872,99,84464651
76627,99,13307909
20889,99,52117458
106658,99,15088982
82933,99,14686045
424408,92,6683856
466882,88,4452399
118696,99,13655492
195878,99,13118396
213690,92,6526832
470599,87,4150936
19744,99,15730685
274934,87,4056025
402065,88,4405719
16090,99,34322221
10073,99,54420242
182363,91,6075639
175848,96,9816821
202592,91,5962412
-1,1,0
-1,0
-1,0
-1,0
-1,0
-1,0
-1,0
-1,0
81593,849
266325,29
322584,27
141021,151
57929,337
12020,234
54976,71
566775,500
-1,2485
226288,259
77291,394
130848,20433
52776,693
21616,1238
16705,2683
7834,383
20959,1653
-1,0
302083,238
-1,0
356494,5
-1,4
219902,31
33803,1795
22676,873
23340,198
271490,11
176434,37
95434,242
54301,182
558183,10
4249,2659
6155,2526
4205,2695
56627,53
-1,0
17424,1334
153544,318
178674,219
16821,1100
4148,471
36619,400
60122,618
3443,8630
41717,486
87738,210
20943,413
-1,0
-1,0
37721,9
69376,369
37078,97
-1,0
262268,7
34857,459
56678,456
-1,1
37159,421
-1,0
11512,95
-1,0
-1,0
204045,148
764,540
300622,29
98738,100
58143,127
273223,86
7948,1077
124681,6
-1,0
31802,1903
341,651
21981,371
-1,0
16286,36
6496,2861
-1,1
-1,1
60536,1330
76938,645
-1,0
101700,166
41999,2409
