223594,2199,626069188
78841,99,23765151
21189,99,30371467
19007,99,103116957
19882,99,105772893
35554,99,84464651
76211,99,13307909
20653,99,52117458
105913,99,15088982
82149,99,14686045
422873,92,6683856
464544,88,4452399
118160,99,13655492
194836,99,13118396
212664,92,6526832
467837,87,4150936
19484,99,15730685
273615,87,4056025
400191,88,4405719
15920,99,34322221
9987,99,54420242
181132,91,6075639
174716,96,9816821
201459,91,5962412
-1,1,0
-1,0
-1,0
-1,0
-1,0
-1,0
-1,0
-1,0
80905,849
264335,29
320881,27
140221,151
57471,337
11848,234
54615,71
566809,500
-1,2485
225763,259
76564,394
129361,20433
51982,693
21392,1238
16605,2683
7745,383
20684,1653
-1,0
300856,238
-1,0
355088,5
-1,4
218468,31
33674,1795
22638,873
23054,198
270239,11
175758,37
95030,242
54185,182
555449,10
4233,2659
6135,2526
4188,2695
55882,53
-1,0
17145,1334
153009,318
177879,219
16631,1100
4108,471
36509,400
60021,618
3433,8630
41576,486
87402,210
20539,413
-1,0
-1,0
37395,9
69023,369
36883,97
-1,0
261345,7
34472,459
56022,456
-1,1
37018,421
-1,0
11381,95
-1,0
-1,0
202970,148
762,540
297629,29
97371,100
57228,127
269239,86
7806,1077
123784,6
-1,0
31690,1903
341,651
21741,371
-1,0
16241,36
6385,2861
-1,1
-1,1
60376,1330
76751,645
-1,0
101166,166
41916,2409
