216207,2199,626069123
77312,99,23765151
20522,99,30371467
18187,99,103116957
19029,99,105772893
34290,99,84464651
74690,99,13307909
19595,99,52117393
103444,99,15088982
79713,99,14686045
417683,92,6683856
456349,88,4452399
116157,99,13655492
190987,99,13118396
208910,92,6526832
458116,87,4150936
18912,99,15730685
268201,87,4056025
393609,88,4405719
15231,99,34322221
9720,99,54420242
176962,91,6075639
170855,96,9816821
197345,91,5962412
-1,1,0
-1,0
-1,0
-1,0
-1,0
-1,0
-1,0
-1,0
78913,849
258519,29
315293,27
137680,151
55999,337
11383,234
53489,71
563446,500
-1,2485
223524,259
73799,394
123987,20433
49196,693
20737,1238
16274,2683
7468,383
19682,1653
-1,0
296850,238
-1,0
350240,5
-1,4
213710,31
33280,1795
22455,873
22045,198
265549,11
173506,37
93537,242
53849,182
545637,10
4204,2659
6090,2526
4156,2695
53582,53
-1,0
16229,1334
151051,318
175233,219
16001,1100
4002,471
36211,400
59505,618
3384,8630
41100,486
86040,210
19381,413
-1,0
-1,0
36373,9
67644,369
36235,97
-1,0
258187,7
33093,459
54122,456
-1,1
36619,421
-1,0
10999,95
-1,0
-1,0
198621,148
746,540
286822,29
92737,100
54420,127
256274,86
7377,1077
121273,6
-1,0
31205,1903
335,651
21126,371
-1,0
16047,36
6064,2861
-1,1
-1,1
59771,1330
75554,645
-1,0
99348,166
41567,2409
