357764,2103,158874290
777556,91,6090695
695373,91,5959969
593121,99,13417602
642421,99,15252629
486155,99,15588703
459792,85,3334326
651329,97,11132136
246241,99,13232266
650689,85,3309191
223936,99,13060350
824500,80,2021621
1433750,75,1222892
184519,99,13148369
540154,83,2780684
804933,80,2041875
229191,93,7403985
537806,80,2042056
599331,81,2193338
503397,92,6517981
894724,80,2153110
608199,73,1014740
499527,82,2554163
149700,99,13054901
456691,62,346708
-1,0
-1,0
-1,0
-1,0
-1,0
-1,0
-1,0
317191,251
263154,29
311097,28
329948,52
275039,110
227271,25
252358,7
301411,549
-1,2513
-1,0
785220,34
-1,0
-1,307
294009,51
-1,0
-1,0
-1,0
-1,0
709767,66
121262,461
354376,5
-1,0
24079,651
-1,0
-1,1
-1,0
277234,10
351763,11
-1,0
-1,0
524086,13
446999,16
434113,96
430291,19
175226,25
-1,0
-1,1
-1,0
298528,88
296523,59
-1,4
-1,1
582111,29
535886,206
-1,0
-1,0
-1,1
83367,43
-1,0
145929,2
-1,0
-1,0
-1,0
261165,7
152487,97
139971,136
-1,1
292216,46
158209,50
492024,11
-1,0
-1,0
931166,17
143598,30
246836,71
-1,0
-1,1
-1,0
-1,1
-1,0
-1,0
-1,0
214014,27
192897,13
-1,0
211808,7
135273,71
165142,37
111187,67
633305,50
1281631,57
-1,0
-1,0
439594,93
