347121,2103,157726757
766748,91,6051325
683246,91,5959969
790620,99,13034505
641439,99,14977275
494927,99,15184642
452645,85,3334326
642107,97,11086485
241679,99,13232266
639366,85,3309191
220636,99,13060350
812330,80,2021621
1414408,75,1222892
180786,99,13148369
530873,83,2780684
790162,80,2041875
224522,93,7403985
528214,80,2042056
589293,81,2193338
493952,92,6517981
881746,80,2153110
597351,73,1014740
490613,82,2554163
146541,99,13054901
410937,62,346708
-1,0
-1,0
-1,0
-1,0
-1,0
-1,0
-1,0
311709,251
257318,29
305574,28
324482,52
271008,110
223633,25
248777,7
299319,549
-1,2513
-1,0
768002,34
-1,0
-1,303
286821,51
-1,0
-1,0
-1,0
-1,0
700523,66
114003,461
349527,5
-1,0
23314,651
-1,0
-1,1
-1,0
272465,10
345605,11
-1,0
-1,0
514874,13
441384,16
428034,96
425180,19
170690,25
-1,0
-1,1
-1,0
292688,88
287034,59
-1,4
-1,1
577118,29
530363,206
-1,0
-1,0
-1,1
50647,43
-1,0
143210,2
-1,0
-1,0
-1,0
258007,7
213514,42
135389,136
-1,1
285990,46
138146,50
483765,11
-1,0
-1,0
911578,17
141566,30
237544,71
-1,0
-1,1
-1,0
-1,1
-1,0
-1,0
-1,0
209819,27
187478,13
-1,0
210760,7
-1,1
163038,37
109384,67
624792,50
1267746,57
-1,0
-1,0
432618,93
