360155,2103,158874290
780062,91,6090695
697518,91,5959969
595477,99,13417602
644649,99,15252629
487716,99,15588703
461297,85,3334326
653170,97,11132136
247276,99,13232266
653412,85,3309191
224601,99,13060350
826928,80,2021621
1437509,75,1222892
185314,99,13148369
541975,83,2780684
808060,80,2041875
230261,93,7403985
539581,80,2042056
601440,81,2193338
505458,92,6517981
897448,80,2153110
610380,73,1014740
501269,82,2554163
150322,99,13054901
465018,62,346708
-1,0
-1,0
-1,0
-1,0
-1,0
-1,0
-1,0
318469,251
264691,29
312413,28
331180,52
275984,110
228153,25
253235,7
301379,549
-1,2513
-1,0
788800,34
-1,0
-1,307
295572,51
-1,0
-1,0
-1,0
-1,0
711913,66
122684,461
355476,5
-1,0
24289,651
-1,0
-1,1
-1,0
278254,10
353013,11
-1,0
-1,0
526081,13
448251,16
435548,96
431438,19
176394,25
-1,0
-1,1
-1,0
299793,88
298317,59
-1,4
-1,1
583047,29
537187,206
-1,0
-1,0
-1,1
87531,43
-1,0
146585,2
-1,0
-1,0
-1,0
261860,7
153640,97
141232,136
-1,1
293408,46
162049,50
493724,11
-1,0
-1,0
935238,17
144036,30
248851,71
-1,0
-1,1
-1,0
-1,1
-1,0
-1,0
-1,0
214948,27
194175,13
-1,0
212006,7
136599,71
165527,37
111578,67
635132,50
1284182,57
-1,0
-1,0
441170,93
