351064,2103,158874290
769257,91,6090695
688142,91,5959969
585449,99,13417602
634814,99,15252629
480486,99,15588703
455515,85,3334326
644575,97,11132136
243424,99,13232266
643488,85,3309191
221933,99,13060350
817136,80,2021621
1421970,75,1222892
182173,99,13148369
534447,83,2780684
795556,80,2041875
226296,93,7403985
531939,80,2042056
593047,81,2193338
497601,92,6517981
886817,80,2153110
601659,73,1014740
494047,82,2554163
147785,99,13054901
429162,62,346708
-1,0
-1,0
-1,0
-1,0
-1,0
-1,0
-1,0
313722,251
259313,29
307402,28
326368,52
272461,110
224921,25
250085,7
300230,549
-1,2513
-1,0
774573,34
-1,0
-1,307
289352,51
-1,0
-1,0
-1,0
-1,0
703715,66
116727,461
351295,5
-1,0
23584,651
-1,0
-1,1
-1,0
274307,10
347905,11
-1,0
-1,0
518230,13
443486,16
430213,96
427076,19
172275,25
-1,0
-1,1
-1,0
294825,88
290599,59
-1,4
-1,1
579278,29
532455,206
-1,0
-1,0
-1,1
62091,43
-1,0
144171,2
-1,0
-1,0
-1,0
259188,7
149086,97
137006,136
-1,1
288366,46
145762,50
486820,11
-1,0
-1,0
919135,17
142390,30
241072,71
-1,0
-1,1
-1,0
-1,1
-1,0
-1,0
-1,0
211354,27
189420,13
-1,0
211275,7
132010,71
163862,37
110069,67
628160,50
1273283,57
-1,0
-1,0
435128,93
