353755,2103,158874290
772570,91,6090695
691116,91,5959969
588670,99,13417602
637838,99,15252629
482799,99,15588703
457223,85,3334326
647288,97,11132136
244539,99,13232266
646318,85,3309191
222734,99,13060350
820080,80,2021621
1426691,75,1222892
183065,99,13148369
536694,83,2780684
799072,80,2041875
227404,93,7403985
534366,80,2042056
595468,81,2193338
499872,92,6517981
889950,80,2153110
604319,73,1014740
496207,82,2554163
148552,99,13054901
440311,62,346708
-1,0
-1,0
-1,0
-1,0
-1,0
-1,0
-1,0
315067,251
260786,29
308745,28
327801,52
273477,110
225874,25
251007,7
300796,549
-1,2513
-1,0
778809,34
-1,0
-1,307
291197,51
-1,0
-1,0
-1,0
-1,0
706013,66
118671,461
352451,5
-1,0
23776,651
-1,0
-1,1
-1,0
275532,10
349476,11
-1,0
-1,0
520587,13
444863,16
431725,96
428319,19
173369,25
-1,0
-1,1
-1,0
296267,88
292963,59
-1,4
-1,1
580412,29
533828,206
-1,0
-1,0
-1,1
74359,43
-1,0
144824,2
-1,0
-1,0
-1,0
259969,7
150412,97
138177,136
-1,1
289995,46
150766,50
488907,11
-1,0
-1,0
924002,17
142900,30
243481,71
-1,0
-1,1
-1,0
-1,1
-1,0
-1,0
-1,0
212384,27
190739,13
-1,0
211518,7
133227,71
164388,37
110467,67
630170,50
1276692,57
-1,0
-1,0
436892,93
