359289,2103,158874290
778923,91,6090695
696566,91,5959969
594487,99,13417602
643644,99,15252629
487010,99,15588703
460730,85,3334326
652287,97,11132136
246906,99,13232266
652372,85,3309191
224349,99,13060350
825988,80,2021621
1435990,75,1222892
185015,99,13148369
541232,83,2780684
806706,80,2041875
229854,93,7403985
538871,80,2042056
600688,81,2193338
504758,92,6517981
896452,80,2153110
609509,73,1014740
500509,82,2554163
150087,99,13054901
462001,62,346708
-1,0
-1,0
-1,0
-1,0
-1,0
-1,0
-1,0
317980,251
264132,29
311969,28
330700,52
275645,110
227828,25
252870,7
301298,549
-1,2513
-1,0
787438,34
-1,0
-1,307
295010,51
-1,0
-1,0
-1,0
-1,0
711168,66
122137,461
355052,5
-1,0
24215,651
-1,0
-1,1
-1,0
277884,10
352540,11
-1,0
-1,0
525357,13
447805,16
435067,96
431030,19
175990,25
-1,0
-1,1
-1,0
299373,88
297685,59
-1,4
-1,1
582696,29
536707,206
-1,0
-1,0
-1,1
86216,43
-1,0
146353,2
-1,0
-1,0
-1,0
261607,7
153208,97
140831,136
-1,1
292982,46
160778,50
493168,11
-1,0
-1,0
933737,17
143871,30
248149,71
-1,0
-1,1
-1,0
-1,1
-1,0
-1,0
-1,0
214594,27
193725,13
-1,0
211934,7
136074,71
165372,37
111398,67
634431,50
1283095,57
-1,0
-1,0
440589,93
