352805,2103,158874290
771426,91,6090695
690105,91,5959969
587511,99,13417602
636831,99,15252629
482013,99,15588703
456628,85,3334326
646377,97,11132136
244123,99,13232266
645283,85,3309191
222440,99,13060350
819034,80,2021621
1425168,75,1222892
182767,99,13148369
535937,83,2780684
797896,80,2041875
226975,93,7403985
533495,80,2042056
594605,81,2193338
499042,92,6517981
888795,80,2153110
603420,73,1014740
495452,82,2554163
148279,99,13054901
436323,62,346708
-1,0
-1,0
-1,0
-1,0
-1,0
-1,0
-1,0
314583,251
260181,29
308223,28
327235,52
273090,110
225490,25
250665,7
300575,549
-1,2513
-1,0
777444,34
-1,0
-1,307
290466,51
-1,0
-1,0
-1,0
-1,0
705059,66
117929,461
352017,5
-1,0
23703,651
-1,0
-1,1
-1,0
275053,10
348884,11
-1,0
-1,0
519720,13
444355,16
431136,96
427854,19
172958,25
-1,0
-1,1
-1,0
295714,88
292071,59
-1,4
-1,1
580000,29
533319,206
-1,0
-1,0
-1,1
71255,43
-1,0
144574,2
-1,0
-1,0
-1,0
259662,7
149919,97
137744,136
-1,1
289452,46
148812,50
488148,11
-1,0
-1,0
922280,17
142701,30
242639,71
-1,0
-1,1
-1,0
-1,1
-1,0
-1,0
-1,0
211989,27
190223,13
-1,0
211452,7
132754,71
164156,37
110319,67
629461,50
1275679,57
-1,0
-1,0
436187,93
