351912,2103,158874290
770315,91,6090695
689098,91,5959969
586447,99,13417602
635783,99,15252629
481253,99,15588703
456056,85,3334326
645464,97,11132136
243751,99,13232266
644348,85,3309191
222169,99,13060350
818040,80,2021621
1423544,75,1222892
182478,99,13148369
535176,83,2780684
796653,80,2041875
226609,93,7403985
532684,80,2042056
593806,81,2193338
498295,92,6517981
887803,80,2153110
602483,73,1014740
494705,82,2554163
148006,99,13054901
432658,62,346708
-1,0
-1,0
-1,0
-1,0
-1,0
-1,0
-1,0
314152,251
259727,29
307813,28
326781,52
272779,110
225193,25
250367,7
300413,549
-1,2513
-1,0
775964,34
-1,0
-1,307
289872,51
-1,0
-1,0
-1,0
-1,0
704375,66
117302,461
351640,5
-1,0
23645,651
-1,0
-1,1
-1,0
274662,10
348373,11
-1,0
-1,0
518947,13
443903,16
430644,96
427449,19
172593,25
-1,0
-1,1
-1,0
295247,88
291279,59
-1,4
-1,1
579610,29
532838,206
-1,0
-1,0
-1,1
67918,43
-1,0
144362,2
-1,0
-1,0
-1,0
259431,7
149495,97
137375,136
-1,1
288879,46
147226,50
487438,11
-1,0
-1,0
920608,17
142550,30
241836,71
-1,0
-1,1
-1,0
-1,1
-1,0
-1,0
-1,0
211671,27
189799,13
-1,0
211357,7
132358,71
164002,37
110182,67
628787,50
1274457,57
-1,0
-1,0
435689,93
