351357,2103,158874290
769636,91,6090695
688489,91,5959969
585766,99,13417602
635163,99,15252629
480744,99,15588703
455689,85,3334326
644874,97,11132136
243536,99,13232266
643806,85,3309191
222009,99,13060350
817485,80,2021621
1422495,75,1222892
182276,99,13148369
534698,83,2780684
795983,80,2041875
226391,93,7403985
532225,80,2042056
593297,81,2193338
497827,92,6517981
887185,80,2153110
601941,73,1014740
494280,82,2554163
147850,99,13054901
430452,62,346708
-1,0
-1,0
-1,0
-1,0
-1,0
-1,0
-1,0
313852,251
259452,29
307548,28
326514,52
272562,110
225014,25
250186,7
300283,549
-1,2513
-1,0
775042,34
-1,0
-1,307
289516,51
-1,0
-1,0
-1,0
-1,0
703940,66
116952,461
351419,5
-1,0
23606,651
-1,0
-1,1
-1,0
274429,10
348089,11
-1,0
-1,0
518494,13
443608,16
430356,96
427192,19
172370,25
-1,0
-1,1
-1,0
294983,88
290815,59
-1,4
-1,1
579371,29
532574,206
-1,0
-1,0
-1,1
64899,43
-1,0
144237,2
-1,0
-1,0
-1,0
259274,7
149226,97
137125,136
-1,1
288522,46
146278,50
487029,11
-1,0
-1,0
919628,17
142448,30
241343,71
-1,0
-1,1
-1,0
-1,1
-1,0
-1,0
-1,0
211444,27
189537,13
-1,0
211297,7
132131,71
163915,37
110110,67
628381,50
1273654,57
-1,0
-1,0
435312,93
