357524,2103,158874290
777270,91,6090695
695126,91,5959969
592878,99,13417602
642170,99,15252629
485965,99,15588703
459666,85,3334326
651081,97,11132136
246144,99,13232266
650415,85,3309191
223877,99,13060350
824253,80,2021621
1433356,75,1222892
184420,99,13148369
539967,83,2780684
804552,80,2041875
229086,93,7403985
537605,80,2042056
599109,81,2193338
503194,92,6517981
894422,80,2153110
607965,73,1014740
499306,82,2554163
149635,99,13054901
455906,62,346708
-1,0
-1,0
-1,0
-1,0
-1,0
-1,0
-1,0
317076,251
263027,29
310992,28
329854,52
274964,110
227216,25
252296,7
301362,549
-1,2513
-1,0
784859,34
-1,0
-1,307
293861,51
-1,0
-1,0
-1,0
-1,0
709557,66
121152,461
354272,5
-1,0
24060,651
-1,0
-1,1
-1,0
277138,10
351645,11
-1,0
-1,0
523897,13
446909,16
433990,96
430194,19
175120,25
-1,0
-1,1
-1,0
298422,88
296348,59
-1,4
-1,1
582021,29
535743,206
-1,0
-1,0
-1,1
82969,43
-1,0
145874,2
-1,0
-1,0
-1,0
261106,7
152394,97
139865,136
-1,1
292093,46
157833,50
491865,11
-1,0
-1,0
930811,17
143556,30
246641,71
-1,0
-1,1
-1,0
-1,1
-1,0
-1,0
-1,0
213938,27
192779,13
-1,0
211790,7
135155,71
165098,37
111136,67
633119,50
1281357,57
-1,0
-1,0
439449,93
