14164,2376,711214908
30235,99,33674821
50384,99,22832534
36840,99,69845637
44672,99,73271453
72567,99,57350347
30102,99,13784468
32919,99,42569948
16563,99,36065704
71655,99,15045059
14060,99,19260089
6236,99,32451843
7247,99,41468868
10510,99,17906748
49680,99,13443166
20018,99,20594908
8234,99,20094373
13863,99,15534630
10670,99,34791117
39483,99,24337678
37877,99,26886948
15687,99,17025878
7954,99,35418401
20922,99,13595024
18382,99,13965266
-1,0
-1,0
-1,0
-1,0
-1,0
-1,0
-1,0
14776,2344
18089,493
9450,739
15341,708
91964,258
65854,83
59730,63
299075,549
-1,2500
207916,284
9308,1387
-1,0
10218,1015
16348,1367
206434,243
3689,723
30850,1303
167620,17
28160,1009
81505,640
142457,13
7417,2943
25455,604
12151,2929
45459,535
67770,26
6185,548
297757,22
149554,116
174598,26
52681,143
48225,645
65641,634
48739,642
151319,25
-1,0
1800,3365
113331,441
7446,3814
16352,1075
38054,164
252565,45
1246,6321
158673,1927
125136,106
46367,357
308066,47
49576,7
-1,0
36504,853
49478,62
-1,0
311415,6
80734,213
12402,1769
102160,53
60048,262
15156,553
47720,60
-1,0
28145,533
3938,1496
10825,150
144451,244
1514,1169
23248,644
11521,688
93015,12
47721,188
-1,0
38453,1673
3900,317
86541,95
-1,0
160419,9
32794,1197
41114,332
30283,324
133783,738
4674,1803
28719,615
1212,3412
57341,1964
