14674,2376,730311372
31046,99,33786830
47672,99,23564003
37283,99,72392160
44305,99,75786230
71326,99,59645811
27582,99,13893834
32038,99,44319292
15658,99,38604464
66786,99,15621338
14229,99,19309899
6156,99,33071653
7499,99,41471511
9925,99,18459076
49568,99,13476347
20271,99,20784088
8368,99,20295694
13223,99,15768033
10762,99,34863599
38105,99,25303576
38129,99,27253208
16101,99,17094193
7674,99,37012974
21379,99,13612293
15564,99,14921266
-1,0
-1,0
-1,0
-1,0
-1,0
-1,0
-1,0
15625,2344
19216,493
9883,739
15788,708
95149,258
68469,83
61734,63
301518,549
-1,2500
210305,284
9687,1391
176620,3093
10519,1032
13063,1540
215102,243
3884,723
32698,1316
173630,17
28899,1009
90394,640
145702,13
7531,2943
26847,604
12344,2929
45117,544
63408,37
6340,548
306187,22
152814,116
176914,26
54169,143
48670,645
66401,634
49206,642
158637,25
-1,0
1859,3433
115437,441
7636,3814
17432,1075
38004,167
257474,45
1280,6321
159950,1927
127145,106
47615,357
327853,47
19596,187
-1,0
51579,7
34900,932
51083,62
-1,0
316964,6
85863,213
13248,1769
104032,53
61190,262
19503,553
49264,60
-1,0
29576,533
4054,1496
11032,150
144458,266
1643,1169
24052,693
12815,688
86904,29
48207,194
-1,0
39383,1673
3969,317
90198,96
-1,0
162100,9
35345,1197
42011,332
30855,324
136011,738
4788,1803
30077,646
1246,3412
58027,1964
