14184,2376,714294432
30265,99,33715421
50359,99,22876031
36432,99,70699144
44418,99,73719977
72289,99,57648954
30075,99,13788946
32815,99,42774725
16604,99,36065704
69049,99,15238058
14073,99,19270280
6251,99,32451843
7268,99,41469174
10207,99,18074651
49852,99,13443179
20076,99,20608356
8262,99,20110867
13904,99,15534958
10684,99,34792870
39369,99,24441964
37777,99,26958923
15715,99,17030878
7745,99,35998587
20724,99,13601704
18601,99,13979238
-1,0
-1,0
-1,0
-1,0
-1,0
-1,0
-1,0
14875,2344
18197,493
9494,739
15386,708
92280,258
66115,83
59944,63
299338,549
-1,2500
208028,284
9351,1387
-1,0
10250,1017
15911,1387
207144,243
3714,723
31113,1303
168300,17
28252,1009
82593,640
142769,13
7506,2943
25613,604
12180,2929
45212,538
67117,27
6197,548
298626,22
149884,116
174805,26
52861,143
48285,645
65725,634
48803,642
151999,25
-1,0
1779,3389
113504,441
7470,3814
16447,1075
37704,165
253085,45
1249,6321
158883,1927
125384,106
46507,357
310098,47
13913,107
-1,0
49774,7
36612,853
49658,62
-1,0
311989,6
81244,213
12478,1769
102420,53
60186,262
15600,553
47838,60
-1,0
28309,533
3949,1496
10860,150
145646,244
1529,1169
23494,644
11676,688
93679,12
47043,194
-1,0
38554,1673
3908,317
86564,96
-1,0
160620,9
33091,1197
41205,332
30362,324
134049,738
4682,1803
28644,622
1216,3412
57439,1964
