14181,2376,711971539
30271,99,33674830
50409,99,22841607
36602,99,70196289
44566,99,73432929
72475,99,57448024
30109,99,13785573
32949,99,42601882
16573,99,36065704
71830,99,15045059
14063,99,19264510
6240,99,32451843
7254,99,41468868
10524,99,17907261
49740,99,13443179
20030,99,20596148
8245,99,20098344
13877,99,15534838
10672,99,34792003
39486,99,24351038
37711,99,26957441
15690,99,17025878
7954,99,35428001
20963,99,13595024
18462,99,13965266
-1,0
-1,0
-1,0
-1,0
-1,0
-1,0
-1,0
14809,2344
18123,493
9466,739
15354,708
92038,258
65944,83
59794,63
299172,549
-1,2500
207987,284
9319,1387
-1,0
10245,1015
15856,1387
206633,243
3699,723
30931,1303
167866,17
28193,1009
81868,640
142568,13
7450,2943
25501,604
12161,2929
45487,535
66981,27
6189,548
298079,22
149683,116
174662,26
52757,143
48251,645
65674,634
48765,642
151538,25
-1,0
1771,3389
113408,441
7455,3814
16376,1075
37657,165
252761,45
1246,6321
158754,1927
125219,106
46427,357
308735,47
49628,7
-1,0
36537,853
49554,62
-1,0
311622,6
80890,213
12425,1769
102250,53
60108,262
15272,553
47761,60
-1,0
28191,533
3945,1496
10839,150
144843,244
1519,1169
23329,644
11583,688
93231,12
46941,194
-1,0
38488,1673
3902,317
86690,95
-1,0
160500,9
32896,1197
41153,332
30307,324
133877,738
4679,1803
28407,622
1215,3412
57371,1964
