14214,2376,717024497
30377,99,33727854
49343,99,23060747
36222,99,71275285
44072,99,74248418
72068,99,57956115
29832,99,13799430
32318,99,43166411
16636,99,36065704
68512,99,15298942
14100,99,19274378
6246,99,32490931
7283,99,41469174
10309,99,18075714
50048,99,13443192
20003,99,20668820
8265,99,20136383
13885,99,15548844
10706,99,34809447
38606,99,24716483
37903,99,26961533
15770,99,17030878
7710,99,36209371
20771,99,13603301
18892,99,13987142
-1,0
-1,0
-1,0
-1,0
-1,0
-1,0
-1,0
14966,2344
18310,493
9535,739
15422,708
92669,258
66392,83
60149,63
299708,549
-1,2500
208358,284
9391,1387
-1,0
10311,1018
14348,1455
208143,243
3732,723
31372,1303
168945,17
28333,1009
83713,640
143099,13
7555,2943
25763,604
12196,2929
45066,540
65686,29
6219,548
299535,22
150207,116
175042,26
52992,143
48330,645
65780,634
48845,642
152743,25
-1,0
1801,3389
113720,441
7483,3814
16575,1075
37836,165
253523,45
1254,6321
158990,1927
125555,106
46630,357
312129,47
17093,131
-1,0
49982,7
36747,853
49834,62
-1,0
312624,6
81846,213
12546,1769
102578,53
60298,262
16245,553
48011,60
-1,0
28479,533
3971,1496
10883,150
146879,244
1542,1169
23209,661
11802,688
94294,12
47183,194
-1,0
38652,1673
3917,317
86948,96
-1,0
160784,9
33342,1197
41311,332
30432,324
134272,738
4689,1803
27883,640
1216,3412
57492,1964
