14647,2376,730221025
31024,99,33786830
47626,99,23564003
37217,99,72392160
44232,99,75786230
71236,99,59645811
27557,99,13893834
31978,99,44319292
15645,99,38600324
66702,99,15621338
14220,99,19309899
6151,99,33071653
7496,99,41471511
10089,99,18378036
49534,99,13476347
20251,99,20780406
8355,99,20295694
13215,99,15768033
10758,99,34863599
38054,99,25303576
38088,99,27251723
16084,99,17094193
7669,99,37012974
21346,99,13612293
15508,99,14921266
-1,0
-1,0
-1,0
-1,0
-1,0
-1,0
-1,0
15588,2344
19176,493
9865,739
15773,708
95073,258
68410,83
61669,63
301472,549
-1,2500
210243,284
9682,1391
176370,3093
10500,1032
13044,1540
214919,243
3877,723
32636,1316
173434,17
28878,1009
90181,640
145615,13
7513,2943
26807,604
12340,2929
45096,544
63350,37
6339,548
306010,22
152733,116
176848,26
54120,143
48660,645
66383,634
49199,642
158454,25
-1,0
1860,3433
115397,441
7630,3814
17403,1075
37971,167
257359,45
1275,6321
159925,1927
127097,106
47586,357
327382,47
19470,187
-1,0
51526,7
34877,932
51051,62
-1,0
316831,6
85753,213
13222,1769
103967,53
61156,262
19415,553
49235,60
-1,0
29533,533
4055,1496
11029,150
144257,266
1640,1169
24001,693
12777,688
86751,29
48165,194
-1,0
39362,1673
3966,317
90083,96
-1,0
162061,9
35264,1197
41977,332
30842,324
135959,738
4787,1803
30009,646
1245,3412
58003,1964
