14271,2376,725686480
30715,99,33754239
47184,99,23502630
36417,99,72126385
43388,99,75561144
70492,99,59345975
27083,99,13893595
31258,99,44172181
16296,99,36901800
65326,99,15621338
14131,99,19303570
6241,99,32705707
7385,99,41471511
10029,99,18301414
50016,99,13455788
20085,99,20718283
8335,99,20195507
13321,99,15706355
10752,99,34814719
37146,99,25301384
37836,99,27143966
15836,99,17094093
7598,99,36839598
20919,99,13609433
18798,99,14145865
-1,0
-1,0
-1,0
-1,0
-1,0
-1,0
-1,0
15232,2344
18677,493
9649,739
15560,708
93773,258
67256,83
60832,63
300670,549
-1,2500
209268,284
9544,1391
-1,0
10393,1024
12780,1540
211322,243
3792,723
31659,1316
170883,17
28553,1009
86904,640
144162,13
7804,2943
26229,604
12251,2929
44880,544
63692,34
6278,548
302389,22
151282,116
175797,26
53451,143
48477,645
66038,634
48999,642
155239,25
-1,0
1794,3420
114439,441
7551,3814
16955,1075
37414,167
255051,45
1262,6321
159402,1927
126195,106
47046,357
318839,47
19729,160
-1,0
50672,7
34452,932
50379,62
-1,0
314504,6
83556,213
12841,1769
103164,53
60755,262
17801,553
48529,60
-1,0
28908,533
4037,1496
10950,150
140816,266
1588,1169
23094,692
12198,688
96297,12
47599,194
-1,0
38992,1673
3941,317
88236,96
-1,0
161371,9
34184,1197
41612,332
30599,324
135018,738
4740,1803
28948,640
1233,3412
57783,1964
