141241,2274,529569835
62405,99,25972757
35609,99,25707954
70506,99,48882837
44811,99,74948945
42561,99,77425564
57493,99,13438390
40869,99,40033473
51316,99,19396962
220305,99,13090079
326281,97,10986782
99689,99,13310509
209098,99,13143377
94962,99,13860719
201420,92,7011038
104275,99,13612971
149167,99,13044257
151193,95,9073578
39091,99,17828243
28026,99,28113591
96497,99,18239481
152101,94,8159012
164021,97,11179592
118723,99,13106483
841290,17,3241
-1,0
-1,0
-1,0
-1,0
-1,0
-1,0
-1,0
82477,834
58762,168
88377,123
106385,199
134482,204
53596,99
88940,41
285782,560
-1,1418
83902,1232
140246,277
128157,20698
48367,706
67483,679
3113,5190
-1,0
161434,253
87563,109
45449,835
-1,0
271921,6
61789,366
-1,3
206392,384
28540,756
25390,177
137339,39
242138,25
58928,414
146045,43
71739,111
169911,196
182233,295
185537,169
161258,25
-1,0
20181,1222
79621,614
363683,55
163794,164
22773,213
82628,250
289843,125
279791,1124
85382,215
23704,575
201679,115
-1,0
-1,0
70187,5
63400,421
76423,31
-1,0
369534,5
12519,755
137881,138
183499,25
268932,52
-1,0
29395,70
-1,0
28450,549
451826,73
24079,102
149602,250
-1,0
-1,2
-1,0
101709,9
51220,171
32967,9
182109,351
7845,254
32592,281
84821,1
53783,20
62226,616
37620,373
75398,118
359341,220
308259,502
-1,0
139386,110
162248,847
