140336,2274,529569835
62207,99,25972757
35427,99,25707954
69976,99,48882837
44510,99,74948945
42274,99,77425564
57250,99,13438390
40500,99,40033473
51079,99,19396962
219441,99,13090079
325573,97,10986782
99285,99,13310509
208500,99,13143377
94469,99,13860719
200761,92,7011038
103769,99,13612971
148683,99,13044257
150716,95,9073578
39009,99,17828243
27833,99,28113591
96165,99,18239481
151435,94,8159012
163397,97,11179592
118204,99,13106483
831900,17,3241
-1,0
-1,0
-1,0
-1,0
-1,0
-1,0
-1,0
82077,834
58324,168
87955,123
106004,199
133987,204
53320,99
88623,41
285577,560
-1,1418
83718,1232
139336,277
127210,20698
47836,706
67005,679
3097,5190
-1,0
160137,253
87233,109
45334,835
-1,0
271214,6
61671,366
-1,3
205844,384
28498,756
25190,177
137032,39
241535,25
58720,414
145774,43
71525,111
169625,196
181873,295
185255,169
160385,25
-1,0
19960,1222
79446,614
362193,55
162708,164
22665,213
82451,250
289538,125
279496,1124
85216,215
23623,575
199851,115
-1,0
-1,0
69858,5
63172,421
76070,31
-1,0
368701,5
12407,755
137029,138
183113,25
267975,52
-1,0
29220,70
-1,0
28274,549
449958,73
24036,102
148491,250
-1,0
-1,2
-1,0
100949,9
51061,171
32805,9
181718,351
7824,254
32412,281
84738,1
53714,20
61668,616
37517,373
75202,118
358628,220
307680,502
-1,0
138960,110
161938,847
