141335,2274,529569835
62433,99,25972757
35621,99,25707954
70566,99,48882837
44841,99,74948945
42578,99,77425564
57502,99,13438390
40900,99,40033473
51339,99,19396962
220393,99,13090079
326322,97,10986782
99733,99,13310509
209138,99,13143377
95013,99,13860719
201489,92,7011038
104327,99,13612971
149217,99,13044257
151241,95,9073578
39110,99,17828243
28045,99,28113591
96536,99,18239481
152153,94,8159012
164066,97,11179592
118759,99,13106483
842187,17,3241
-1,0
-1,0
-1,0
-1,0
-1,0
-1,0
-1,0
82513,834
58797,168
88415,123
106419,199
134534,204
53614,99
88978,41
285772,560
-1,1418
83923,1232
140365,277
128212,20698
48418,706
67521,679
3115,5190
-1,0
161533,253
87595,109
45454,835
-1,0
271983,6
61821,366
-1,3
206423,384
28538,756
25400,177
137361,39
242203,25
58937,414
146058,43
71752,111
169935,196
182277,295
185560,169
161348,25
-1,0
20206,1222
79630,614
363815,55
163887,164
22783,213
82634,250
289872,125
279806,1124
85388,215
23709,575
201840,115
-1,0
-1,0
70215,5
63428,421
76458,31
-1,0
369623,5
12530,755
137982,138
183511,25
269021,52
-1,0
29404,70
-1,0
28467,549
451984,73
24084,102
149717,250
-1,0
-1,2
-1,0
101788,9
51227,171
32981,9
182143,351
7843,254
32605,281
84811,1
53785,20
62302,616
37632,373
75431,118
359415,220
308307,502
-1,0
139423,110
162269,847
