136565,2274,529569835
61231,99,25972757
34577,99,25707954
67650,99,48882837
43076,99,74948945
41089,99,77425564
56219,99,13438390
38988,99,40033473
50180,99,19396962
215734,99,13090079
322889,97,10986782
97217,99,13310509
206002,99,13143377
92453,99,13860719
197957,92,7011038
101863,99,13612971
146450,99,13044257
148440,95,9073578
38621,99,17828243
26835,99,28113591
94580,99,18239481
148967,94,8159012
160551,97,11179592
116105,99,13106483
790659,17,3241
-1,0
-1,0
-1,0
-1,0
-1,0
-1,0
-1,0
80525,834
56868,168
86516,123
104602,199
131962,204
52236,99
87387,41
284169,560
-1,1418
82988,1232
135196,277
123171,20698
45877,706
65224,679
3052,5190
-1,0
154841,253
85850,109
44825,835
-1,0
268429,6
60897,366
-1,3
203877,384
28295,756
24323,177
135832,39
239133,25
57995,414
144790,43
70691,111
168592,196
180435,295
184188,169
156885,25
-1,0
19130,1222
78738,614
356411,55
157607,164
22263,213
81925,250
288433,125
278383,1124
84555,215
23337,575
192641,115
-1,0
-1,0
68570,5
62187,421
74548,31
-1,0
365098,5
12045,755
133639,138
181733,25
263869,52
-1,0
28574,70
-1,0
27673,549
441978,73
23813,102
143725,250
-1,0
-1,2
-1,0
98018,9
50337,171
32225,9
180045,351
7744,254
31709,281
84340,1
53406,20
59555,616
37103,373
74330,118
355778,220
305141,502
-1,0
137066,110
160647,847
