137196,2274,529569835
61387,99,25972757
34746,99,25707954
68064,99,48882837
43286,99,74948945
41298,99,77425564
56391,99,13438390
39276,99,40033473
50317,99,19396962
216358,99,13090079
323349,97,10986782
97594,99,13310509
206384,99,13143377
92814,99,13860719
198421,92,7011038
102179,99,13612971
146799,99,13044257
148792,95,9073578
38692,99,17828243
27044,99,28113591
94834,99,18239481
149289,94,8159012
160968,97,11179592
116451,99,13106483
798639,17,3241
-1,0
-1,0
-1,0
-1,0
-1,0
-1,0
-1,0
80793,834
57101,168
86739,123
104799,199
132345,204
52431,99
87595,41
284486,560
-1,1418
83140,1232
135746,277
123809,20698
46179,706
65508,679
3056,5190
-1,0
155800,253
86081,109
44900,835
-1,0
268937,6
61049,366
-1,3
204194,384
28313,756
24394,177
136050,39
239533,25
58107,414
144961,43
70858,111
168778,196
180676,295
184366,169
157492,25
-1,0
19269,1222
78850,614
357364,55
158561,164
22322,213
82020,250
288649,125
278588,1124
84680,215
23369,575
193797,115
-1,0
-1,0
68793,5
62344,421
74842,31
-1,0
365761,5
12109,755
134184,138
181966,25
264481,52
-1,0
28687,70
-1,0
27792,549
443376,73
23840,102
144558,250
-1,0
-1,2
-1,0
98511,9
50462,171
32331,9
180361,351
7755,254
31830,281
84408,1
53454,20
59919,616
37172,373
74466,118
356214,220
305547,502
-1,0
137410,110
160901,847
