136673,2274,529569835
61259,99,25972757
34607,99,25707954
67714,99,48882837
43114,99,74948945
41129,99,77425564
56246,99,13438390
39036,99,40033473
50204,99,19396962
215843,99,13090079
322978,97,10986782
97307,99,13310509
206065,99,13143377
92515,99,13860719
198060,92,7011038
101927,99,13612971
146517,99,13044257
148497,95,9073578
38640,99,17828243
26876,99,28113591
94626,99,18239481
149028,94,8159012
160643,97,11179592
116164,99,13106483
792098,17,3241
-1,0
-1,0
-1,0
-1,0
-1,0
-1,0
-1,0
80569,834
56901,168
86542,123
104640,199
132036,204
52265,99
87425,41
284238,560
-1,1418
83020,1232
135296,277
123284,20698
45940,706
65266,679
3054,5190
-1,0
155023,253
85900,109
44838,835
-1,0
268521,6
60928,366
-1,3
203933,384
28300,756
24337,177
135876,39
239188,25
58014,414
144806,43
70723,111
168615,196
180490,295
184217,169
157017,25
-1,0
19150,1222
78754,614
356592,55
157774,164
22271,213
81940,250
288467,125
278418,1124
84576,215
23340,575
192863,115
-1,0
-1,0
68617,5
62210,421
74589,31
-1,0
365228,5
12054,755
133736,138
181768,25
263936,52
-1,0
28599,70
-1,0
27697,549
442255,73
23815,102
143887,250
-1,0
-1,2
-1,0
98097,9
50358,171
32242,9
180101,351
7743,254
31731,281
84353,1
53422,20
59630,616
37114,373
74344,118
355853,220
305213,502
-1,0
137112,110
160695,847
