143406,2274,529569835
62919,99,25972757
36065,99,25707954
71818,99,48882837
45625,99,74948945
43231,99,77425564
58050,99,13438390
41691,99,40033473
51869,99,19396962
222547,99,13090079
328010,97,10986782
100570,99,13310509
210566,99,13143377
96029,99,13860719
202876,92,7011038
105597,99,13612971
150548,99,13044257
152494,95,9073578
39379,99,17828243
28477,99,28113591
97512,99,18239481
153774,94,8159012
165734,97,11179592
119881,99,13106483
861862,17,3241
-1,0
-1,0
-1,0
-1,0
-1,0
-1,0
-1,0
83600,834
59813,168
89474,123
107344,199
135702,204
54320,99
89758,41
286079,560
-1,1418
84292,1232
142561,277
130464,20698
49637,706
68562,679
3139,5190
-1,0
164490,253
88541,109
45782,835
-1,0
273880,6
61794,366
-1,3
207734,384
28621,756
25891,177
138028,39
243686,25
59359,414
146662,43
72379,111
170658,196
183229,295
186248,169
163586,25
-1,0
20699,1222
80089,614
367030,55
166354,164
23041,213
83053,250
290633,125
280519,1124
85825,215
23921,575
206125,115
-1,0
-1,0
70982,5
63929,421
77313,31
-1,0
371710,5
12756,755
140266,138
184456,25
271222,52
-1,0
29767,70
-1,0
28952,549
456107,73
24211,102
152184,250
-1,0
-1,2
-1,0
103633,9
51717,171
33393,9
183109,351
7869,254
33079,281
85015,1
53989,20
63648,616
37832,373
76010,118
361260,220
309367,502
-1,0
140501,110
163158,847
