140994,2274,529569835
62342,99,25972757
35563,99,25707954
70366,99,48882837
44727,99,74948945
42499,99,77425564
57443,99,13438390
40788,99,40033473
51249,99,19396962
220086,99,13090079
326097,97,10986782
99587,99,13310509
208918,99,13143377
94838,99,13860719
201238,92,7011038
104141,99,13612971
149044,99,13044257
151172,95,9073578
39063,99,17828243
27978,99,28113591
96413,99,18239481
151918,94,8159012
163834,97,11179592
118570,99,13106483
838817,17,3241
-1,0
-1,0
-1,0
-1,0
-1,0
-1,0
-1,0
82380,834
58641,168
88265,123
106284,199
134372,204
53520,99
88858,41
285731,560
-1,1418
83852,1232
140010,277
127924,20698
48236,706
67345,679
3106,5190
-1,0
161097,253
87486,109
45412,835
-1,0
271693,6
61749,366
-1,3
206258,384
28528,756
25345,177
137251,39
241985,25
58879,414
145984,43
71686,111
169829,196
182147,295
185454,169
161043,25
-1,0
20114,1222
79576,614
363299,55
163508,164
22743,213
82580,250
289751,125
279712,1124
85347,215
23683,575
201195,115
-1,0
-1,0
70107,5
63327,421
76325,31
-1,0
369323,5
12494,755
137639,138
183399,25
268690,52
-1,0
29346,70
-1,0
28399,549
451375,73
24065,102
149329,250
-1,0
-1,2
-1,0
101499,9
51190,171
32930,9
182012,351
7838,254
32545,281
84796,1
53773,20
62090,616
37595,373
75357,118
359158,220
308112,502
-1,0
139268,110
162158,847
