142707,2274,529569835
62742,99,25972757
35910,99,25707954
71350,99,48882837
45354,99,74948945
43020,99,77425564
57856,99,13438390
41403,99,40033473
51672,99,19396962
221808,99,13090079
327411,97,10986782
100280,99,13310509
210045,99,13143377
95688,99,13860719
202341,92,7011038
105198,99,13612971
150067,99,13044257
152053,95,9073578
39262,99,17828243
28325,99,28113591
97213,99,18239481
153224,94,8159012
165109,97,11179592
119535,99,13106483
855066,17,3241
-1,0
-1,0
-1,0
-1,0
-1,0
-1,0
-1,0
83207,834
59453,168
89136,123
107030,199
135327,204
54069,99
89488,41
285908,560
-1,1418
84068,1232
141773,277
129652,20698
49242,706
68214,679
3131,5190
-1,0
163500,253
88226,109
45670,835
-1,0
273272,6
61542,366
-1,3
207306,384
28595,756
25711,177
137818,39
243195,25
59231,414
146452,43
72178,111
170428,196
182917,295
186029,169
162910,25
-1,0
20538,1222
79963,614
365979,55
165606,164
22960,213
82912,250
290386,125
280294,1124
85700,215
23860,575
204732,115
-1,0
-1,0
70725,5
63753,421
77018,31
-1,0
370975,5
12690,755
139524,138
184152,25
270506,52
-1,0
29651,70
-1,0
28762,549
454691,73
24169,102
151377,250
-1,0
-1,2
-1,0
103027,9
51547,171
33250,9
182795,351
7859,254
32908,281
84937,1
53932,20
63195,616
37750,373
75782,118
360637,220
308893,502
-1,0
140146,110
162869,847
