13813,2376,733379909
29647,99,34172990
52865,99,22685501
51330,99,58948974
43125,99,75641947
51001,99,70349571
12742,99,14814057
30411,99,44598521
5445,99,131016294
46015,99,17861668
94593,99,13445800
49821,99,15038449
24134,99,20698353
123101,99,13490588
67795,99,13260235
33694,99,17110384
51803,99,13621282
3683,99,23539028
20219,99,24076252
19686,99,31614436
223467,99,13903230
41178,99,13633459
27405,99,18915520
12578,99,13922467
9249,99,17020903
-1,0
-1,0
-1,0
-1,0
-1,0
-1,0
-1,0
16522,2245
30631,314
15803,541
12216,810
48627,362
62405,88
26639,130
409334,508
-1,2500
-1,0
219930,216
179040,2390
17854,906
139959,340
34447,1872
24571,169
171831,208
44173,355
90617,592
41611,1165
26585,67
111110,153
-1,0
115275,799
28501,755
20569,217
192278,25
242303,25
45870,516
9718,932
167439,53
17002,1277
19548,1355
16420,1315
65527,50
-1,0
22435,1139
151153,320
76761,655
29144,761
343751,41
14734,793
83396,471
896,13052
101734,160
26029,538
36485,353
122689,5
-1,0
126057,3
75395,311
109923,12
-1,0
7241,118
39364,414
38939,664
166412,26
17212,871
87165,132
75056,51
-1,0
182584,11
291493,109
31578,88
303934,22
26767,277
-1,1
323479,48
-1,4
107260,14
-1,0
2530,5744
109905,65
184280,15
-1,0
2951,79
174176,15
85572,129
30814,321
209248,481
21282,791
-1,0
9490,1080
124779,1088
