13456,2376,733264296
29381,99,34172990
52204,99,22685501
50386,99,58948974
42495,99,75641947
50284,99,70349571
12598,99,14814057
29820,99,44598521
5411,99,131016294
45461,99,17861668
93925,99,13445800
49236,99,15038449
23983,99,20698353
121854,99,13490588
67180,99,13260235
33396,99,17110384
51202,99,13621282
3679,99,23423415
20141,99,24076252
19333,99,31614436
221697,99,13903230
40664,99,13633459
27045,99,18915520
12422,99,13922467
8922,99,17020903
-1,0
-1,0
-1,0
-1,0
-1,0
-1,0
-1,0
16296,2245
30189,314
15668,541
12146,810
48099,362
61869,88
26400,130
408451,508
-1,2500
-1,0
216593,216
176343,2390
17475,906
138219,340
34166,1872
24215,169
169079,208
43736,355
90196,592
40425,1165
26409,67
110556,153
-1,0
114772,799
28380,755
20080,217
191492,25
241159,25
45563,516
9686,932
166690,53
16980,1277
19506,1355
16381,1315
64589,50
-1,0
21964,1139
150497,320
76395,655
28680,761
341560,41
14695,793
83230,471
891,13052
101376,160
25871,538
35597,353
-1,4
-1,0
125524,3
74867,311
108668,12
-1,0
7163,118
38780,414
38443,664
165775,26
17150,871
82463,132
74458,51
-1,0
180934,11
288756,109
31413,88
299347,22
26322,277
-1,1
317968,48
-1,4
106503,14
-1,0
2497,5744
109361,65
182447,15
-1,0
2935,79
171823,15
85158,129
30700,321
208452,481
21170,791
-1,0
9408,1080
124356,1088
