14690,2376,733379909
30234,99,34172990
54127,99,22685501
53401,99,58948974
44781,99,75641947
52657,99,70349571
13101,99,14814057
31783,99,44598521
5511,99,131016294
47380,99,17861668
96371,99,13445800
51094,99,15038449
24619,99,20698353
125738,99,13490588
68953,99,13260235
34392,99,17110384
53227,99,13621282
3694,99,23539028
20397,99,24076252
20465,99,31614436
227730,99,13903230
42213,99,13633459
28015,99,18915520
12998,99,13922467
10089,99,17020903
-1,0
-1,0
-1,0
-1,0
-1,0
-1,0
-1,0
17088,2245
31852,314
16259,541
12443,810
49982,362
63907,88
27306,130
410910,508
-1,2500
-1,0
227259,216
184870,2390
18978,906
144241,340
35122,1872
25585,169
178263,208
45241,355
91852,592
44008,1165
27160,67
112067,153
-1,0
116672,799
28707,755
21352,217
194407,25
245390,25
46579,516
9765,932
169634,53
17135,1277
19696,1355
16542,1315
67946,50
-1,0
23588,1139
152912,320
77762,655
30264,761
349277,41
14860,793
83912,471
906,13052
102763,160
26481,538
38567,353
151957,5
-1,0
127525,3
76705,311
113067,12
-1,0
7430,118
40889,414
40331,664
168212,26
17386,871
96410,132
76532,51
-1,0
187007,11
297520,109
31910,88
313720,22
28264,277
-1,1
337951,48
-1,4
109402,14
-1,0
2590,5744
111425,65
189365,15
-1,0
3004,79
180089,15
86537,129
31206,321
211419,481
21616,791
-1,0
9705,1080
125976,1088
