13717,2376,733379909
29574,99,34172990
52703,99,22685501
51096,99,58948974
42968,99,75641947
50823,99,70349571
12710,99,14814057
30272,99,44598521
5438,99,131016294
45834,99,17861668
94383,99,13445800
49668,99,15038449
24095,99,20698353
122747,99,13490588
67644,99,13260235
33581,99,17110384
51664,99,13621282
3678,99,23539028
20186,99,24076252
19608,99,31614436
222972,99,13903230
41048,99,13633459
27285,99,18915520
12539,99,13922467
9167,99,17020903
-1,0
-1,0
-1,0
-1,0
-1,0
-1,0
-1,0
16474,2245
30517,314
15775,541
12199,810
48512,362
62286,88
26574,130
409036,508
-1,2500
-1,0
218980,216
178336,2390
17758,906
139514,340
34370,1872
24479,169
171103,208
44060,355
90505,592
41325,1165
26543,67
110972,153
-1,0
115164,799
28464,755
20487,217
192034,25
241973,25
45781,516
9716,932
167244,53
16998,1277
19544,1355
16411,1315
65307,50
-1,0
22300,1139
150948,320
76655,655
29040,761
343175,41
14723,793
83332,471
895,13052
101622,160
25988,538
36220,353
116000,5
-1,0
125922,3
75245,311
109680,12
-1,0
7217,118
39223,414
38806,664
166212,26
17232,871
86096,132
74905,51
-1,0
182125,11
290758,109
31534,88
302775,22
26679,277
-1,1
322154,48
-1,4
107066,14
-1,0
2519,5744
109773,65
183790,15
-1,0
2948,79
173556,15
85459,129
30820,321
209033,481
21254,791
-1,0
9468,1080
124657,1088
