13479,2376,733379909
29389,99,34172990
52227,99,22685501
50446,99,58948974
42528,99,75641947
50334,99,70349571
12599,99,14814057
29862,99,44598521
5407,99,131016294
45490,99,17861668
93888,99,13445800
49266,99,15038449
23973,99,20698353
121872,99,13490588
67165,99,13260235
33412,99,17110384
51228,99,13621282
3657,99,23539028
20126,99,24076252
19377,99,31614436
221682,99,13903230
40669,99,13633459
27074,99,18915520
12428,99,13922467
8954,99,17020903
-1,0
-1,0
-1,0
-1,0
-1,0
-1,0
-1,0
16317,2245
30227,314
15683,541
12138,810
48134,362
61889,88
26407,130
407930,508
-1,2500
-1,0
216576,216
176114,2390
17498,906
138288,340
34152,1872
24231,169
169219,208
43742,355
90182,592
40454,1165
26405,67
110444,153
-1,0
114721,799
28359,755
20138,217
191258,25
240889,25
45543,516
9676,932
166605,53
16969,1277
19493,1355
16369,1315
64662,50
-1,0
21997,1139
150349,320
76345,655
28713,761
341567,41
14692,793
83080,471
890,13052
101309,160
25864,538
35678,353
106288,5
-1,0
125494,3
74794,311
108612,12
-1,0
7172,118
38814,414
38431,664
165547,26
17130,871
82983,132
74457,51
-1,0
180848,11
288663,109
31414,88
299579,22
26340,277
-1,1
318051,48
-1,4
106453,14
-1,0
2498,5744
109293,65
182343,15
-1,0
2933,79
171860,15
85098,129
30683,321
208254,481
21156,791
-1,0
9414,1080
124221,1088
