13583,2376,726624416
29245,99,34172990
51878,99,22684663
50007,99,58820152
42212,99,75487671
50216,99,70093439
12500,99,14811734
29786,99,44436083
5397,99,131016294
45156,99,17861668
93558,99,13445800
48991,99,15038449
23885,99,20698353
121131,99,13490588
67282,99,13257535
33341,99,17092417
50887,99,13621282
3667,99,23423310
31758,99,19339471
19060,99,31606546
220709,99,13903230
40526,99,13632159
26910,99,18914512
28879,99,13469709
9951,99,16306361
-1,0
-1,0
-1,0
-1,0
-1,0
-1,0
-1,0
18098,2115
29958,314
15596,541
16646,680
47733,362
61610,88
26299,130
407761,508
-1,2500
-1,0
215260,216
174989,2390
17997,897
137147,340
33998,1872
24022,169
167415,208
43465,355
89985,592
39751,1165
26305,67
110211,153
-1,0
115774,789
28357,755
20001,217
191044,25
240566,25
45415,516
9682,932
166273,53
16957,1277
19484,1355
16361,1315
64067,50
-1,0
21698,1139
150119,320
76198,655
28363,761
340326,41
14671,793
83107,471
889,13052
101184,160
25805,538
35133,353
-1,4
-1,0
125234,3
74560,311
107878,12
-1,0
7118,118
42735,384
38182,664
165436,26
17120,871
78809,132
74164,51
-1,0
180013,11
287305,109
31328,88
296436,22
26023,277
-1,1
-1,2
-1,4
106032,14
-1,0
2474,5744
109042,65
181324,15
-1,0
2929,79
170434,15
84878,129
30604,321
208011,481
21103,791
-1,0
10175,1029
124114,1088
