13474,2376,733264296
29397,99,34172990
52245,99,22685501
50438,99,58948974
42523,99,75641947
50321,99,70349571
12603,99,14814057
29857,99,44598521
5412,99,131016294
45480,99,17861668
93966,99,13445800
49267,99,15038449
23990,99,20698353
121927,99,13490588
67209,99,13260235
33418,99,17110384
51228,99,13621282
3681,99,23423415
20142,99,24076252
19365,99,31614436
221791,99,13903230
40690,99,13633459
27063,99,18915520
12427,99,13922467
8935,99,17020903
-1,0
-1,0
-1,0
-1,0
-1,0
-1,0
-1,0
16310,2245
30212,314
15676,541
12147,810
48128,362
61904,88
26415,130
408509,508
-1,2500
-1,0
216753,216
176453,2390
17490,906
138313,340
34176,1872
24230,169
169235,208
43770,355
90217,592
40485,1165
26423,67
110606,153
-1,0
114799,799
28388,755
20118,217
191536,25
241245,25
45580,516
9689,932
166750,53
16980,1277
19511,1355
16381,1315
64644,50
-1,0
21990,1139
150524,320
76411,655
28710,761
341699,41
14700,793
83240,471
892,13052
101391,160
25881,538
35647,353
105377,5
-1,0
125554,3
74895,311
108726,12
-1,0
7169,118
38810,414
38470,664
165819,26
17148,871
82763,132
74501,51
-1,0
181038,11
288895,109
31420,88
299646,22
26349,277
-1,1
318251,48
-1,4
106541,14
-1,0
2499,5744
109389,65
182532,15
-1,0
2937,79
171949,15
85193,129
30704,321
208507,481
21181,791
-1,0
9414,1080
124379,1088
