67517,2355,466519025
297017,99,14278846
101105,99,18428192
98094,99,38513683
80384,99,55458871
64047,99,61959333
89890,99,13204376
81591,99,29436432
173187,99,13649326
223328,99,13075023
109361,99,13324651
212938,97,11406511
296090,99,13058914
75645,99,14181783
175199,95,8992385
156845,99,13110005
32052,99,14391604
125527,99,13035551
200049,99,13035162
70504,99,19891115
22448,99,34893415
137271,96,9691619
162464,97,10924657
32427,99,13433846
148517,89,5143725
-1,0
-1,0
-1,0
-1,0
-1,0
-1,0
-1,0
95466,739
411713,16
61967,175
108704,192
119545,219
72184,78
64135,59
160521,688
-1,2410
232299,240
28712,696
85994,31502
37055,750
177195,230
10210,3263
113204,51
57791,906
8965,1548
148504,433
372142,50
331094,5
167620,68
110522,137
285003,168
81394,303
92791,9
122145,46
115913,58
36239,620
-1,1
189747,50
86028,402
246322,216
187575,165
143061,25
-1,1
45316,689
67278,692
328779,69
322464,50
58721,133
273475,32
551981,33
289503,1070
111561,134
41651,388
119817,205
-1,0
-1,0
152295,2
128791,96
107821,12
-1,0
362490,5
16617,656
342973,29
146288,32
165100,100
124054,51
325269,21
-1,2
119362,49
58398,347
159657,27
86832,404
87585,106
32406,420
114865,248
16689,646
55971,139
-1,0
302056,54
50904,115
123770,50
108420,1
39007,24
73111,421
-1,4
18075,508
541584,72
267818,529
98844,125
102821,160
112237,1186
