67733,2355,466596328
297608,99,14278846
101326,99,18428192
98378,99,38513683
80578,99,55458871
64191,99,61959333
90038,99,13204376
81852,99,29436432
173351,99,13650601
223708,99,13075023
109537,99,13324651
212697,97,11480559
296537,99,13058914
75804,99,14181783
175513,95,8992385
157110,99,13110005
32120,99,14391604
125777,99,13035551
200372,99,13035162
70694,99,19891115
22480,99,34893415
137501,96,9691619
162736,97,10924657
32330,99,13435826
149072,89,5143725
-1,0
-1,0
-1,0
-1,0
-1,0
-1,0
-1,0
95614,739
412245,16
62067,175
108854,192
119720,219
72309,78
64228,59
160660,688
-1,2410
232553,240
28813,696
86370,31502
37154,750
177553,230
10223,3263
113511,51
57967,906
8989,1548
148653,433
374460,50
331518,5
167905,68
110715,137
285378,168
81498,303
93164,9
122321,46
116088,58
36281,620
-1,1
189967,50
86111,402
246590,216
187760,165
143378,25
-1,1
45451,689
67351,692
329364,69
323275,50
58804,133
273795,32
552723,33
289774,1070
111673,134
41702,388
120140,205
-1,1
-1,0
152483,2
129041,96
108093,12
-1,0
362932,5
16654,656
343775,29
146506,32
165388,100
125413,51
325738,21
-1,2
119579,49
56371,355
159873,27
87052,404
87884,106
32515,420
115305,248
16751,646
56047,139
-1,0
302498,54
50952,115
124051,50
108572,1
39042,24
73309,421
-1,4
18096,508
542448,72
268133,529
99216,125
102990,160
112409,1186
