65172,2361,474487689
299667,99,14278926
99086,99,18614956
98101,99,38937843
79754,99,56102646
62933,99,63028714
88003,99,13218084
80624,99,29806319
174555,99,13650809
225366,99,13075048
110063,99,13325737
211438,98,11836767
298027,99,13058914
66835,99,14384077
176550,95,8998516
132591,99,13263276
32207,99,14401419
125179,99,13035963
201274,99,13035208
70109,99,20035986
22602,99,34916767
129867,98,11812597
162690,97,11153215
31379,99,13449739
125488,92,7066163
-1,0
-1,0
-1,0
-1,0
-1,0
-1,0
-1,0
95921,742
414891,16
62550,175
107994,195
120512,219
72842,78
64690,59
161042,688
-1,2410
233375,240
28934,699
87610,31502
36059,760
179376,230
10302,3263
115040,51
58802,906
9062,1548
149264,433
385513,50
333089,5
168643,68
111758,137
286596,168
81852,303
94569,9
122804,46
116601,58
36477,620
-1,1
190637,50
86318,402
247566,216
188248,165
144886,25
-1,1
46230,689
67605,692
331547,69
326484,50
59228,133
274852,32
554188,33
290369,1070
112044,134
41938,388
122168,205
-1,1
-1,0
153332,2
129897,96
109206,12
-1,0
364534,5
16877,656
347255,29
147055,32
166278,100
132716,51
327389,21
-1,3
120528,49
56818,355
160675,27
88155,404
89072,106
32198,441
117448,248
17053,646
56368,139
-1,0
303966,54
49864,117
125167,50
108742,1
39139,24
74346,421
-1,4
18127,508
544748,72
269136,529
100941,125
103596,160
111516,1200
