64999,2366,481784461
304536,99,14281939
100876,99,18628514
100153,99,39300187
81340,99,56486864
63476,99,63753829
89434,99,13218854
83135,99,29866971
177823,99,13652349
229691,99,13075323
106805,99,13361114
213492,98,11986473
301870,99,13058914
60601,99,14542799
172960,96,10046656
123448,99,13378208
32669,99,14423294
127224,99,13036053
204206,99,13035208
72266,99,20035986
23137,99,34916767
129398,98,13023015
164125,97,11529943
32161,99,13453373
115744,96,9691828
-1,0
-1,0
-1,0
-1,0
-1,0
-1,0
-1,0
97143,748
422675,16
64095,175
106388,201
122702,219
74531,78
65889,59
161531,688
-1,2410
235372,240
29665,699
90939,31502
37443,763
184384,230
10491,3263
119922,51
61345,906
9315,1548
151125,433
413437,50
337670,5
170074,68
114564,137
290584,168
82562,303
97543,9
124105,46
118087,58
37070,620
-1,1
192822,50
86871,402
250469,216
189692,165
149374,25
-1,1
48550,689
68403,692
337519,69
334618,50
60474,133
278161,32
557844,33
291869,1070
113165,134
42584,388
128422,205
78509,50
-1,0
155793,2
132154,96
112299,12
-1,0
368846,5
17518,656
357343,29
148541,32
168466,100
149812,51
331812,21
-1,3
123316,49
55634,363
162615,27
91041,404
93453,106
30101,531
124298,248
18011,646
57075,141
-1,0
307868,54
48758,119
128736,50
109005,1
39406,24
77509,421
-1,4
18303,508
509642,100
271337,529
105928,125
105288,160
112473,1200
