65250,2365,480923777
303772,99,14281939
100600,99,18628514
99630,99,39300187
80943,99,56486864
63199,99,63753829
89238,99,13218854
82703,99,29866971
177337,99,13652349
229052,99,13075323
106516,99,13361114
212997,98,11986473
301305,99,13058914
60393,99,14542579
172554,96,10046656
123062,99,13378208
32511,99,14423245
126867,99,13036053
203737,99,13035208
71987,99,20035986
23057,99,34916767
129036,98,13023015
163639,97,11525143
32011,99,13453373
118977,95,8836213
-1,0
-1,0
-1,0
-1,0
-1,0
-1,0
-1,0
96821,748
421611,16
63861,175
106149,201
122394,219
74283,78
65715,59
161462,688
-1,2410
235011,240
29575,699
90450,31502
37206,763
183723,230
10464,3263
119277,51
61003,906
9272,1548
150866,433
409011,50
337011,5
169699,68
114150,137
289980,168
82472,303
97110,9
123940,46
117890,58
37005,620
-1,1
192544,50
86801,402
250064,216
189525,165
148845,25
-1,1
48218,689
68306,692
336747,69
333616,50
60303,133
277733,32
557290,33
291673,1070
113016,134
42513,388
127575,205
76909,50
-1,0
155442,2
131853,96
111712,12
-1,0
368233,5
17429,656
356008,29
148304,32
168200,100
147806,51
331217,21
-1,3
122906,49
55503,363
162349,27
90651,404
92898,106
29869,531
123305,248
17868,646
56927,141
-1,0
307347,54
48720,119
128168,50
108963,1
39384,24
77027,421
-1,4
18262,508
508842,100
270964,529
105266,125
105063,160
112320,1200
