65164,2364,480310854
302740,99,14281939
100163,99,18628514
98909,99,39300187
80350,99,56486864
62792,99,63753829
88864,99,13218854
82045,99,29866971
176480,99,13652349
227942,99,13075323
106046,99,13361114
212153,98,11986473
300454,99,13058914
60134,99,14540159
171906,96,10046656
122332,99,13378208
32265,99,14423231
126303,99,13036053
203060,99,13035208
71484,99,20035986
22913,99,34916767
128344,98,13023015
163115,97,11472343
31708,99,13453373
120492,94,8278524
-1,0
-1,0
-1,0
-1,0
-1,0
-1,0
-1,0
96227,748
419634,16
63450,175
105707,201
121861,219
73846,78
65390,59
161521,688
-1,2410
234669,240
29421,699
89666,31502
36763,763
182449,230
10420,3263
118136,51
60400,906
9218,1548
150396,433
403020,50
335915,5
169696,68
113449,137
289020,168
82288,303
96407,9
123630,46
117491,58
36864,620
-1,1
191991,50
86652,402
249354,216
189156,165
147632,25
-1,1
47617,689
68114,692
335365,69
331817,50
59981,133
276902,32
556472,33
291316,1070
112749,134
42341,388
125987,205
74168,50
-1,0
154826,2
131343,96
111011,12
-1,0
367203,5
17281,656
353356,29
147925,32
167697,100
143968,51
330191,21
-1,3
122209,49
55323,363
161876,27
89915,404
91869,106
29489,531
121733,248
17621,646
56680,141
-1,0
306441,54
48632,119
127284,50
108908,1
39311,24
76242,421
-1,4
18234,508
507589,100
270621,529
104030,125
104644,160
112054,1200
