22763,2376,613209865
95273,99,22097788
58145,99,22166363
31921,99,79075858
52045,99,70385600
52369,99,70405219
35954,99,13686627
104112,99,26943031
51872,99,19380895
50846,99,17298746
34022,99,15139376
65449,99,14208197
30665,99,18818169
65912,99,14432022
31175,99,14292362
78643,99,14143534
27298,99,14777024
50179,99,13498859
78071,99,14472426
20714,99,31438387
44803,99,25336331
58871,99,13240204
10702,99,30976430
52455,99,13303610
4115,99,23692807
-1,0
-1,0
-1,0
-1,0
-1,0
-1,0
-1,0
23019,1904
34213,294
15994,545
75774,269
30443,452
10510,250
40926,94
-1,466
-1,2260
-1,0
250475,204
143104,11080
6836,1123
4458,2448
21962,2366
26757,163
3193,3723
-1,1
47078,824
78016,744
20998,82
-1,0
237637,23
41942,1600
212534,58
-1,0
-1,1
247519,25
121678,170
109483,68
68791,116
143545,242
157197,336
143730,237
32051,77
15834,371
33333,926
86907,574
41015,1215
34750,694
148535,83
24434,546
220204,182
139959,2117
29763,634
22505,599
123356,210
8698,319
49884,61
31231,11
131294,97
-1,2
66603,10
191311,10
46517,377
65863,380
178111,25
60399,266
7232,1039
101357,46
-1,0
-1,1
152430,185
197547,21
124601,313
40497,216
24369,685
320978,55
16527,688
-1,0
-1,0
16182,2725
47242,121
122641,55
-1,0
46442,22
5101,3129
-1,1
-1,0
298113,306
29967,729
130458,67
46173,360
109473,1224
