22213,2376,613110837
94586,99,22097788
57555,99,22166363
31373,99,79075858
51252,99,70385600
51619,99,70405219
35597,99,13686627
102662,99,26942965
51389,99,19380895
50140,99,17298746
33716,99,15139376
64776,99,14208197
30401,99,18818169
65146,99,14432022
31015,99,14292362
77731,99,14143534
26911,99,14777024
49866,99,13498859
77580,99,14472426
20333,99,31438387
44326,99,25336331
58184,99,13240204
10637,99,30976430
51700,99,13303610
4000,99,23593845
-1,0
-1,0
-1,0
-1,0
-1,0
-1,0
-1,0
22685,1904
33604,294
15785,545
75172,269
29991,452
10329,250
40519,94
-1,466
-1,2260
-1,0
247061,204
141015,11080
6647,1123
4380,2448
21751,2366
26257,163
3122,3723
-1,1
46775,824
76430,744
20790,82
-1,0
235448,23
41754,1600
211503,58
-1,0
-1,1
246144,25
120939,170
109188,68
68228,116
143029,242
156528,336
143239,237
31405,77
15281,371
32604,926
86468,574
40758,1215
34196,694
147324,83
24350,546
219663,182
139642,2117
29644,634
22310,599
120478,210
7835,319
46845,61
31037,11
130305,97
-1,2
64623,10
190261,10
45766,377
64816,380
177234,25
60124,266
6778,1039
100584,46
-1,0
-1,1
151276,185
196288,21
122730,313
39499,216
23749,685
314767,55
16115,688
-1,0
-1,0
16057,2725
47056,121
121074,55
-1,0
46298,22
4979,3129
-1,1
-1,0
296728,306
29802,729
127813,67
45767,360
108999,1224
