21719,2376,604090954
94444,99,21967344
57932,99,21938642
32101,99,76379891
51981,99,68705663
52598,99,68577969
41009,99,13581721
101634,99,26625119
50302,99,19380621
48844,99,17287773
33135,99,15139376
72054,99,13847474
29892,99,18818169
65306,99,14393066
30370,99,14291333
76127,99,14142116
27128,99,14688602
48857,99,13498399
76502,99,14472381
21409,99,30457524
43428,99,25336331
56686,99,13239116
10309,99,30975910
50374,99,13302050
3892,99,23044364
-1,0
-1,0
-1,0
-1,0
-1,0
-1,0
-1,0
23050,1857
32479,294
15528,543
78203,257
33171,427
10292,246
41509,90
-1,466
-1,2260
-1,0
239197,204
135733,11080
6518,1112
4247,2448
28207,2068
25337,163
2972,3723
-1,1
46165,824
71818,744
20395,82
-1,0
231074,23
41324,1600
208795,58
-1,0
-1,1
243270,25
119357,170
108547,68
67287,116
142042,242
155108,336
142357,237
30125,77
14046,371
31069,926
85560,574
40227,1215
32853,694
144746,83
24198,546
218664,182
139018,2117
29359,634
21973,599
114664,210
50016,35
38691,61
32832,10
127991,97
-1,2
-1,3
188195,10
44047,377
62937,380
175509,25
59451,266
17670,524
98926,46
-1,0
-1,1
148269,185
193374,21
118290,313
37694,216
22458,685
301630,55
15638,675
-1,0
-1,0
17492,2593
46627,121
118084,55
-1,0
45987,22
4746,3129
-1,1
-1,0
293905,306
29346,729
123488,63
44880,360
108132,1224
