21590,2376,600251355
95164,99,21849728
58797,99,21778477
32012,99,75764446
52550,99,67913896
53990,99,67222863
44521,99,13534177
101509,99,26498015
50013,99,19380621
48341,99,17287773
32949,99,15139376
71681,99,13847474
29750,99,18818169
64985,99,14379702
30202,99,14291333
75756,99,14137076
26895,99,14688602
48621,99,13498243
76190,99,14472356
22210,99,29870525
43161,99,25336331
56628,99,13234116
10231,99,30975910
50059,99,13300872
3789,99,23031274
-1,0
-1,0
-1,0
-1,0
-1,0
-1,0
-1,0
22982,1852
32162,294
15423,543
77876,257
33641,422
10194,246
41281,90
-1,466
-1,2260
-1,0
237446,204
134200,11080
6470,1110
4215,2448
35109,1834
25061,163
2938,3723
-1,1
45963,824
70198,744
20292,82
-1,0
229738,23
41165,1600
208214,58
-1,0
-1,1
242463,25
118898,170
108376,68
67004,116
141765,242
154712,336
142112,237
29791,77
13678,371
30597,926
85343,574
40101,1215
32419,694
143945,83
24145,546
218351,182
138758,2117
29280,634
21886,599
112927,210
32601,10
35727,61
127285,97
-1,2
-1,3
187557,10
43493,377
62434,380
174960,25
59270,266
23306,418
98554,46
-1,0
-1,1
147407,185
192199,21
116769,313
37193,216
22046,685
297607,55
15356,675
-1,0
-1,0
17394,2593
46468,121
117156,55
-1,0
45907,22
4677,3129
-1,1
-1,0
293008,306
29252,729
121843,63
44615,360
107870,1224
