21588,2376,602077777
94058,99,21964104
57591,99,21935402
31754,99,76376152
52182,99,68297188
53937,99,67362762
44626,99,13534201
100988,99,26602243
50094,99,19380621
48534,99,17287773
33019,99,15139376
71793,99,13847474
29802,99,18818169
64750,99,14393066
30250,99,14291333
75738,99,14142116
26975,99,14688602
48676,99,13498399
76300,99,14472381
21735,99,30148644
43258,99,25336331
56413,99,13239116
10244,99,30975910
50021,99,13302050
3823,99,23044364
-1,0
-1,0
-1,0
-1,0
-1,0
-1,0
-1,0
22922,1857
32260,294
15457,543
77977,257
32911,427
10217,246
41357,90
-1,466
-1,2260
-1,0
237937,204
134674,11080
6440,1112
4226,2448
35158,1834
25157,163
2946,3723
-1,1
46033,824
70706,744
20332,82
-1,0
230167,23
41231,1600
208389,58
-1,0
-1,1
242769,25
119048,170
108415,68
67113,116
141871,242
154848,336
142205,237
29892,77
13799,371
30753,926
85400,574
40150,1215
32538,694
144218,83
24163,546
218456,182
138866,2117
29302,634
21912,599
113498,210
28369,35
36780,61
32666,10
127508,97
-1,2
-1,3
187748,10
43678,377
62617,380
175170,25
59336,266
16862,524
98648,46
-1,0
-1,1
147664,185
192687,21
117294,313
37364,216
22179,685
298956,55
15431,675
-1,0
-1,0
17429,2593
46513,121
117441,55
-1,0
45932,22
4699,3129
-1,1
-1,0
293292,306
29274,729
122358,63
44707,360
107937,1224
