22636,2376,613209865
95114,99,22097788
58014,99,22166363
31798,99,79075858
51860,99,70385600
52189,99,70405219
35885,99,13686627
103764,99,26943031
51772,99,19380895
50715,99,17298746
33954,99,15139376
65321,99,14208197
30616,99,18818169
65745,99,14432022
31124,99,14292362
78464,99,14143534
27199,99,14777024
50091,99,13498859
77962,99,14472426
20618,99,31438387
44713,99,25336331
58743,99,13240204
10680,99,30976430
52321,99,13303610
4089,99,23692807
-1,0
-1,0
-1,0
-1,0
-1,0
-1,0
-1,0
22958,1904
34078,294
15942,545
75648,269
30363,452
10477,250
40831,94
-1,466
-1,2260
-1,0
249747,204
142629,11080
6800,1123
4450,2448
21917,2366
26673,163
3171,3723
-1,1
47017,824
77634,744
20954,82
-1,0
237208,23
41917,1600
212283,58
-1,0
-1,1
247241,25
121518,170
109411,68
68672,116
143439,242
157079,336
143610,237
31913,77
15723,371
33193,926
86829,574
40971,1215
34657,694
148299,83
24421,546
220104,182
139896,2117
29727,634
22469,599
122780,210
8556,319
49280,61
31193,11
131086,97
-1,2
66143,10
191111,10
46368,377
65662,380
177942,25
60333,266
7138,1039
101202,46
-1,0
-1,1
152165,185
197323,21
124233,313
40329,216
24227,685
319840,55
16445,688
-1,0
-1,0
16159,2725
47196,121
122317,55
-1,0
46411,22
5072,3129
-1,1
-1,0
297810,306
29927,729
129941,67
46097,360
109358,1224
