21952,2376,612915663
94320,99,22097788
57314,99,22166363
31104,99,79075858
50869,99,70385502
51295,99,70404923
35411,99,13686627
101921,99,26942651
51150,99,19380895
49861,99,17298746
33585,99,15139376
65638,99,14153174
30250,99,18818169
64830,99,14431022
30907,99,14292362
77363,99,14143534
26770,99,14777024
49616,99,13498859
77344,99,14472381
20175,99,31438387
44110,99,25336331
57895,99,13240204
10552,99,30976190
51350,99,13303610
3968,99,23455687
-1,0
-1,0
-1,0
-1,0
-1,0
-1,0
-1,0
22545,1904
33349,294
15710,545
74901,269
29797,452
10262,250
40339,94
-1,466
-1,2260
-1,0
245421,204
139913,11080
6563,1122
4346,2448
21672,2366
26019,163
3087,3723
-1,1
46643,824
75457,744
20694,82
-1,0
234462,23
41668,1600
210987,58
-1,0
-1,1
245513,25
120566,170
109043,68
68021,116
142801,242
156202,336
143039,237
31103,77
15031,371
32265,926
86233,574
40638,1215
33932,694
146752,83
24312,546
219387,182
139508,2117
29565,634
22231,599
119180,210
7323,319
45194,61
30965,11
129804,97
-1,2
63818,10
189825,10
45370,377
64385,380
176832,25
59987,266
6563,1039
100211,46
-1,0
-1,1
150703,185
195680,21
121865,313
39029,216
23449,685
311703,55
15912,688
-1,0
-1,0
15996,2725
46967,121
120372,55
-1,0
46231,22
4923,3129
-1,1
-1,0
296079,306
29676,729
126546,67
45561,360
108799,1224
