21910,2376,607240889
95043,99,21967344
57857,99,22016842
31725,99,77499520
51585,99,69390411
52268,99,69233759
39730,99,13605574
101425,99,26816739
50682,99,19380621
49326,99,17287773
33319,99,15139376
72685,99,13847474
30027,99,18818169
64079,99,14430466
30597,99,14291566
76675,99,14143522
27437,99,14688602
49208,99,13498490
76865,99,14472381
21029,99,30814457
43730,99,25336331
57255,99,13239116
10404,99,30975942
50950,99,13302050
4016,99,23044364
-1,0
-1,0
-1,0
-1,0
-1,0
-1,0
-1,0
23109,1866
32861,294
15552,545
77961,259
32650,432
10413,246
41811,90
-1,466
-1,2260
-1,0
241606,204
137438,11080
6594,1114
4290,2448
25670,2175
25622,163
3023,3723
-1,1
46355,824
73480,744
20512,82
-1,0
232521,23
41450,1600
209732,58
-1,0
-1,1
244182,25
119849,170
108716,68
67606,116
142343,242
155529,336
142628,237
30577,77
14490,371
31603,926
85810,574
40380,1215
33373,694
145620,83
24246,546
218855,182
139203,2117
29432,634
22073,599
116675,210
11127,213
41799,61
33089,10
128725,97
-1,2
-1,3
188894,10
44605,377
63548,380
176039,25
59722,266
10048,771
99487,46
-1,0
-1,1
149402,185
194373,21
119867,313
38243,216
22901,685
305919,55
15950,675
-1,0
-1,0
15862,2725
46745,121
119072,55
-1,0
46070,22
4830,3129
-1,1
-1,0
294692,306
29495,729
125388,63
45177,360
108386,1224
