758796,1892,101647087
771330,91,6227552
713888,90,5783455
859828,97,11611130
665088,99,14795622
565655,99,14126972
695823,80,2008646
959667,93,7246596
1256542,75,1263767
1496337,71,898844
1021556,77,1485240
716423,82,2463065
871000,85,3300973
683523,82,2423365
1150534,71,888336
1408676,71,872870
986113,71,858051
831916,75,1320744
1010938,73,1039423
323442,96,10418102
461504,94,8572473
954393,64,421629
895752,73,1074206
709067,82,2546026
-1,1,0
-1,0
-1,0
-1,0
-1,0
-1,0
-1,0
-1,0
781883,58
1008332,4
1206263,3
944458,7
702637,21
288015,18
286650,5
-1,0
-1,2500
203970,301
-1,0
-1,0
-1,211
53402,794
207340,284
-1,0
170043,233
-1,0
1146339,12
-1,0
-1,3
-1,0
-1,0
211041,373
388501,5
-1,0
-1,0
374605,10
261038,32
-1,0
-1,0
-1,0
504436,66
-1,0
380269,16
-1,0
-1,0
-1,0
441834,35
248223,88
293857,49
254306,48
591834,28
201780,1593
-1,0
-1,0
-1,0
-1,0
-1,0
-1,0
-1,0
-1,0
-1,0
-1,0
192341,58
259022,53
298163,6
-1,0
-1,0
226718,29
-1,0
-1,0
-1,0
294983,11
-1,3
-1,0
-1,0
-1,0
-1,0
-1,0
-1,0
309486,51
-1,1
-1,0
-1,0
248389,5
-1,0
-1,0
-1,0
192325,531
772521,152
-1,0
-1,0
428592,107
