748139,1892,101647087
763299,91,6227552
706929,90,5783455
850654,97,11611130
657646,99,14795622
559813,99,14126972
688973,80,2008646
952525,93,7246596
1247250,75,1263767
1483425,71,898844
1014183,77,1485240
709478,82,2463065
863689,85,3300973
675678,82,2423365
1138397,71,888336
1395356,71,872870
976600,71,858051
823850,75,1320744
1000357,73,1039423
319048,96,10418102
456471,94,8572473
945182,64,421629
886993,73,1074206
702131,82,2546026
-1,1,0
-1,0
-1,0
-1,0
-1,0
-1,0
-1,0
-1,0
775329,58
998015,4
1198181,3
937317,7
697610,21
285131,18
283882,5
-1,0
-1,2500
202983,301
-1,0
-1,0
-1,211
52183,794
204083,284
-1,0
165594,233
-1,0
1136007,12
-1,0
-1,3
-1,0
-1,0
209104,373
385462,5
-1,0
-1,0
370676,10
258910,32
-1,0
-1,0
-1,0
499596,66
-1,0
373328,16
-1,0
-1,0
-1,0
435798,35
243198,88
290392,49
251980,48
588971,28
201062,1593
-1,0
-1,0
-1,0
-1,0
-1,0
-1,0
-1,0
-1,0
-1,0
-1,0
188161,58
253168,53
295443,6
-1,0
-1,0
224310,29
-1,0
-1,0
-1,0
291550,11
-1,3
-1,0
-1,0
-1,0
-1,0
-1,0
-1,0
306673,51
-1,1
-1,0
-1,0
247088,5
-1,0
-1,0
-1,0
190938,531
767711,152
-1,0
-1,0
424204,107
