760086,1892,101647087
772403,91,6227552
714866,90,5783455
861067,97,11611130
666047,99,14795622
566342,99,14126972
696737,80,2008646
960695,93,7246596
1257697,75,1263767
1497987,71,898844
1022462,77,1485240
717375,82,2463065
871937,85,3300973
684425,82,2423365
1152046,71,888336
1410220,71,872870
987252,71,858051
832858,75,1320744
1012163,73,1039423
323996,96,10418102
462159,94,8572473
955514,64,421629
896696,73,1074206
709919,82,2546026
-1,1,0
-1,0
-1,0
-1,0
-1,0
-1,0
-1,0
-1,0
782679,58
1009620,4
1207177,3
945286,7
703218,21
288371,18
286955,5
-1,0
-1,2500
204136,301
-1,0
-1,0
-1,211
53556,794
207722,284
-1,0
170578,233
-1,0
1147460,12
-1,0
-1,3
-1,0
-1,0
211279,373
388894,5
-1,0
-1,0
375055,10
261246,32
-1,0
-1,0
-1,0
504985,66
-1,0
380991,16
-1,0
-1,0
-1,0
442477,35
248759,88
294276,49
254578,48
592208,28
201866,1593
-1,0
-1,0
-1,0
-1,0
-1,0
-1,0
-1,0
-1,0
-1,0
-1,0
192858,58
259673,53
298497,6
-1,0
-1,0
227003,29
-1,0
-1,0
-1,0
295400,11
-1,3
-1,0
-1,0
-1,0
-1,0
-1,0
-1,0
309803,51
-1,1
-1,0
-1,0
248533,5
-1,0
-1,0
-1,0
192513,531
773127,152
-1,0
-1,0
429092,107
