735910,1892,101647087
753716,91,6227552
698007,90,5783455
839696,97,11611130
648584,99,14795622
552711,99,14126972
681523,80,2008646
942923,93,7246596
1236986,75,1263767
1468425,71,898844
1006275,77,1485240
701162,82,2463065
855439,85,3300973
666499,82,2423365
1124381,71,888336
1380258,71,872870
965869,71,858051
813887,75,1320744
988481,73,1039423
313762,96,10418102
451137,94,8572473
935088,64,421629
876346,73,1074206
694355,82,2546026
-1,1,0
-1,0
-1,0
-1,0
-1,0
-1,0
-1,0
-1,0
768395,58
986534,4
1188986,3
929710,7
692252,21
282173,18
281078,5
-1,0
-1,2500
201861,301
-1,0
-1,0
-1,211
50879,794
200272,284
-1,0
160558,233
-1,0
1125603,12
-1,0
-1,3
-1,0
-1,0
207217,373
381235,5
-1,0
-1,0
366427,10
256733,32
-1,0
-1,0
-1,0
494900,66
-1,0
365624,16
-1,0
-1,0
-1,0
429249,35
236642,88
286836,49
249913,48
586101,28
200335,1593
-1,0
-1,0
-1,0
-1,0
-1,0
-1,0
-1,0
-1,0
-1,0
-1,0
183542,58
247119,53
292459,6
-1,0
-1,0
221701,29
-1,0
-1,0
-1,0
287638,11
-1,3
-1,0
-1,0
-1,0
-1,0
-1,0
-1,0
303500,51
-1,1
-1,0
-1,0
245730,5
-1,0
-1,0
-1,0
189516,531
761923,152
-1,0
-1,0
419827,107
