759462,1892,101647087
771876,91,6227552
714362,90,5783455
860440,97,11611130
665540,99,14795622
566073,99,14126972
696283,80,2008646
960231,93,7246596
1257145,75,1263767
1497204,71,898844
1022005,77,1485240
716931,82,2463065
871464,85,3300973
683996,82,2423365
1151299,71,888336
1409415,71,872870
986673,71,858051
832373,75,1320744
1011523,73,1039423
323722,96,10418102
461843,94,8572473
954955,64,421629
896212,73,1074206
709529,82,2546026
-1,1,0
-1,0
-1,0
-1,0
-1,0
-1,0
-1,0
-1,0
782305,58
1008988,4
1206741,3
944933,7
702914,21
288200,18
286790,5
-1,0
-1,2500
204048,301
-1,0
-1,0
-1,211
53476,794
207529,284
-1,0
170312,233
-1,0
1146909,12
-1,0
-1,3
-1,0
-1,0
211153,373
388704,5
-1,0
-1,0
374835,10
261149,32
-1,0
-1,0
-1,0
504714,66
-1,0
380638,16
-1,0
-1,0
-1,0
442173,35
248487,88
294067,49
254442,48
592027,28
201831,1593
-1,0
-1,0
-1,0
-1,0
-1,0
-1,0
-1,0
-1,0
-1,0
-1,0
192619,58
259328,53
298343,6
-1,0
-1,0
226863,29
-1,0
-1,0
-1,0
295192,11
-1,3
-1,0
-1,0
-1,0
-1,0
-1,0
-1,0
309648,51
-1,1
-1,0
-1,0
248473,5
-1,0
-1,0
-1,0
192410,531
772809,152
-1,0
-1,0
428856,107
