756543,1892,101647087
769358,91,6227552
712142,90,5783455
857715,97,11611130
663262,99,14795622
564246,99,14126972
694246,80,2008646
957768,93,7246596
1254414,75,1263767
1493360,71,898844
1019911,77,1485240
714897,82,2463065
869232,85,3300973
681855,82,2423365
1147595,71,888336
1405463,71,872870
983897,71,858051
830063,75,1320744
1008585,73,1039423
322487,96,10418102
460428,94,8572473
952198,64,421629
893662,73,1074206
707536,82,2546026
-1,1,0
-1,0
-1,0
-1,0
-1,0
-1,0
-1,0
-1,0
780419,58
1006026,4
1204458,3
942880,7
701579,21
287359,18
286016,5
-1,0
-1,2500
203666,301
-1,0
-1,0
-1,211
53136,794
206637,284
-1,0
169051,233
-1,0
1144009,12
-1,0
-1,3
-1,0
-1,0
210602,373
387735,5
-1,0
-1,0
373720,10
260575,32
-1,0
-1,0
-1,0
503371,66
-1,0
378794,16
-1,0
-1,0
-1,0
440555,35
247151,88
293107,49
253796,48
591215,28
201624,1593
-1,0
-1,0
-1,0
-1,0
-1,0
-1,0
-1,0
-1,0
-1,0
-1,0
191513,58
257677,53
297496,6
-1,0
-1,0
226244,29
-1,0
-1,0
-1,0
294237,11
-1,3
-1,0
-1,0
-1,0
-1,0
-1,0
-1,0
308872,51
-1,1
-1,0
-1,0
248083,5
-1,0
-1,0
-1,0
191994,531
771325,152
-1,0
-1,0
427614,107
