745843,1892,101647087
761471,91,6227552
705215,90,5783455
848462,97,11611130
655898,99,14795622
558402,99,14126972
687487,80,2008646
950904,93,7246596
1245182,75,1263767
1480483,71,898844
1012619,77,1485240
707918,82,2463065
862063,85,3300973
674028,82,2423365
1135788,71,888336
1392488,71,872870
974487,71,858051
821918,75,1320744
998006,73,1039423
318050,96,10418102
455348,94,8572473
943237,64,421629
885006,73,1074206
700589,82,2546026
-1,1,0
-1,0
-1,0
-1,0
-1,0
-1,0
-1,0
-1,0
773870,58
995677,4
1196403,3
935763,7
696563,21
284543,18
283275,5
-1,0
-1,2500
202765,301
-1,0
-1,0
-1,211
51895,794
203331,284
-1,0
164669,233
-1,0
1133758,12
-1,0
-1,3
-1,0
-1,0
208704,373
384755,5
-1,0
-1,0
369732,10
258474,32
-1,0
-1,0
-1,0
498608,66
-1,0
371731,16
-1,0
-1,0
-1,0
434418,35
241993,88
289694,49
251503,48
588331,28
200916,1593
-1,0
-1,0
-1,0
-1,0
-1,0
-1,0
-1,0
-1,0
-1,0
-1,0
187219,58
251881,53
294798,6
-1,0
-1,0
223802,29
-1,0
-1,0
-1,0
290783,11
-1,3
-1,0
-1,0
-1,0
-1,0
-1,0
-1,0
306049,51
-1,1
-1,0
-1,0
246821,5
-1,0
-1,0
-1,0
190674,531
766618,152
-1,0
-1,0
423254,107
