744091,1892,101647087
759946,91,6227552
703864,90,5783455
846809,97,11611130
654532,99,14795622
557286,99,14126972
686322,80,2008646
949213,93,7246596
1243478,75,1263767
1478295,71,898844
1011296,77,1485240
706668,82,2463065
860735,85,3300973
672650,82,2423365
1133476,71,888336
1390188,71,872870
972785,71,858051
820401,75,1320744
996148,73,1039423
317308,96,10418102
454542,94,8572473
941616,64,421629
883396,73,1074206
699324,82,2546026
-1,1,0
-1,0
-1,0
-1,0
-1,0
-1,0
-1,0
-1,0
772822,58
994067,4
1195054,3
934601,7
695720,21
284133,18
282863,5
-1,0
-1,2500
202549,301
-1,0
-1,0
-1,211
51708,794
202778,284
-1,0
163931,233
-1,0
1132092,12
-1,0
-1,3
-1,0
-1,0
208390,373
384123,5
-1,0
-1,0
369051,10
258071,32
-1,0
-1,0
-1,0
497873,66
-1,0
370521,16
-1,0
-1,0
-1,0
433419,35
241088,88
289175,49
251166,48
587817,28
200805,1593
-1,0
-1,0
-1,0
-1,0
-1,0
-1,0
-1,0
-1,0
-1,0
-1,0
186543,58
250879,53
294345,6
-1,0
-1,0
223401,29
-1,0
-1,0
-1,0
290235,11
-1,3
-1,0
-1,0
-1,0
-1,0
-1,0
-1,0
305556,51
-1,1
-1,0
-1,0
246573,5
-1,0
-1,0
-1,0
190457,531
765612,152
-1,0
-1,0
422497,107
