760458,1892,101647087
772752,91,6227552
715185,90,5783455
861398,97,11611130
666363,99,14795622
566596,99,14126972
697034,80,2008646
961035,93,7246596
1258043,75,1263767
1498497,71,898844
1022730,77,1485240
717616,82,2463065
872206,85,3300973
684720,82,2423365
1152575,71,888336
1410742,71,872870
987656,71,858051
833165,75,1320744
1012591,73,1039423
324169,96,10418102
462371,94,8572473
955881,64,421629
897025,73,1074206
710174,82,2546026
-1,1,0
-1,0
-1,0
-1,0
-1,0
-1,0
-1,0
-1,0
782899,58
1010016,4
1207478,3
945547,7
703392,21
288471,18
287066,5
-1,0
-1,2500
204193,301
-1,0
-1,0
-1,211
53606,794
207868,284
-1,0
170739,233
-1,0
1147856,12
-1,0
-1,3
-1,0
-1,0
211360,373
389073,5
-1,0
-1,0
375216,10
261325,32
-1,0
-1,0
-1,0
505173,66
-1,0
381244,16
-1,0
-1,0
-1,0
442680,35
248933,88
294396,49
254664,48
592339,28
201909,1593
-1,0
-1,0
-1,0
-1,0
-1,0
-1,0
-1,0
-1,0
-1,0
-1,0
193032,58
259921,53
298598,6
-1,0
-1,0
227109,29
-1,0
-1,0
-1,0
295524,11
-1,3
-1,0
-1,0
-1,0
-1,0
-1,0
-1,0
309932,51
-1,1
-1,0
-1,0
248592,5
-1,0
-1,0
-1,0
192592,531
773322,152
-1,0
-1,0
429287,107
