752935,1892,101647087
767049,91,6227552
710141,90,5783455
854988,97,11611130
661160,99,14795622
562584,99,14126972
692006,80,2008646
956028,93,7246596
1251349,75,1263767
1489252,71,898844
1017413,77,1485240
712724,82,2463065
867057,85,3300973
679284,82,2423365
1143949,71,888336
1401686,71,872870
980802,71,858051
827613,75,1320744
1005239,73,1039423
320966,96,10418102
458806,94,8572473
949322,64,421629
891050,73,1074206
705336,82,2546026
-1,1,0
-1,0
-1,0
-1,0
-1,0
-1,0
-1,0
-1,0
778373,58
1002785,4
1201886,3
940578,7
699983,21
286417,18
285086,5
-1,0
-1,2500
203448,301
-1,0
-1,0
-1,211
52744,794
205551,284
-1,0
167588,233
-1,0
1140621,12
-1,0
-1,3
-1,0
-1,0
209936,373
386844,5
-1,0
-1,0
372450,10
259852,32
-1,0
-1,0
-1,0
501778,66
-1,0
376475,16
-1,0
-1,0
-1,0
438573,35
245546,88
292014,49
253016,48
590197,28
201371,1593
-1,0
-1,0
-1,0
-1,0
-1,0
-1,0
-1,0
-1,0
-1,0
-1,0
190100,58
255630,53
296650,6
-1,0
-1,0
225451,29
-1,0
-1,0
-1,0
293130,11
-1,3
-1,0
-1,0
-1,0
-1,0
-1,0
-1,0
307977,51
-1,1
-1,0
-1,0
247654,5
-1,0
-1,0
-1,0
191535,531
769935,152
-1,0
-1,0
426142,107
