9497,2376,850440733
2978,99,87141599
20303,99,30794178
19310,99,102588836
10152,99,134339042
9825,99,138694905
29966,99,13822288
31806,99,44429402
22747,99,29550825
75533,99,15038708
52289,99,14221749
49933,99,15106375
64637,99,14956843
30104,99,15380806
85489,99,13178908
57000,99,14921137
3148,99,28938068
73865,99,13237077
83364,99,14269651
27960,99,28250402
64293,99,21594681
38893,99,13786542
26183,99,19507083
20223,99,13637661
70600,99,13053967
-1,0
-1,0
-1,0
-1,0
-1,0
-1,0
170764,3
29273,1652
790942,6
31051,330
55842,341
17158,577
6741,305
41142,93
-1,488
-1,2500
185169,366
252397,203
64404,35388
21576,876
81021,600
49350,1534
-1,3
54253,980
101986,80
87546,606
-1,0
18973,89
31079,801
3786,1901
118560,783
3145,2070
20110,228
68046,100
95597,74
106645,206
3770,1930
227726,40
75744,453
131932,387
77737,441
218655,25
52337,23
166293,79
58293,775
48165,1060
165556,164
282116,51
216403,60
270190,139
16069,5394
25001,718
92084,200
341996,42
-1,1
45091,85
16684,16
20180,1535
57654,52
9298,579
124769,15
15987,682
198620,83
183363,25
294165,46
-1,0
172317,35
18360,16
53216,254
338840,100
253287,15
41600,649
34173,243
52526,165
215514,134
59306,93
2571,1819
10664,198
210021,270
62074,103
22786,362
17791,5
158347,9
51546,832
36612,386
97055,84
156669,650
183324,580
50422,406
77727,223
22435,3514
