8962,2376,848481905
2923,99,86987714
19960,99,30669857
18691,99,102090956
9793,99,133860141
9469,99,138434137
29374,99,13817473
30800,99,44178934
22300,99,29550825
73168,99,15038708
51089,99,14221749
48517,99,15106265
63489,99,14956641
29049,99,15375584
84042,99,13178908
55740,99,14921137
3044,99,28930040
72506,99,13236854
82129,99,14269651
27322,99,28077015
62853,99,21594681
37839,99,13786542
25487,99,19506729
19476,99,13637661
63340,99,13053703
-1,0
-1,0
-1,0
-1,0
-1,0
-1,0
170936,3
28323,1652
777320,6
30280,330
54870,341
16447,577
6424,305
40159,93
-1,488
-1,2500
183772,366
243539,203
61786,35388
20472,873
78265,600
48361,1534
-1,3
51786,980
99881,80
86325,606
-1,0
18538,89
31020,801
3662,1901
117090,783
3124,2070
19206,228
67244,100
94172,74
105073,206
3749,1930
224812,40
75183,453
130619,387
77205,441
214145,25
48830,23
159280,79
57569,775
47529,1060
159479,164
277020,51
213804,60
268622,139
15944,5394
24749,718
90725,200
328783,42
-1,0
40303,66
16110,16
19798,1535
56374,52
7982,579
122968,15
15321,682
191602,83
181352,25
288184,46
-1,0
169436,35
17524,16
51655,254
331375,100
248952,15
40234,649
32337,243
49806,165
204239,134
56455,93
2541,1813
10397,197
207474,270
61362,103
22137,362
17401,5
157125,9
49245,832
36129,386
95594,84
155004,650
181593,580
47243,406
76318,223
22300,3514
