9474,2376,850440733
2978,99,87141599
20285,99,30794178
19277,99,102588836
10133,99,134339042
9803,99,138694905
29935,99,13822288
31730,99,44429402
22731,99,29550825
75418,99,15038708
52234,99,14221749
49868,99,15106375
64589,99,14956843
30064,99,15380806
85420,99,13178908
56922,99,14921137
3141,99,28938068
73815,99,13237077
83315,99,14269651
27937,99,28250402
64246,99,21594681
38844,99,13786542
26166,99,19507083
20197,99,13637661
70361,99,13053967
-1,0
-1,0
-1,0
-1,0
-1,0
-1,0
170773,3
29232,1652
790381,6
31022,330
55808,341
17128,577
6726,305
41100,93
-1,488
-1,2500
185073,366
252050,203
64294,35388
21532,876
80916,600
49311,1534
-1,3
54143,980
101896,80
87495,606
-1,0
18952,89
31058,801
3780,1901
118489,783
3144,2070
20067,228
68020,100
95525,74
106576,206
3769,1930
227592,40
75714,453
131881,387
77716,441
218437,25
52202,23
166006,79
58260,775
48132,1060
165334,164
281907,51
216282,60
270121,139
16066,5394
24996,718
92038,200
341463,42
-1,1
44835,85
16664,16
20158,1535
57610,52
9244,579
124685,15
15960,682
198296,83
183236,25
293963,46
-1,0
172215,35
18312,16
53144,254
338534,100
253130,15
41544,649
34107,243
52402,165
215095,134
59184,93
2567,1819
10652,198
209906,270
62050,103
22760,362
17777,5
158289,9
51443,832
36592,386
96988,84
156598,650
183228,580
50294,406
77676,223
22422,3514
