8725,2376,845714052
2871,99,86859706
19761,99,30584785
18489,99,101267155
9672,99,133225836
9398,99,137742332
29054,99,13814244
30292,99,44019247
22132,99,29550825
72210,99,15027258
50609,99,14221749
48027,99,15106265
63045,99,14955621
28342,99,15362504
83231,99,13178908
55126,99,14916089
2990,99,28928086
71808,99,13236597
81555,99,14269626
27047,99,27886933
62200,99,21594681
37535,99,13781542
25206,99,19506729
19185,99,13636483
69587,99,13040851
-1,0
-1,0
-1,0
-1,0
-1,0
-1,0
171136,3
27941,1652
770809,6
30004,330
54469,341
16064,577
6264,305
39748,93
-1,488
-1,2500
183239,366
240348,203
60650,35388
19954,873
76996,600
47863,1534
-1,3
50488,980
98864,80
85825,606
-1,0
18381,89
30693,801
3613,1901
116389,783
3116,2070
18858,228
66907,100
93666,74
104391,206
3744,1930
223617,40
75001,453
130152,387
77029,441
212222,25
47158,23
156179,79
57314,775
47256,1060
155894,164
274841,51
212900,60
268189,139
15879,5394
24656,718
90122,200
322892,42
15856,16
41795,35
19623,1535
55790,52
7664,567
122116,15
15032,682
188905,83
180555,25
285393,46
-1,0
168181,35
17208,16
50973,254
328175,100
246670,15
39537,649
39382,208
48442,165
199096,134
55100,93
2550,1803
10280,197
206269,270
61078,103
21841,362
17268,5
156682,9
48178,832
35860,386
94818,84
154248,650
180646,580
45843,406
75615,223
22520,3495
