8854,2376,846154683
2891,99,86920618
19784,99,30639236
18686,99,101404836
9761,99,133334513
9470,99,137809973
29233,99,13814244
30582,99,44030516
22194,99,29550825
72689,99,15027258
50818,99,14221749
48143,99,15106265
63219,99,14955621
28838,99,15362504
83570,99,13178908
55422,99,14916089
3007,99,28928086
72065,99,13236597
81757,99,14269626
27402,99,27886933
62431,99,21594681
37686,99,13781542
25307,99,19506729
19320,99,13636483
75370,99,13040851
-1,0
-1,0
-1,0
-1,0
-1,0
-1,0
171088,3
28103,1652
773493,6
30101,330
54625,341
16234,577
6314,305
39904,93
-1,488
-1,2500
183396,366
241518,203
61110,35388
20144,873
77457,600
48059,1534
-1,3
51022,980
99259,80
86010,606
-1,0
18447,89
30803,801
3630,1901
116700,783
3114,2070
18950,228
67039,100
93883,74
104655,206
3743,1930
224119,40
75071,453
130339,387
77094,441
212935,25
47773,23
157373,79
57428,775
47346,1060
157353,164
275725,51
213274,60
268416,139
15909,5394
24698,718
90337,200
325161,42
-1,0
43759,35
15951,16
19689,1535
56008,52
7840,567
122421,15
15143,682
189936,83
180909,25
286538,46
-1,0
168647,35
17329,16
51269,254
329364,100
247661,15
39807,649
31886,243
48986,165
201143,134
55645,93
2547,1806
10336,197
206734,270
61191,103
21965,362
17315,5
156872,9
48588,832
35936,386
95141,84
154569,650
180989,580
46403,406
75872,223
22278,3514
