8816,2376,846017186
2880,99,86920618
19745,99,30639236
18630,99,101335277
9734,99,133300291
9451,99,137782296
29173,99,13814244
30509,99,44024477
22173,99,29550825
72512,99,15027258
50741,99,14221749
48096,99,15106265
63165,99,14955621
28700,99,15362504
83444,99,13178908
55339,99,14916089
3002,99,28928086
71994,99,13236597
81684,99,14269626
27256,99,27886933
62340,99,21594681
37639,99,13781542
25264,99,19506729
19271,99,13636483
74591,99,13040851
-1,0
-1,0
-1,0
-1,0
-1,0
-1,0
171109,3
28046,1652
772482,6
30073,330
54571,341
16172,577
6298,305
39850,93
-1,488
-1,2500
183274,366
241096,203
60943,35388
20078,873
77288,600
47986,1534
-1,3
50826,980
99117,80
85956,606
-1,0
18420,89
30800,801
3626,1901
116604,783
3117,2070
18915,228
67002,100
93809,74
104566,206
3748,1930
223975,40
75056,453
130284,387
77080,441
212666,25
47554,23
156937,79
57389,775
47311,1060
156764,164
275399,51
213166,60
268338,139
15899,5394
24691,718
90279,200
324343,42
-1,0
42976,35
15922,16
19668,1535
55945,52
7759,567
122316,15
15109,682
189539,83
180806,25
286114,46
-1,0
168446,35
17282,16
51165,254
328918,100
247329,15
39735,649
31802,243
48779,165
200467,134
55428,93
2557,1803
10319,197
206568,270
61144,103
21915,362
17302,5
156801,9
48455,832
35901,386
95018,84
154472,650
180862,580
46202,406
75797,223
22284,3514
