9458,2376,850440733
2977,99,87141599
20261,99,30794178
19253,99,102588836
10125,99,134339042
9789,99,138694905
29917,99,13822288
31690,99,44429402
22715,99,29550825
75372,99,15038708
52207,99,14221749
49834,99,15106375
64557,99,14956843
30038,99,15380806
85383,99,13178908
56873,99,14921137
3141,99,28938068
73776,99,13237077
83278,99,14269651
27912,99,28250402
64211,99,21594681
38808,99,13786542
26150,99,19507083
20176,99,13637661
70192,99,13053967
-1,0
-1,0
-1,0
-1,0
-1,0
-1,0
170771,3
29207,1652
790040,6
31003,330
55783,341
17114,577
6716,305
41078,93
-1,488
-1,2500
185023,366
251838,203
64225,35388
21500,876
80855,600
49277,1534
-1,3
54079,980
101845,80
87456,606
-1,0
18936,89
31035,801
3777,1901
118446,783
3141,2070
20041,228
67992,100
95476,74
106539,206
3767,1930
227507,40
75700,453
131841,387
77706,441
218305,25
52094,23
165797,79
58236,775
48108,1060
165185,164
281790,51
216206,60
270073,139
16061,5394
24987,718
91998,200
341146,42
-1,1
44679,85
16649,16
20148,1535
57566,52
9210,579
124638,15
15944,682
198101,83
183182,25
293798,46
-1,0
172133,35
18285,16
53095,254
338355,100
253035,15
41501,649
34053,243
52333,165
214783,134
59110,93
2565,1819
10637,198
209848,270
62028,103
22733,362
17763,5
158259,9
51392,832
36575,386
96954,84
156555,650
183182,580
50220,406
77636,223
22416,3514
