9007,2376,848664101
2919,99,86987714
20007,99,30669857
18717,99,102194302
9812,99,133908244
9495,99,138442158
29419,99,13817473
30859,99,44201660
22331,99,29550825
73314,99,15038708
51161,99,14221749
48638,99,15106265
63558,99,14956641
29147,99,15375584
84171,99,13178908
55801,99,14921137
3056,99,28930040
72610,99,13236854
82189,99,14269651
27416,99,28077015
62945,99,21594681
37933,99,13786542
25544,99,19506729
19531,99,13637661
63812,99,13053703
-1,0
-1,0
-1,0
-1,0
-1,0
-1,0
170910,3
28386,1652
778313,6
30340,330
54939,341
16488,577
6449,305
40214,93
-1,488
-1,2500
183849,366
244238,203
61934,35388
20561,873
78436,600
48421,1534
-1,3
51934,980
100011,80
86399,606
-1,0
18564,89
31051,801
3670,1901
117180,783
3126,2070
19276,228
67283,100
94256,74
105186,206
3754,1930
224993,40
75217,453
130688,387
77240,441
214433,25
49106,23
159757,79
57614,775
47568,1060
159926,164
277367,51
213942,60
268708,139
15949,5394
24766,718
90813,200
329670,42
-1,1
40996,66
16152,16
19825,1535
56484,52
8085,579
123089,15
15370,682
192007,83
181484,25
288627,46
-1,0
169611,35
17565,16
51756,254
331980,100
249248,15
40341,649
32413,243
49991,165
204931,134
56637,93
2537,1814
10394,198
207630,270
61401,103
22172,362
17422,5
157206,9
49412,832
36150,386
95717,84
155096,650
181721,580
47440,406
76400,223
22309,3514
