9269,2376,848921339
2968,99,87041501
20187,99,30723644
19103,99,102248090
10031,99,133962032
9685,99,138442158
29811,99,13817473
31551,99,44201985
22545,99,29550825
74406,99,15038708
51733,99,14221749
49330,99,15106265
64079,99,14956641
29685,99,15377615
84908,99,13178908
56319,99,14921137
3107,99,28930040
73348,99,13236877
82807,99,14269651
27875,99,28116724
63600,99,21594681
38427,99,13786542
25935,99,19506729
19865,99,13637661
67621,99,13053703
-1,0
-1,0
-1,0
-1,0
-1,0
-1,0
170889,3
28834,1652
784815,6
30694,330
55401,341
16813,577
6581,305
40682,93
-1,488
-1,2500
184590,366
248701,203
63156,35388
21226,873
79780,600
48887,1534
-1,3
53110,980
100976,80
86987,606
-1,0
18749,89
31314,801
3724,1901
117867,783
3135,2070
19757,228
67707,100
94909,74
105959,206
3759,1930
226333,40
75473,453
131295,387
77488,441
216504,25
50677,23
162970,79
57958,775
47856,1060
162954,164
279767,51
215183,60
269489,139
16014,5394
24893,718
91485,200
335905,42
-1,1
45037,66
16426,16
20026,1535
57105,52
8654,579
123915,15
15676,682
195371,83
182414,25
291676,46
-1,0
170982,35
17911,16
52450,254
335670,100
251391,15
40973,649
33199,243
51271,165
210228,134
57954,93
2563,1814
10532,198
208868,270
61772,103
22469,362
17607,5
157809,9
50408,832
36388,386
96399,84
155925,650
182769,580
48980,406
77100,223
22375,3514
