8892,2376,848481905
2914,99,86987714
19854,99,30669857
18573,99,102090956
9736,99,133860141
9419,99,138434137
29267,99,13817473
30612,99,44178934
22265,99,29550825
72887,99,15038708
50976,99,14221749
48367,99,15106265
63375,99,14956641
28871,99,15375584
83863,99,13178908
55584,99,14921137
3025,99,28930040
72288,99,13236854
81998,99,14269651
27171,99,28077015
62681,99,21594681
37740,99,13786542
25421,99,19506729
19379,99,13637661
62145,99,13053703
-1,0
-1,0
-1,0
-1,0
-1,0
-1,0
171066,3
28226,1652
775833,6
30202,330
54761,341
16377,577
6383,305
40072,93
-1,488
-1,2500
183711,366
242729,203
61513,35388
20349,873
77959,600
48240,1534
-1,3
51466,980
99665,80
86184,606
-1,0
18495,89
30951,801
3647,1901
116945,783
3120,2070
19043,228
67189,100
94074,74
104916,206
3745,1930
224561,40
75153,453
130528,387
77170,441
213666,25
48406,23
158524,79
57531,775
47457,1060
158650,164
276519,51
213630,60
268668,139
15927,5394
24737,718
90580,200
327329,42
-1,0
39024,66
16042,16
19768,1535
56238,52
7850,579
122785,15
15247,682
190937,83
181221,25
287486,46
-1,0
169115,35
17443,16
51521,254
330615,100
248435,15
40085,649
32156,243
49499,165
202967,134
56146,93
2534,1813
10369,197
207192,270
61280,103
22088,362
17370,5
157062,9
48983,832
36044,386
95401,84
154844,650
181357,580
46898,406
76147,223
22292,3514
