9382,2376,849673282
2972,99,87113666
20217,99,30778254
19220,99,102419208
10100,99,134151248
9762,99,138466644
29966,99,13817538
31627,99,44350308
22647,99,29550825
74928,99,15038708
52025,99,14221749
49649,99,15106265
64387,99,14956641
29875,99,15378957
85243,99,13178908
56626,99,14921137
3122,99,28931038
73581,99,13236912
83114,99,14269651
27871,99,28206309
63938,99,21594681
38654,99,13786542
26068,99,19506729
20051,99,13637661
69375,99,13053703
-1,0
-1,0
-1,0
-1,0
-1,0
-1,0
170834,3
29047,1652
787876,6
30868,330
55616,341
16989,577
6651,305
40896,93
-1,488
-1,2500
184927,366
250523,203
63744,35388
21549,873
80388,600
49110,1534
-1,3
53673,980
101500,80
87239,606
-1,0
18846,89
31447,801
3760,1901
118186,783
3135,2070
19907,228
67854,100
95199,74
106270,206
3769,1930
226971,40
75600,453
131574,387
77609,441
217470,25
51458,23
164506,79
58102,775
47995,1060
164167,164
280891,51
215732,60
269826,139
16036,5394
24956,718
91769,200
338768,42
-1,1
46704,66
16551,16
20103,1535
57350,52
8943,579
124308,15
15846,682
196782,83
182834,25
292854,46
-1,0
171658,35
18129,16
52818,254
337189,100
252307,15
41249,649
33657,243
51885,165
212822,134
58612,93
2558,1819
10589,198
209419,270
61893,103
22609,362
17692,5
158045,9
50940,832
36508,386
96737,84
156276,650
183125,580
49676,406
77390,223
22398,3514
