435638,2049,190242371
223248,99,15741899
618248,92,6990030
391929,99,15441696
272125,99,28233624
158517,99,35684372
503050,83,2918377
628439,97,11443647
761728,87,4191273
545872,87,4067117
400105,92,7162558
300656,92,6780100
480931,95,9221974
447535,88,4493809
520541,83,2925974
712771,81,2380741
406944,86,3783422
491310,81,2193945
520031,82,2617805
183722,99,13872025
712360,86,3611358
439899,79,1803367
621868,79,1912892
566070,83,2770366
-1,1,0
-1,-1
-1,-1
-1,-1
-1,-1
-1,-1
-1,-1
-1,-1
56753,1067
23846,391
101256,105
86313,238
78923,285
184114,32
165823,16
-1,-1
-1,-1
-1,-1
327022,163
-1,-1
111083,537
261034,71
173825,397
-1,-1
191123,121
-1,-1
88294,600
-1,0
363448,5
-1,-1
-1,-1
310740,142
176861,88
-1,-1
45531,151
299149,23
323756,11
-1,-1
25112,262
376273,35
172664,307
-1,-1
202477,25
-1,-1
13923,1442
322226,77
129090,344
42012,587
499813,24
153617,116
22564,1273
160582,1913
-1,-1
-1,-1
321411,44
-1,0
-1,0
220530,1
141064,73
-1,-1
-1,-1
49151,33
142701,101
123611,155
217897,21
80991,200
-1,-1
235581,28
-1,-1
-1,-1
34093,480
280199,12
346727,6
-1,-1
-1,-1
385819,23
-1,-1
-1,-1
-1,-1
170569,391
-1,-1
-1,-1
-1,-1
253507,5
186514,7
-1,-1
90485,92
77187,1125
383034,400
-1,-1
25521,559
582273,5
