428340,2049,190242371
220659,99,15741899
611912,92,6990030
385835,99,15441696
267974,99,28233624
156071,99,35684372
499436,83,2918377
622877,97,11443647
757272,87,4191273
540958,87,4067117
397904,92,7162558
298060,92,6780100
477426,95,9221974
442056,88,4493809
516458,83,2925974
705587,81,2380741
403339,86,3783422
487224,81,2193945
515924,82,2617805
180454,99,13872025
707381,86,3611358
435870,79,1803367
616196,79,1912892
560706,83,2770366
-1,1,0
-1,-1
-1,-1
-1,-1
-1,-1
-1,-1
-1,-1
-1,-1
56041,1067
23380,391
100172,105
85590,238
77880,285
182549,32
164555,16
-1,-1
-1,-1
-1,-1
322701,163
-1,-1
108099,537
257460,71
171484,397
-1,-1
186812,121
-1,-1
87715,600
-1,0
361162,5
-1,-1
-1,-1
308457,142
175769,88
-1,-1
45214,151
296490,23
321978,11
-1,-1
24849,262
374505,35
171784,307
-1,-1
200338,25
-1,-1
13514,1442
320592,77
128230,344
40960,587
496090,24
152862,116
22481,1273
160159,1913
-1,-1
-1,-1
314927,44
218826,1
-1,0
139682,73
-1,-1
-1,-1
48663,33
139949,101
121699,155
216124,21
80436,200
-1,-1
233774,28
-1,-1
-1,-1
33620,480
276891,12
337818,6
-1,-1
-1,-1
377222,23
-1,-1
-1,-1
-1,-1
169448,391
-1,-1
-1,-1
-1,-1
252567,5
183005,7
-1,-1
89680,92
76813,1125
381019,400
-1,-1
25206,559
578288,5
