449049,2049,190242501
227604,99,15741963
629842,92,6990030
402546,99,15441696
279533,99,28233645
163265,99,35684372
511345,83,2918387
639501,97,11443682
773015,87,4191273
557444,87,4067117
405199,92,7162558
307135,92,6780100
488412,95,9221974
456499,88,4493809
530098,83,2925974
727307,81,2380741
414761,86,3783422
500656,81,2193945
529671,82,2617805
188736,99,13872025
724098,86,3611358
449244,79,1803367
633304,79,1912892
577764,83,2770366
-1,1,0
-1,0
-1,0
-1,0
-1,0
-1,0
-1,0
-1,0
58552,1067
24924,391
103812,105
88156,238
80929,285
187632,32
168639,16
-1,0
-1,2256
-1,94
337847,163
-1,0
116795,537
268491,71
178688,397
-1,0
199138,121
-1,0
89648,600
-1,0
368592,5
-1,0
-1,0
315901,142
179361,88
-1,0
46181,151
305082,23
327964,11
-1,0
25752,262
380991,35
174751,307
-1,2
207459,25
-1,0
14808,1442
326381,77
131124,344
43905,587
508118,24
155542,116
22818,1273
161487,1913
-1,3
-1,1
335631,44
-1,0
-1,0
224220,1
144060,73
-1,0
-1,0
50156,33
148297,101
128326,155
221891,21
82056,200
-1,0
239672,28
-1,0
-1,4
34790,480
285672,12
359414,6
-1,0
-1,3
404115,23
-1,1
-1,1
-1,0
172799,391
-1,4
-1,1
-1,0
255616,5
193593,7
-1,0
92047,92
78025,1125
386982,400
-1,0
26162,559
592605,5
