442184,2049,190242371
225564,99,15741899
624361,92,6990030
397397,99,15441696
275812,99,28233624
160949,99,35684372
507280,83,2918377
634320,97,11443647
767238,87,4191273
551307,87,4067117
402569,92,7162558
303851,92,6780100
484674,95,9221974
452024,88,4493809
525406,83,2925974
719786,81,2380741
410826,86,3783422
496269,81,2193945
524753,82,2617805
186214,99,13872025
718031,86,3611358
444691,79,1803367
627851,79,1912892
571998,83,2770366
-1,1,0
-1,-1
-1,-1
-1,-1
-1,-1
-1,-1
-1,-1
-1,-1
57530,1067
24314,391
102382,105
87187,238
79859,285
185827,32
167178,16
-1,-1
-1,-1
-1,-1
332522,163
-1,-1
113860,537
264681,71
176284,397
-1,-1
195035,121
-1,-1
88935,600
-1,0
365891,5
-1,-1
-1,-1
313116,142
178170,88
-1,-1
45863,151
302096,23
325858,11
-1,-1
25396,262
378491,35
173681,307
-1,-1
204779,25
-1,-1
14344,1442
324293,77
130111,344
42949,587
503768,24
154479,116
22700,1273
161040,1913
-1,-1
-1,-1
328165,44
-1,0
-1,0
222297,1
142594,73
-1,-1
-1,-1
49609,33
145417,101
125765,155
219890,21
81546,200
-1,-1
237550,28
-1,-1
-1,-1
34511,480
282906,12
353163,6
-1,-1
-1,-1
394644,23
-1,-1
-1,-1
-1,-1
171684,391
-1,-1
-1,-1
-1,-1
254571,5
189884,7
-1,-1
91229,92
77631,1125
385140,400
-1,-1
25807,559
587351,5
