450115,2049,190242501
227993,99,15741963
630885,92,6990030
403459,99,15441696
280223,99,28233645
163640,99,35684372
512060,83,2918387
640534,97,11443682
773957,87,4191273
558447,87,4067117
405654,92,7162558
307660,92,6780100
489103,95,9221974
457208,88,4493809
530941,83,2925974
728559,81,2380741
415447,86,3783422
501422,81,2193945
530460,82,2617805
189106,99,13872025
725060,86,3611358
450008,79,1803367
634244,79,1912892
578754,83,2770366
-1,1,0
-1,0
-1,0
-1,0
-1,0
-1,0
-1,0
-1,0
58713,1067
25015,391
104051,105
88332,238
81101,285
187917,32
168872,16
-1,0
-1,2256
-1,94
338724,163
-1,0
117268,537
269136,71
179079,397
-1,0
199791,121
-1,0
89762,600
-1,0
369024,5
-1,0
-1,0
316378,142
179558,88
-1,0
46235,151
305536,23
328281,11
-1,0
25804,262
381417,35
174938,307
-1,2
207819,25
-1,0
14888,1442
326734,77
131310,344
44047,587
508778,24
155708,116
22834,1273
161580,1913
-1,3
-1,1
336879,44
-1,0
-1,0
224564,1
144294,73
-1,0
-1,0
50239,33
148784,101
128736,155
222224,21
82169,200
-1,0
240010,28
-1,0
-1,4
34858,480
286113,12
360353,6
-1,0
-1,3
405757,23
-1,1
-1,1
-1,0
172972,391
-1,4
-1,1
-1,0
255809,5
194197,7
-1,0
92211,92
78119,1125
387364,400
-1,0
26225,559
593463,5
