443857,2049,190242371
226057,99,15741899
625694,92,6990030
398645,99,15441696
276753,99,28233624
161561,99,35684372
508345,83,2918377
635921,97,11443647
768668,87,4191273
552762,87,4067117
403214,92,7162558
304695,92,6780100
485703,95,9221974
453144,88,4493809
526626,83,2925974
721692,81,2380741
411852,86,3783422
497491,81,2193945
526044,82,2617805
186853,99,13872025
719573,86,3611358
445800,79,1803367
629339,79,1912892
573560,83,2770366
-1,1,0
-1,-1
-1,-1
-1,-1
-1,-1
-1,-1
-1,-1
-1,-1
57768,1067
24433,391
102712,105
87419,238
80142,285
186286,32
167530,16
-1,-1
-1,-1
-1,-1
333861,163
-1,-1
114590,537
265660,71
176875,397
-1,-1
196091,121
-1,-1
89104,600
-1,0
366477,5
-1,-1
-1,-1
313797,142
178464,88
-1,-1
45955,151
302906,23
326450,11
-1,-1
25456,262
379137,35
173942,307
-1,-1
205406,25
-1,-1
14458,1442
324848,77
130378,344
43196,587
504849,24
154748,116
22727,1273
161134,1913
-1,-1
-1,-1
329983,44
-1,0
-1,0
222821,1
142952,73
-1,-1
-1,-1
49754,33
146160,101
126334,155
220416,21
81679,200
-1,-1
238142,28
-1,-1
-1,-1
34608,480
283637,12
354776,6
-1,-1
-1,-1
397089,23
-1,-1
-1,-1
-1,-1
171962,391
-1,-1
-1,-1
-1,-1
254833,5
190758,7
-1,-1
91429,92
77741,1125
385665,400
-1,-1
25899,559
588738,5
