443068,2049,190242371
225756,99,15741899
624984,92,6990030
397929,99,15441696
276232,99,28233624
161237,99,35684372
507837,83,2918377
635072,97,11443647
767958,87,4191273
552040,87,4067117
402894,92,7162558
304284,92,6780100
485157,95,9221974
452609,88,4493809
526000,83,2925974
720670,81,2380741
411344,86,3783422
496876,81,2193945
525374,82,2617805
186520,99,13872025
718790,86,3611358
445259,79,1803367
628542,79,1912892
572756,83,2770366
-1,1,0
-1,-1
-1,-1
-1,-1
-1,-1
-1,-1
-1,-1
-1,-1
57656,1067
24370,391
102560,105
87303,238
79998,285
186061,32
167370,16
-1,-1
-1,-1
-1,-1
333220,163
-1,-1
114243,537
265157,71
176593,397
-1,-1
195558,121
-1,-1
89010,600
-1,0
366179,5
-1,-1
-1,-1
313456,142
178307,88
-1,-1
45915,151
302506,23
326135,11
-1,-1
25432,262
378803,35
173814,307
-1,-1
205069,25
-1,-1
14405,1442
324561,77
130249,344
43079,587
504302,24
154606,116
22715,1273
161081,1913
-1,-1
-1,-1
329049,44
-1,0
-1,0
222554,1
142764,73
-1,-1
-1,-1
49686,33
145794,101
126082,155
220170,21
81598,200
-1,-1
237842,28
-1,-1
-1,-1
34559,480
283264,12
353951,6
-1,-1
-1,-1
395915,23
-1,-1
-1,-1
-1,-1
171816,391
-1,-1
-1,-1
-1,-1
254692,5
190323,7
-1,-1
91324,92
77677,1125
385388,400
-1,-1
25853,559
587996,5
