103151,2300,317678712
127634,99,19583980
198846,99,15049484
293754,99,18351304
280145,99,27790636
353731,99,19659810
36217,99,13663008
287852,99,16458262
296879,99,13116748
20482,99,26839735
179043,99,13095491
68714,99,13991936
86928,99,14193618
218090,99,13063264
168876,96,10209588
146891,99,13160899
176903,97,11425976
207260,90,5545480
301040,91,6290636
281921,97,11595897
210366,99,14088705
228782,87,4327488
182394,95,8834994
191172,92,6535841
301062,70,805932
-1,0
-1,0
-1,0
-1,0
-1,0
-1,0
-1,0
67904,946
22731,407
75027,144
190641,106
153507,184
90355,65
90007,40
199540,629
-1,2500
-1,0
437112,109
-1,0
61578,652
152477,300
199495,295
236191,21
170182,209
118419,50
550696,106
-1,0
194297,9
284578,13
231663,23
141178,651
128361,162
-1,0
126773,44
74993,95
227744,48
169086,28
127783,69
106635,329
181739,294
104554,332
53812,53
-1,0
150723,96
304106,91
79235,630
20615,955
154582,80
149567,121
95750,418
122019,2305
-1,1
57877,302
271681,64
-1,0
-1,0
92214,4
-1,0
115696,10
-1,0
246384,7
198185,50
70346,334
97477,57
333152,35
-1,0
245081,27
-1,0
178067,13
352879,95
195509,21
-1,3
96747,98
-1,4
209715,129
-1,1
108606,12
-1,0
71493,1088
57664,107
186731,14
-1,0
146186,10
125431,86
215331,18
43196,228
176458,574
244398,543
107040,107
117161,138
379322,162
