104760,2300,317678712
128459,99,19583980
200331,99,15049484
296608,99,18351304
282530,99,27790636
356316,99,19659810
36531,99,13663008
290339,99,16458262
298612,99,13116748
20683,99,26839735
179953,99,13095491
69445,99,13991936
87359,99,14193618
219334,99,13063264
169909,96,10209588
148161,99,13160899
177921,97,11425976
208641,90,5545480
302700,91,6290636
284063,97,11595897
211747,99,14088705
230683,87,4327488
183784,95,8834994
192524,92,6535841
308110,70,805932
-1,0
-1,0
-1,0
-1,0
-1,0
-1,0
-1,0
68444,946
23044,407
75564,144
191752,106
154374,184
90973,65
90569,40
200014,629
-1,2500
-1,0
441172,109
-1,0
62591,652
154058,300
201191,295
239530,21
172442,209
119220,50
552923,106
-1,0
195168,9
285577,13
233257,23
141775,651
128911,162
-1,0
127294,44
75343,95
228751,48
169592,28
128334,69
106909,329
182395,294
104787,332
54545,53
-1,0
152826,96
305340,91
79628,630
20901,955
155526,80
150084,121
95966,418
122249,2305
-1,1
58140,302
275486,64
-1,0
-1,0
92729,4
-1,0
116785,10
-1,0
247423,7
200494,50
71053,334
97830,57
335788,35
-1,0
246407,27
-1,0
179501,13
355710,95
196571,21
-1,3
98131,98
-1,4
213265,129
-1,1
109370,12
-1,0
71792,1088
57881,107
188400,14
-1,0
146512,10
127047,86
216232,18
43365,228
177127,574
245291,543
108927,107
117854,138
381142,162
