100421,2300,317678712
126184,99,19583980
196252,99,15049484
288658,99,18351304
276045,99,27790636
349526,99,19659810
35639,99,13663008
283586,99,16458262
294253,99,13116748
20170,99,26839735
177634,99,13095491
67791,99,13991936
86211,99,14193618
215898,99,13063264
167302,96,10209588
144908,99,13160899
175271,97,11425976
205428,90,5545480
298523,91,6290636
277831,97,11595897
208045,99,14088705
226504,87,4327488
180263,95,8834994
189281,92,6535841
288595,70,805932
-1,0
-1,0
-1,0
-1,0
-1,0
-1,0
-1,0
66991,946
22294,407
74117,144
189125,106
151863,184
89319,65
89146,40
199045,629
-1,2500
-1,0
431642,109
-1,0
59770,652
149904,300
196721,295
231143,21
166249,209
117179,50
547474,106
-1,0
192919,9
282946,13
229176,23
140227,651
127539,162
-1,0
126103,44
74482,95
226410,48
168381,28
126982,69
106303,329
180832,294
104259,332
52599,53
-1,0
147381,96
302459,91
78745,630
20151,955
153033,80
148912,121
95516,418
121714,2305
-1,1
57407,302
265778,64
-1,0
-1,0
91348,4
-1,0
113719,10
-1,0
244750,7
194654,50
69265,334
96944,57
329407,35
-1,0
243126,27
-1,0
175872,13
348703,95
193769,21
-1,3
94611,98
-1,4
203969,129
-1,1
107393,12
-1,0
70984,1088
57359,107
184076,14
-1,0
145771,10
122831,86
213963,18
42828,228
175506,574
243036,543
104151,107
116031,138
376919,162
