105079,2300,317678712
128650,99,19583980
200721,99,15049484
297270,99,18351304
283128,99,27790636
356903,99,19659810
36611,99,13663008
290907,99,16458262
299055,99,13116748
20737,99,26839735
180207,99,13095491
69579,99,13991936
87473,99,14193618
219639,99,13063264
170132,96,10209588
148423,99,13160899
178185,97,11425976
208936,90,5545480
303111,91,6290636
284562,97,11595897
212071,99,14088705
231046,87,4327488
184043,95,8834994
192846,92,6535841
309564,70,805932
-1,0
-1,0
-1,0
-1,0
-1,0
-1,0
-1,0
68574,946
23114,407
75699,144
192014,106
154592,184
91134,65
90707,40
200120,629
-1,2500
-1,0
442018,109
-1,0
62861,652
154457,300
201611,295
240387,21
173002,209
119405,50
553547,106
-1,0
195389,9
285923,13
233601,23
141925,651
129029,162
-1,0
127436,44
75453,95
229005,48
169778,28
128509,69
106977,329
182554,294
104843,332
54749,53
-1,0
153357,96
305669,91
79702,630
20958,955
155742,80
150256,121
96038,418
122292,2305
-1,1
58236,302
276392,64
-1,0
-1,0
92870,4
-1,0
117126,10
-1,0
247682,7
201003,50
71244,334
97926,57
336371,35
-1,0
246721,27
-1,0
179880,13
356281,95
196845,21
-1,3
98598,98
-1,4
214253,129
-1,1
109568,12
-1,0
71878,1088
57946,107
188860,14
-1,0
146599,10
127428,86
216493,18
43415,228
177296,574
245473,543
109446,107
118032,138
381624,162
