102674,2300,317678712
127388,99,19583980
198438,99,15049484
292954,99,18351304
279523,99,27790636
352979,99,19659810
36141,99,13663008
287155,99,16458262
296374,99,13116748
20418,99,26839735
178779,99,13095491
68484,99,13991936
86818,99,14193618
217686,99,13063264
168600,96,10209588
146558,99,13160899
176612,97,11425976
206868,90,5545480
300581,91,6290636
281295,97,11595897
209966,99,14088705
228230,87,4327488
181938,95,8834994
190823,92,6535841
298800,70,805932
-1,0
-1,0
-1,0
-1,0
-1,0
-1,0
-1,0
67759,946
22652,407
74831,144
190358,106
153224,184
90189,65
89867,40
199437,629
-1,2500
-1,0
435878,109
-1,0
61304,652
152067,300
198984,295
235266,21
169560,209
118218,50
550090,106
-1,0
194056,9
284281,13
231176,23
141003,651
128181,162
-1,0
126635,44
74876,95
227502,48
168969,28
127644,69
106562,329
181542,294
104485,332
53586,53
-1,0
150085,96
303792,91
79147,630
20535,955
154304,80
149458,121
95698,418
121972,2305
-1,1
57782,302
270608,64
-1,0
-1,0
92065,4
-1,0
115340,10
-1,0
246104,7
197574,50
70136,334
97377,57
332484,35
-1,0
244740,27
-1,0
177641,13
352011,95
195218,21
-1,3
96416,98
-1,4
208736,129
-1,1
108417,12
-1,0
71414,1088
57616,107
186247,14
-1,0
146113,10
124978,86
215110,18
43111,228
176296,574
244138,543
106542,107
116996,138
378834,162
