100527,2300,317678712
126264,99,19583980
196394,99,15049484
288926,99,18351304
276268,99,27790636
349716,99,19659810
35672,99,13663008
283787,99,16458262
294368,99,13116748
20184,99,26839735
177711,99,13095491
67821,99,13991936
86253,99,14193618
216039,99,13063264
167374,96,10209588
145010,99,13160899
175343,97,11425976
205480,90,5545480
298658,91,6290636
278041,97,11595897
208133,99,14088705
226566,87,4327488
180334,95,8834994
189362,92,6535841
289077,70,805932
-1,0
-1,0
-1,0
-1,0
-1,0
-1,0
-1,0
67037,946
22309,407
74152,144
189194,106
151938,184
89365,65
89182,40
199074,629
-1,2500
-1,0
431824,109
-1,0
59874,652
150019,300
196837,295
231335,21
166412,209
117247,50
547613,106
-1,0
192996,9
283025,13
229260,23
140286,651
127571,162
-1,0
126135,44
74503,95
226461,48
168403,28
127028,69
106317,329
180871,294
104274,332
52648,53
-1,0
147533,96
302526,91
78774,630
20173,955
153099,80
148946,121
95530,418
121727,2305
-1,1
57423,302
266039,64
-1,0
-1,0
91382,4
-1,0
113814,10
-1,0
244818,7
194798,50
69310,334
96977,57
329568,35
-1,0
243206,27
-1,0
175988,13
348857,95
193861,21
-1,3
94680,98
-1,4
204256,129
-1,1
107458,12
-1,0
71004,1088
57374,107
184185,14
-1,0
145799,10
122930,86
214017,18
42839,228
175548,574
243089,543
104267,107
116093,138
377012,162
