108297,2300,317678712
129985,99,19583980
203368,99,15049484
302553,99,18351304
287587,99,27790636
361329,99,19659810
37208,99,13663008
295545,99,16458262
302298,99,13116748
21178,99,26839735
182051,99,13095491
70688,99,13991936
88475,99,14193618
222106,99,13063264
172073,96,10209588
150943,99,13160899
180546,97,11425976
211276,90,5545480
306387,91,6290636
288572,97,11595897
214934,99,14088705
234342,87,4327488
186636,95,8834994
195286,92,6535841
322938,70,805932
-1,0
-1,0
-1,0
-1,0
-1,0
-1,0
-1,0
69928,946
23764,407
77002,144
194297,106
156494,184
92485,65
91874,40
200382,629
-1,2500
-1,0
449172,109
-1,0
65108,652
157667,300
204784,295
247353,21
177485,209
121113,50
558503,106
-1,0
197383,9
287475,13
237023,23
143242,651
129955,162
-1,0
128388,44
76280,95
230984,48
170775,28
129801,69
107484,329
183932,294
105287,332
56385,53
-1,0
157851,96
308061,91
80412,630
21493,955
157737,80
151446,121
96446,418
122687,2305
-1,1
58877,302
284212,64
-1,0
-1,0
94009,4
-1,0
119427,10
-1,0
249745,7
205418,50
72953,334
98763,57
340803,35
-1,0
249345,27
-1,0
182884,13
361271,95
198809,21
-1,3
101969,98
-1,4
221997,129
-1,1
111167,12
-1,0
72475,1088
58369,107
192440,14
-1,0
147175,10
130940,86
218110,18
43856,228
178551,574
246743,543
113132,107
119359,138
385495,162
