77894,2347,325094532
342969,99,13808735
186993,99,15412547
451381,99,14652778
381682,99,23273494
488515,99,15600165
257817,94,8322685
268763,99,17238632
121813,99,14616086
98457,99,14158207
333829,96,10433229
216164,97,11694858
265823,99,13083443
227234,99,13055940
171842,96,10336424
69247,99,14433239
176044,98,12383968
145833,96,10282790
235380,95,9394933
193730,99,13771353
91147,99,18745466
131955,98,11988438
30425,99,18240740
114088,99,13118008
133584,92,7048374
-1,0
-1,0
-1,0
-1,0
-1,0
-1,0
-1,0
53808,1133
43048,236
71478,156
127125,168
33368,435
170225,36
37167,102
553978,500
-1,1791
-1,0
134489,287
228499,738
52531,695
391372,6
-1,2
206557,27
-1,0
-1,3
128011,487
606077,10
158495,12
-1,1
204668,40
-1,0
118297,188
-1,0
-1,1
118297,58
325350,11
-1,0
369097,25
515840,6
738519,8
512313,6
185427,25
-1,0
-1,1
339693,69
176834,223
103309,284
73296,121
181916,89
184927,223
51684,3563
302947,5
138697,123
144558,185
-1,0
-1,0
34113,10
-1,1
142257,5
-1,0
96589,19
-1,1
400573,25
-1,1
196082,81
-1,0
192483,33
-1,0
-1,0
49643,389
-1,0
-1,0
233127,29
-1,1
-1,3
-1,1
-1,0
-1,0
102491,790
102968,70
221265,7
-1,0
232493,6
-1,1
-1,1
216301,18
486441,109
785876,149
-1,0
114196,147
461187,73
