75956,2347,324987313
345139,99,13752059
185070,99,15412547
446457,99,14652778
377969,99,23254618
484533,99,15600165
256175,94,8322680
265457,99,17236917
120326,99,14616086
96885,99,14158207
331824,96,10433229
214234,97,11694858
263942,99,13083443
225375,99,13055940
170346,96,10336424
68295,99,14433239
174237,98,12383968
144407,96,10282790
233376,95,9394933
192116,99,13757378
90113,99,18745466
130405,98,11988438
30100,99,18240740
112795,99,13118008
129389,92,7032402
-1,0
-1,0
-1,0
-1,0
-1,0
-1,0
-1,0
52978,1133
42109,236
70482,156
125939,168
32796,435
168735,36
36699,102
553501,500
-1,1791
-1,0
132076,287
225039,738
51141,695
387195,6
-1,2
202100,27
-1,0
-1,3
127075,487
580553,10
157207,12
-1,1
202341,40
-1,0
117641,188
-1,0
-1,1
117452,58
323549,11
-1,0
366299,25
512756,6
733114,8
509329,6
182953,25
-1,0
-1,1
337721,69
175465,223
101501,284
72482,121
180763,89
184393,223
51528,3563
301508,5
137705,123
140637,185
-1,0
-1,0
33649,10
-1,1
139622,5
-1,0
95726,19
-1,1
394986,25
-1,1
194406,81
-1,0
191010,33
-1,0
-1,0
49266,389
-1,0
-1,0
228053,29
-1,1
-1,3
-1,1
-1,0
-1,0
101866,790
102283,70
217921,7
-1,0
231707,6
-1,1
-1,1
214487,18
483443,109
782203,149
-1,0
113190,147
457530,73
