71496,2347,324987313
336542,99,13752059
180049,99,15412547
433188,99,14652778
367574,99,23254618
473768,99,15600165
252491,94,8322680
256753,99,17236917
117050,99,14616086
93429,99,14158207
327658,96,10433229
210111,97,11694858
259337,99,13083443
220365,99,13055940
166729,96,10336424
66409,99,14433239
170580,98,12383968
141142,96,10282790
229002,95,9394933
185658,99,13757378
87804,99,18745466
127361,98,11988438
29135,99,18240740
109650,99,13118008
119953,92,7032402
-1,0
-1,0
-1,0
-1,0
-1,0
-1,0
-1,0
51306,1133
40385,236
68579,156
123414,168
31442,435
165401,36
35653,102
550036,500
-1,1791
-1,0
126539,287
216764,738
47740,695
376999,6
-1,2
191981,27
-1,0
-1,3
125250,487
512107,10
154762,12
-1,1
197138,40
-1,0
116024,188
-1,0
-1,1
115762,58
319117,11
-1,0
360208,25
506155,6
721058,8
502929,6
177777,25
-1,0
-1,1
333417,69
172537,223
96291,284
70774,121
178544,89
183325,223
51195,3563
298516,5
135500,123
132208,185
-1,0
-1,0
32605,10
-1,1
134352,5
-1,0
93996,19
-1,1
383025,25
-1,1
190320,81
-1,0
187535,33
-1,0
-1,0
48003,389
-1,0
-1,0
217063,29
-1,1
-1,3
-1,1
-1,0
-1,0
100364,790
100680,70
211041,7
-1,0
230031,6
-1,1
-1,1
210570,18
477227,109
772695,149
-1,0
110834,147
449689,73
