75229,2347,324987313
343860,99,13752059
184356,99,15412547
444512,99,14652778
376450,99,23254618
482940,99,15600165
255618,94,8322680
264165,99,17236917
119794,99,14616086
96341,99,14158207
331207,96,10433229
213583,97,11694858
263250,99,13083443
224665,99,13055940
169751,96,10336424
67998,99,14433239
173630,98,12383968
143979,96,10282790
232601,95,9394933
191215,99,13757378
89732,99,18745466
129905,98,11988438
29982,99,18240740
112369,99,13118008
127871,92,7032402
-1,0
-1,0
-1,0
-1,0
-1,0
-1,0
-1,0
52725,1133
41822,236
70171,156
125509,168
32618,435
168213,36
36536,102
553008,500
-1,1791
-1,0
131259,287
223807,738
50634,695
385620,6
-1,2
200352,27
-1,0
-1,3
126787,487
571202,10
156797,12
-1,1
201488,40
-1,0
117404,188
-1,0
-1,1
117173,58
322840,11
-1,0
365359,25
511685,6
731204,8
508299,6
182161,25
-1,0
-1,1
337034,69
175038,223
100782,284
72201,121
180369,89
184170,223
51479,3563
301011,5
137365,123
139316,185
-1,0
-1,0
33486,10
-1,1
138948,5
-1,0
95479,19
-1,1
393119,25
-1,1
193841,81
-1,0
190456,33
-1,0
-1,0
49122,389
-1,0
-1,0
226051,29
-1,1
-1,3
-1,1
-1,0
-1,0
101651,790
102026,70
216813,7
-1,0
231478,6
-1,1
-1,1
213900,18
482428,109
780798,149
-1,0
112829,147
456226,73
