73749,2347,324987313
341217,99,13752059
182878,99,15412547
440417,99,14652778
373093,99,23254618
479360,99,15600165
254335,94,8322680
261387,99,17236917
118665,99,14616086
95199,99,14158207
329628,96,10433229
212157,97,11694858
261667,99,13083443
223084,99,13055940
168526,96,10336424
67402,99,14433239
172417,98,12383968
142800,96,10282790
231090,95,9394933
189363,99,13757378
88941,99,18745466
128764,98,11988438
29595,99,18240740
111278,99,13118008
124687,92,7032402
-1,0
-1,0
-1,0
-1,0
-1,0
-1,0
-1,0
52146,1133
41267,236
69543,156
124602,168
32206,435
167055,36
36196,102
551759,500
-1,1791
-1,0
129152,287
221010,738
49433,695
382222,6
-1,2
196872,27
-1,0
-1,3
126091,487
549178,10
155993,12
-1,1
199749,40
-1,0
116855,188
-1,0
-1,1
116560,58
321232,11
-1,0
363135,25
509192,6
726833,8
505924,6
180397,25
-1,0
-1,1
335460,69
174001,223
99187,284
71637,121
179480,89
183752,223
51347,3563
299913,5
136595,123
136463,185
-1,0
-1,0
33131,10
-1,1
137241,5
-1,0
94894,19
-1,1
388694,25
-1,1
192438,81
-1,0
189247,33
-1,0
-1,0
48727,389
-1,0
-1,0
222201,29
-1,1
-1,3
-1,1
-1,0
-1,0
101170,790
101472,70
214463,7
-1,0
230818,6
-1,1
-1,1
212554,18
480073,109
777483,149
-1,0
112041,147
453291,73
