77078,2347,324987313
346869,99,13752059
186212,99,15412547
449205,99,14652778
380329,99,23254618
486677,99,15600165
257059,94,8322680
267288,99,17236917
121185,99,14616086
97803,99,14158207
332954,96,10433229
215339,97,11694858
264976,99,13083443
226464,99,13055940
171138,96,10336424
68859,99,14433239
175295,98,12383968
145200,96,10282790
234522,95,9394933
193431,99,13757378
90711,99,18745466
131293,98,11988438
30265,99,18240740
113554,99,13118008
131918,92,7032402
-1,0
-1,0
-1,0
-1,0
-1,0
-1,0
-1,0
53440,1133
42661,236
71064,156
126645,168
33118,435
169596,36
36952,102
553661,500
-1,1791
-1,0
133451,287
226911,738
51970,695
389602,6
-1,2
204766,27
-1,0
-1,3
127605,487
593516,10
157963,12
-1,1
203681,40
-1,0
118008,188
-1,0
-1,1
117960,58
324622,11
-1,0
367994,25
514568,6
736241,8
511083,6
184483,25
-1,0
-1,1
338811,69
176255,223
102606,284
72954,121
181455,89
184696,223
51619,3563
302357,5
138287,123
142919,185
-1,0
-1,0
33907,10
-1,1
140921,5
-1,0
96209,19
-1,1
398338,25
-1,1
195400,81
-1,0
191866,33
-1,0
-1,0
49465,389
-1,0
-1,0
231083,29
-1,1
-1,3
-1,1
-1,0
-1,0
102240,790
102695,70
219796,7
-1,0
232145,6
-1,1
-1,1
215459,18
485143,109
784189,149
-1,0
113781,147
459674,73
