76523,2347,324987313
346181,99,13752059
185677,99,15412547
447999,99,14652778
379239,99,23254618
485662,99,15600165
256681,94,8322680
266503,99,17236917
120734,99,14616086
97353,99,14158207
332411,96,10433229
214806,97,11694858
264523,99,13083443
225941,99,13055940
170774,96,10336424
68610,99,14433239
174814,98,12383968
144840,96,10282790
233992,95,9394933
192788,99,13757378
90408,99,18745466
130895,98,11988438
30188,99,18240740
113151,99,13118008
130671,92,7032402
-1,0
-1,0
-1,0
-1,0
-1,0
-1,0
-1,0
53207,1133
42391,236
70784,156
126282,168
32975,435
169196,36
36833,102
553809,500
-1,1791
-1,0
132845,287
226013,738
51565,695
388484,6
-1,2
203460,27
-1,0
-1,3
127346,487
586878,10
157643,12
-1,1
203039,40
-1,0
117822,188
-1,0
-1,1
117715,58
324108,11
-1,0
367205,25
513703,6
734708,8
510236,6
183733,25
-1,0
-1,1
338252,69
175858,223
102074,284
72704,121
181108,89
184578,223
51583,3563
301960,5
138005,123
141796,185
-1,0
-1,0
33782,10
-1,1
140189,5
-1,0
95976,19
-1,1
396593,25
-1,1
194957,81
-1,0
191458,33
-1,0
-1,0
49396,389
-1,0
-1,0
229696,29
-1,1
-1,3
-1,1
-1,0
-1,0
102053,790
102482,70
218890,7
-1,0
231920,6
-1,1
-1,1
215047,18
484312,109
783336,149
-1,0
113496,147
458663,73
