267381,2164,181591406
735394,92,6720170
706569,90,5829125
677035,99,13151135
498270,99,19096699
349360,99,20081935
513244,83,2850302
339538,99,15378442
589798,93,7293803
506214,88,4652211
504091,90,5550103
459502,88,4518517
552420,92,6807704
343425,93,7270256
446900,85,3405058
295019,93,7604325
247528,92,6667592
432114,82,2539969
548872,82,2460035
403177,94,8461346
163534,99,15165099
144719,95,8991713
403879,84,3226807
404016,84,3179756
332983,69,689304
-1,0
-1,0
-1,0
-1,0
-1,0
-1,0
-1,0
378379,201
749988,7
732914,8
399145,39
252973,120
221513,26
511443,1
-1,472
-1,2500
-1,0
31411,669
-1,0
-1,353
359054,15
-1,0
-1,0
-1,0
-1,0
136576,463
-1,0
317156,5
-1,0
-1,0
330941,100
274048,25
-1,0
91116,68
-1,3
-1,0
-1,0
627207,5
351331,46
364226,132
298284,68
67088,50
-1,0
-1,0
416787,33
565717,18
294404,59
193520,69
-1,1
532661,37
524946,222
-1,0
-1,2
-1,2
-1,0
-1,0
188996,1
-1,0
-1,0
-1,0
-1,0
-1,0
147851,125
-1,1
-1,0
-1,0
187700,33
-1,0
-1,0
273287,116
-1,1
91285,400
112901,85
-1,0
-1,0
-1,0
-1,0
-1,0
305128,55
50712,116
-1,0
-1,0
-1,1
-1,0
-1,0
-1,0
744261,25
419875,353
-1,0
118208,139
223066,566
