270572,2164,181696194
735456,92,6797750
710609,90,5829125
681614,99,13151135
501153,99,19122536
351835,99,20081943
516162,83,2850302
342314,99,15379588
592987,93,7293803
510249,88,4652211
506710,90,5550207
462537,88,4518627
555412,92,6807704
345672,93,7270256
449536,85,3405058
297567,93,7604325
249517,92,6667592
434727,82,2539972
552350,82,2460035
406182,94,8461346
164826,99,15165099
146097,95,8991713
406484,84,3226807
406773,84,3179756
341054,69,689304
-1,0
-1,0
-1,0
-1,0
-1,0
-1,0
-1,0
380001,202
754669,7
736483,8
401616,39
254425,120
219513,27
513518,1
-1,472
-1,2500
-1,0
31734,669
-1,0
-1,353
362083,15
-1,0
-1,0
-1,0
-1,0
137312,463
-1,0
319142,5
-1,0
-1,0
332986,100
275240,25
-1,0
91529,68
-1,3
-1,0
-1,0
631046,5
352987,46
366195,132
299517,68
68113,50
-1,0
-1,0
418616,33
570084,18
297571,59
194980,69
-1,1
534165,37
527044,222
-1,0
-1,2
-1,2
-1,0
-1,0
190433,1
-1,0
-1,0
-1,0
-1,0
-1,0
149995,125
-1,1
-1,0
-1,0
188813,33
-1,0
-1,0
275436,116
-1,1
92578,400
102527,98
-1,0
-1,0
-1,0
-1,0
-1,0
306700,55
50904,116
-1,0
-1,0
-1,1
-1,0
-1,0
-1,0
748468,25
421279,353
-1,0
118992,139
224192,566
