255345,2164,181591406
717423,92,6720170
689907,90,5829125
658965,99,13151135
484067,99,19096699
339159,99,20081935
503149,83,2850302
328217,99,15378442
579565,93,7293803
493481,88,4652211
495848,90,5550103
449264,88,4518517
542249,92,6807704
334494,93,7270256
436954,85,3405058
286180,93,7604325
240845,92,6667592
422088,82,2539969
537226,82,2460035
391293,94,8461346
158922,99,15165099
140746,95,8991713
393358,84,3226807
394076,84,3179756
300802,69,689304
-1,0
-1,0
-1,0
-1,0
-1,0
-1,0
-1,0
370444,201
733302,7
719884,8
391058,39
247971,120
216762,26
504519,1
-1,472
-1,2500
-1,0
30158,669
-1,0
-1,353
347789,15
-1,0
-1,0
-1,0
-1,0
134254,463
-1,0
310759,5
-1,0
-1,0
324556,100
269081,25
-1,0
89658,68
-1,3
-1,0
-1,0
613250,5
346504,46
357868,132
294697,68
63836,50
-1,0
-1,0
411131,33
549924,18
280472,59
188774,69
-1,1
528172,37
518435,222
-1,0
-1,2
-1,2
184153,1
-1,0
-1,0
-1,0
-1,0
-1,0
-1,0
141516,125
-1,1
-1,0
-1,0
183632,33
-1,0
-1,0
265153,116
-1,1
86617,400
106235,85
-1,0
-1,0
-1,0
-1,0
-1,0
299179,55
50035,116
-1,0
-1,0
-1,1
-1,0
-1,0
-1,0
730708,25
414115,353
-1,0
115377,139
219713,566
