270422,2164,181696194
735157,92,6797750
710322,90,5829125
681353,99,13151135
500937,99,19122536
351669,99,20081943
516001,83,2850302
342142,99,15379588
592803,93,7293803
510027,88,4652211
506562,90,5550207
462337,88,4518627
555219,92,6807704
345521,93,7270256
449379,85,3405058
297512,93,7604325
249396,92,6667592
434599,82,2539972
552175,82,2460035
406038,94,8461346
164762,99,15165099
146008,95,8991713
406352,84,3226807
406634,84,3179756
340611,69,689304
-1,0
-1,0
-1,0
-1,0
-1,0
-1,0
-1,0
379858,202
754413,7
736288,8
401481,39
254334,120
219445,27
513405,1
-1,472
-1,2500
-1,0
31718,669
-1,0
-1,353
361897,15
-1,0
-1,0
-1,0
-1,0
137267,463
-1,0
319044,5
-1,0
-1,0
332874,100
275164,25
-1,0
91511,68
-1,3
-1,0
-1,0
630854,5
352895,46
366101,132
299441,68
68061,50
-1,0
-1,0
418527,33
569852,18
297412,59
194895,69
-1,1
534062,37
526924,222
-1,0
-1,2
-1,2
-1,0
-1,0
190340,1
-1,0
-1,0
-1,0
-1,0
-1,0
149869,125
-1,1
-1,0
-1,0
188756,33
-1,0
-1,0
275307,116
-1,1
92507,400
102443,98
-1,0
-1,0
-1,0
-1,0
-1,0
306618,55
50895,116
-1,0
-1,0
-1,1
-1,0
-1,0
-1,0
748214,25
421184,353
-1,0
118942,139
224137,566
