12450,2376,774572918
129732,99,19584570
20653,99,30634657
15825,99,112870069
15881,99,115331447
18369,99,111296366
68925,99,13368239
14710,99,58917782
146737,99,14068191
33770,99,20953111
15119,99,18851402
94030,99,13398167
65819,99,14903812
27497,99,15535249
23521,99,15166851
29740,99,17957044
9352,99,19600451
15945,99,15235242
31713,99,19495895
28648,99,28010942
37594,99,27440201
6433,99,24303448
22267,99,21087042
27354,99,13509183
71184,99,13053557
-1,0
-1,0
-1,0
-1,0
-1,0
-1,0
-1,0
14122,2468
51784,195
11646,660
33962,464
7950,807
13300,223
30466,119
70112,1125
-1,2102
86908,1175
15028,1071
19764,44020
9375,1056
73322,648
43486,1656
117067,52
175799,212
22598,791
59338,741
38914,1254
2303,286
244250,24
17670,814
184714,471
18461,985
17926,254
200317,25
266205,25
3393,2219
28612,360
240638,38
111538,317
74492,587
110227,317
1879,248
-1,4
10798,1671
29271,1173
6537,4127
2823,2748
69525,124
20090,633
626367,25
14097,5626
7441,1523
3663,1620
48230,329
-1,1
-1,0
18785,15
8509,2834
85928,25
56069,27
28991,50
39165,424
304999,40
190499,25
179592,91
29933,412
19609,80
16593,20
19448,805
147024,190
82467,50
70858,475
21053,330
56737,134
295049,70
-1,3
14641,718
28457,22
12088,3114
72314,93
16334,439
15596,6
104879,13
64639,596
-1,1
-1,3
415315,164
318127,494
62172,316
12120,953
22294,3528
