12133,2376,769092080
131951,99,19357078
21106,99,30252758
15586,99,111995915
15866,99,114031903
18371,99,110057336
67889,99,13368239
14659,99,58289409
144395,99,14067771
33284,99,20861054
14968,99,18851402
92484,99,13397947
65422,99,14880828
27178,99,15504169
23252,99,15165726
29336,99,17927035
9248,99,19522076
15758,99,15233890
31713,99,19421563
27963,99,27979417
37281,99,27328341
6524,99,23981926
21926,99,21068478
26683,99,13507983
81357,99,13039836
-1,0
-1,0
-1,0
-1,0
-1,0
-1,0
-1,0
13777,2468
50353,195
11370,660
33451,464
7620,807
12871,223
29899,119
69970,1125
-1,2102
86329,1175
15387,1039
19003,44020
8847,1056
71399,648
42821,1656
113127,52
170702,212
22128,791
58664,741
37232,1254
2264,286
242858,24
17225,814
182823,471
18374,985
24446,182
198650,25
263893,25
3358,2219
28472,360
238358,38
110935,317
74046,587
109663,317
1825,248
-1,4
10333,1671
29045,1173
6451,4127
2734,2748
68470,124
19966,633
622729,25
14008,5626
7399,1523
3605,1620
46097,329
-1,0
-1,0
18352,15
8375,2834
84272,25
52829,27
28542,50
37980,424
297546,40
189032,25
177434,91
27310,412
19165,80
16020,20
18981,805
145028,190
81794,50
69113,475
20152,330
54560,134
284409,70
-1,3
14495,716
27916,22
11923,3114
71682,93
15973,439
15312,6
104335,13
62450,596
-1,1
-1,3
411875,164
316059,494
59410,316
11926,953
22227,3528
