12258,2376,771250564
130988,99,19443779
20915,99,30389099
15689,99,112295002
15886,99,114490970
18364,99,110473943
68286,99,13368239
14690,99,58517980
145257,99,14067981
33437,99,20894393
15022,99,18851402
93150,99,13398057
65562,99,14889216
27175,99,15525239
23395,99,15165726
29377,99,17952029
9274,99,19544411
15878,99,15234375
31687,99,19450041
28264,99,27979417
37316,99,27385420
6370,99,24298448
22036,99,21086978
26934,99,13508583
83570,99,13039836
-1,0
-1,0
-1,0
-1,0
-1,0
-1,0
-1,0
13894,2468
50815,195
11460,660
33623,464
7737,807
13041,223
30121,119
70065,1125
-1,2102
86577,1175
14867,1071
19269,44020
9071,1056
72139,648
43059,1656
114555,52
172554,212
22299,791
58887,741
37925,1254
2276,286
243518,24
17376,814
183473,471
18423,985
21695,209
199289,25
264732,25
3373,2219
28501,360
239162,38
111164,317
74207,587
109865,317
1841,248
-1,4
10504,1671
29130,1173
6492,4127
2764,2748
68832,124
20016,633
624093,25
14046,5626
7422,1523
3626,1620
46792,329
-1,0
-1,0
18509,15
8438,2834
84937,25
53903,27
28691,50
38418,424
300279,40
189552,25
178224,91
28281,412
19320,80
16210,20
19146,805
145794,190
82033,50
69744,475
20467,330
55343,134
288357,70
-1,3
14561,716
28098,22
11998,3114
71920,93
16116,439
15412,6
104546,13
63203,596
-1,1
-1,3
413155,164
316995,494
60432,316
11982,953
22236,3528
