12047,2376,767536714
132618,99,19276768
21229,99,30132029
15481,99,111744855
15866,99,113627655
18324,99,109683903
67572,99,13368239
14640,99,58085472
143649,99,14067696
33157,99,20832599
14927,99,18851402
91890,99,13397907
65341,99,14873554
26903,99,15503934
23120,99,15165491
29199,99,17926965
9170,99,19515964
15700,99,15233485
31695,99,19399752
27680,99,27979417
37243,99,27272394
6464,99,23981926
21758,99,21067488
26428,99,13507983
79736,99,13039836
-1,0
-1,0
-1,0
-1,0
-1,0
-1,0
-1,0
13680,2468
49933,195
11301,660
33317,464
7543,807
12753,223
29716,119
69809,1125
-1,2102
86076,1175
15266,1039
18815,44020
8716,1056
70847,648
42617,1656
112076,52
169093,212
21981,791
58476,741
36620,1254
2248,286
242160,24
17100,814
182263,471
18323,985
27355,158
198069,25
263194,25
3344,2219
28425,360
237704,38
110714,317
73891,587
109471,317
1814,248
-1,4
10197,1671
28969,1173
6428,4127
2711,2748
68171,124
19927,633
621461,25
13983,5626
7383,1523
3592,1620
45472,329
-1,0
-1,0
18229,15
8312,2834
83769,25
51666,27
28409,50
37636,424
295261,40
188587,25
176653,91
26514,412
19035,80
15886,20
18852,805
144185,190
81562,50
68688,474
19956,330
53931,134
281305,70
-1,3
14419,716
27778,22
11859,3114
71463,93
15868,439
15243,6
104141,13
61818,596
-1,1
-1,3
410647,164
315225,494
58539,316
11856,953
22164,3528
