12066,2376,767598608
132631,99,19280227
21235,99,30137288
15497,99,111754802
15881,99,113644374
18340,99,109698851
67613,99,13368239
14653,99,58094185
143721,99,14067696
33173,99,20833573
14931,99,18851402
91953,99,13397907
65356,99,14873852
26937,99,15503934
23135,99,15165491
29216,99,17926965
9174,99,19516250
15704,99,15233504
31702,99,19400646
27712,99,27979417
37266,99,27272556
6471,99,23981926
21771,99,21067704
26452,99,13507983
79896,99,13039836
-1,0
-1,0
-1,0
-1,0
-1,0
-1,0
-1,0
13695,2468
49978,195
11309,660
33335,464
7555,807
12771,223
29730,119
69833,1125
-1,2102
86097,1175
15280,1039
18836,44020
8738,1056
70910,648
42640,1656
112203,52
169259,212
21997,791
58489,741
36695,1254
2250,286
242251,24
17119,814
182323,471
18329,985
27244,159
198138,25
263272,25
3347,2219
28436,360
237779,38
110735,317
73904,587
109489,317
1815,248
-1,4
10209,1671
28974,1173
6430,4127
2712,2748
68201,124
19932,633
621636,25
13986,5626
7386,1523
3593,1620
45531,329
-1,0
-1,0
18245,15
8318,2834
83828,25
51808,27
28429,50
37669,424
295535,40
188626,25
176749,91
26616,412
19042,80
15901,20
18867,805
144297,190
81586,50
68747,474
19970,330
53997,134
281619,70
-1,3
14425,716
27792,22
11866,3114
71485,93
15879,439
15249,6
104168,13
61884,596
-1,1
-1,3
410783,164
315327,494
58634,316
11864,953
22172,3528
