12336,2376,773622989
130048,99,19540799
20737,99,30561235
15744,99,112706711
15850,99,115084659
18307,99,111072088
68627,99,13368239
14669,99,58792828
146040,99,14068191
33585,99,20936428
15075,99,18851402
93683,99,13398167
65693,99,14899426
27297,99,15535249
23499,99,15166851
29598,99,17957044
9278,99,19597304
15894,99,15234953
31694,99,19480817
28461,99,28010942
37502,99,27407026
6407,99,24303448
22186,99,21087042
27188,99,13508583
69948,99,13053557
-1,0
-1,0
-1,0
-1,0
-1,0
-1,0
-1,0
14017,2468
51342,195
11557,660
33821,464
7848,807
13179,223
30329,119
70151,1125
-1,2102
86857,1175
14947,1071
19539,44020
9250,1056
72815,648
43311,1656
116058,52
174405,212
22454,791
59149,741
38523,1254
2297,286
244226,24
17535,814
184190,471
18446,985
18931,240
199876,25
265583,25
3381,2219
28564,360
240017,38
111379,317
74373,587
110057,317
1860,248
-1,4
10670,1671
29207,1173
6523,4127
2796,2748
69228,124
20059,633
625429,25
14072,5626
7432,1523
3646,1620
47595,329
-1,1
-1,0
18665,15
8483,2834
85509,25
55124,27
28833,50
38865,424
302758,40
190076,25
179041,91
29242,412
19483,80
16428,20
19308,805
146500,190
82288,50
70360,475
20816,330
56133,134
292196,70
-1,3
14586,718
28305,22
12059,3114
72154,93
16234,439
15509,6
104742,13
64023,596
-1,1
-1,3
414395,164
317754,494
61423,316
12064,953
22267,3528
