12305,2376,772167834
130626,99,19484097
20838,99,30467401
15721,99,112448212
15885,99,114734269
18366,99,110705066
68450,99,13368239
14689,99,58633569
145602,99,14068191
33509,99,20912649
15045,99,18851402
93375,99,13398167
65630,99,14893958
27295,99,15525239
23469,99,15165726
29492,99,17952029
9267,99,19562466
15865,99,15234576
31696,99,19462006
28385,99,27979417
37407,99,27387310
6385,99,24298448
22113,99,21086978
27047,99,13508583
84400,99,13039836
-1,0
-1,0
-1,0
-1,0
-1,0
-1,0
-1,0
13951,2468
51029,195
11501,660
33719,464
7795,807
13093,223
30222,119
70117,1125
-1,2102
86702,1175
14911,1071
19382,44020
9151,1056
72448,648
43157,1656
115242,52
173410,212
22363,791
58997,741
38274,1254
2285,286
243870,24
17436,814
183804,471
18437,985
20497,222
199575,25
265098,25
3378,2219
28522,360
239543,38
111266,317
74275,587
109943,317
1849,248
-1,4
10587,1671
29167,1173
6508,4127
2780,2748
69012,124
20036,633
624691,25
14058,5626
7429,1523
3636,1620
47137,329
-1,0
-1,0
18586,15
8460,2834
85164,25
54420,27
28745,50
38620,424
301409,40
189785,25
178592,91
28710,412
19393,80
16318,20
19210,805
146101,190
82157,50
70019,475
20622,330
55712,134
290098,70
-1,3
14594,716
28208,22
12025,3114
72020,93
16163,439
15453,6
104629,13
63583,596
-1,1
-1,3
413695,164
317386,494
60866,316
12013,953
22244,3528
