11981,2376,767080654
132802,99,19251630
21249,99,30097344
15429,99,111668865
15833,99,113509179
18289,99,109576218
67416,99,13368239
14620,99,58026173
143302,99,14067696
33066,99,20823455
14907,99,18851402
91638,99,13397907
65282,99,14871166
26769,99,15503934
23071,99,15165491
29185,99,17926965
9135,99,19514534
15669,99,15233360
31693,99,19393746
27544,99,27979417
37196,99,27257690
6441,99,23981926
21702,99,21066498
26330,99,13507983
79032,99,13039836
-1,0
-1,0
-1,0
-1,0
-1,0
-1,0
-1,0
13647,2468
49747,195
11285,660
33251,464
7509,807
12708,223
29656,119
69789,1125
-1,2102
86001,1175
15211,1039
18744,44020
8670,1056
70616,648
42524,1656
111672,52
168429,212
21929,791
58398,741
36396,1254
2245,286
241912,24
17038,814
182065,471
18311,985
28219,151
197878,25
262902,25
3338,2219
28405,360
237434,38
110638,317
73844,587
109384,317
1808,248
-1,4
10133,1671
28946,1173
6422,4127
2699,2748
68029,124
19916,633
621018,25
13976,5626
7375,1523
3583,1620
45223,329
-1,0
-1,0
18166,15
8304,2834
83528,25
51203,27
28362,50
37502,424
294415,40
188385,25
176314,91
26129,412
18983,80
15829,20
18796,805
143836,190
81446,50
68407,474
19897,330
53662,134
280119,70
-1,3
14394,716
27722,22
11831,3114
71380,93
15822,439
15209,6
104077,13
61555,596
-1,1
-1,3
410229,164
314915,494
58217,316
11842,953
22152,3528
