83635,2333,397240247
138544,99,19022741
247968,99,14244102
190628,99,24973229
102163,99,49590962
79579,99,55764182
259390,94,8026196
63154,99,33423133
566082,94,8054048
156217,99,13364568
201177,99,13073047
89208,99,13467439
106668,99,13811352
169354,99,13201157
238888,90,5699760
216098,97,11754009
208623,94,8401941
157862,94,8277109
134891,99,13343477
147634,99,15115146
396718,98,12025405
174466,91,6375430
124270,99,13078922
91517,99,13163977
109888,96,9988915
-1,0
-1,0
-1,0
-1,0
-1,0
-1,0
-1,0
37640,1405
39873,249
27682,366
34656,456
100445,248
73382,78
242943,8
38121,1697
133333,2568
118838,776
82938,374
160822,5198
40666,740
147887,320
15396,2767
60309,94
173027,212
-1,0
685255,71
535732,15
-1,2
-1,0
76412,231
368799,32
55995,451
-1,3
298265,8
-1,0
87078,269
153085,38
-1,0
-1,4
270082,197
510022,6
394840,10
-1,0
155440,94
49075,865
99338,492
266656,73
253244,56
132864,145
678844,18
404344,595
-1,2
190166,78
68421,287
-1,0
-1,0
-1,0
-1,0
-1,4
61495,15
-1,1
224134,37
191176,86
-1,0
295016,45
-1,0
441350,14
-1,0
-1,0
57501,353
220328,19
15062,1096
96378,100
63635,97
195085,150
109736,5
98999,22
-1,0
134751,566
71797,93
-1,0
93588,1
-1,4
27361,1411
231402,14
-1,4
501658,100
392337,390
3413,1489
21945,629
103471,1276
