81028,2333,395313607
138833,99,18917146
250692,99,14159068
188135,99,24825446
100919,99,49344115
78455,99,55558358
257267,94,8025796
62046,99,33292531
561038,94,8054048
159275,99,13324172
199269,99,13073047
87651,99,13467439
105987,99,13804322
167638,99,13199057
236143,90,5699760
214703,97,11548948
210263,94,8161823
156522,94,8213455
165646,99,13142518
144944,99,15115146
395110,98,11806807
171793,91,6375430
129143,99,13055133
91085,99,13161127
105310,96,9988915
-1,0
-1,0
-1,0
-1,0
-1,0
-1,0
-1,0
36955,1405
38957,249
27268,366
34238,456
99039,248
72300,78
240994,8
37656,1708
128606,2568
118087,776
80877,374
156707,5198
39349,739
144908,320
15197,2767
58671,94
168608,212
-1,0
679630,71
503967,15
-1,2
-1,0
75074,231
365395,32
59225,425
-1,1
294945,8
-1,0
86169,269
152157,38
-1,0
-1,4
267852,197
506266,6
387620,10
-1,0
151248,94
48701,865
98422,492
261035,73
250290,56
131962,145
674735,18
402492,595
-1,2
188457,78
65958,287
-1,0
-1,0
-1,0
-1,0
-1,4
58430,15
-1,1
219419,37
186891,86
-1,0
290950,45
-1,0
437126,14
-1,0
-1,0
56743,353
217943,19
14766,1096
93482,100
61640,97
188390,150
107191,5
97729,22
-1,0
133687,566
71215,93
-1,0
93267,1
-1,4
26556,1411
229574,14
-1,4
497792,100
389757,390
3237,1489
21636,629
102897,1276
