83954,2334,399982335
137315,99,19121417
246044,99,14290734
185914,99,25539513
101272,99,50038886
78602,99,56389377
256142,94,8387874
63631,99,33453613
567097,94,8082338
157149,99,13364760
201735,99,13073191
89334,99,13473820
107148,99,13811352
169465,99,13204088
239849,90,5699794
216341,98,11833317
207132,94,8582881
158509,94,8278320
135364,99,13343477
148542,99,15115146
398442,98,12025405
175487,91,6375430
124824,99,13078954
92071,99,13164047
110668,96,10254601
-1,0
-1,0
-1,0
-1,0
-1,0
-1,0
-1,0
37909,1406
40263,249
27847,366
34838,456
100954,248
73189,79
243681,8
37750,1711
135288,2568
119106,776
83612,374
162142,5198
40210,745
149041,320
15476,2767
60981,94
174691,212
-1,0
687534,71
545346,15
-1,2
-1,0
76996,231
370166,32
56110,451
-1,3
299385,8
-1,0
87374,269
149419,41
-1,0
-1,4
270938,197
511426,6
397402,10
-1,0
157109,94
49219,865
99686,492
268656,73
254308,56
133198,145
680378,18
405074,595
-1,2
190856,78
69404,287
-1,0
53290,41
-1,0
-1,0
-1,4
62592,15
-1,1
225851,37
192784,86
-1,0
296368,45
-1,1
442940,14
-1,0
-1,0
57741,353
221123,19
15131,1096
97666,100
64392,97
197699,150
110731,5
99506,22
-1,0
135122,566
71541,94
-1,0
93670,1
-1,4
27666,1411
232008,14
-1,4
503063,100
393235,390
3504,1489
22080,629
103692,1276
