81229,2333,395393327
138917,99,18920763
250762,99,14161970
188406,99,24830515
101042,99,49352206
78572,99,55564340
257438,94,8025796
62153,99,33296947
561402,94,8054048
159461,99,13324172
199389,99,13073047
87790,99,13467439
106050,99,13804322
167775,99,13199057
236352,90,5699760
214494,97,11597038
210439,94,8162109
156662,94,8213474
165523,99,13143604
145154,99,15115146
395407,98,11806969
171976,91,6375430
129340,99,13055133
91204,99,13161127
105668,96,9988915
-1,0
-1,0
-1,0
-1,0
-1,0
-1,0
-1,0
37009,1405
39022,249
27294,366
34279,456
99159,248
72356,78
241129,8
37664,1708
128954,2568
118132,776
81028,374
157043,5198
39439,739
145139,320
15213,2767
58780,94
168934,212
-1,0
680018,71
506356,15
-1,2
-1,0
75165,231
365647,32
59113,426
-1,1
295181,8
-1,0
86235,269
152200,38
-1,0
-1,4
268014,197
506500,6
388160,10
-1,0
151597,94
48726,865
98491,492
261492,73
250518,56
132015,145
675030,18
402613,595
-1,2
188551,78
66119,287
-1,0
-1,0
-1,0
-1,0
-1,4
58677,15
-1,1
219748,37
187171,86
-1,0
291239,45
-1,0
437422,14
-1,0
-1,0
56798,353
218128,19
14794,1096
93626,100
61797,97
188831,150
107378,5
97804,22
-1,0
133783,566
71252,93
-1,0
93290,1
-1,4
26629,1411
229715,14
-1,4
498050,100
389795,390
3244,1489
21656,629
102923,1276
