83149,2333,396865836
138379,99,19022741
247569,99,14244102
189987,99,24973053
101775,99,49590904
79324,99,55764182
259050,94,8025796
62844,99,33423133
565197,94,8054048
156795,99,13356968
200859,99,13073047
88967,99,13467439
106434,99,13811352
169510,99,13199057
238408,90,5699760
215522,97,11754009
212097,94,8179116
157505,94,8277109
139807,99,13304218
147201,99,15115146
396811,98,11947201
174010,91,6375430
130881,99,13055133
91262,99,13163977
109009,96,9988915
-1,0
-1,0
-1,0
-1,0
-1,0
-1,0
-1,0
37514,1405
39700,249
27595,366
34573,456
100181,248
73190,78
242581,8
38100,1697
132325,2568
118717,776
82616,374
160092,5198
40400,740
147385,320
15360,2767
59992,94
172268,212
-1,0
684193,71
530345,15
-1,2
-1,0
76207,231
368178,32
55966,451
-1,3
297707,8
-1,0
86928,269
152943,38
-1,0
-1,4
269712,197
509404,6
393621,10
-1,0
154723,94
49014,865
99192,492
265689,73
252669,56
132677,145
678196,18
404037,595
-1,2
189845,78
67956,287
-1,0
-1,0
-1,0
-1,0
-1,4
60987,15
-1,1
223311,37
190458,86
-1,0
294367,45
-1,0
440629,14
-1,0
-1,0
57381,353
219938,19
15004,1096
95779,100
63284,97
193847,150
109283,5
98777,22
-1,0
134564,566
71699,93
-1,0
93557,1
-1,4
27204,1411
231102,14
-1,4
500985,100
391915,390
3382,1489
21885,629
103353,1276
