83353,2333,396984005
138364,99,19022741
247618,99,14244102
190176,99,24973061
101908,99,49590906
79416,99,55764182
259186,94,8025996
62973,99,33423133
565523,94,8054048
156178,99,13363048
200976,99,13073047
89080,99,13467439
106519,99,13811352
169426,99,13199937
238588,90,5699760
215731,97,11754009
212302,94,8179203
157644,94,8277109
134748,99,13343477
147362,99,15115146
396544,98,11999865
174183,91,6375430
125507,99,13074122
91363,99,13163977
109365,96,9988915
-1,0
-1,0
-1,0
-1,0
-1,0
-1,0
-1,0
37567,1405
39768,249
27636,366
34607,456
100278,248
73265,78
242714,8
38100,1697
132702,2568
118749,776
82732,374
160342,5198
40497,740
147575,320
15380,2767
60101,94
172536,212
-1,0
684613,71
532423,15
-1,2
-1,0
76284,231
368416,32
55969,451
-1,3
297890,8
-1,0
86973,269
152994,38
-1,0
-1,4
269840,197
509616,6
394072,10
-1,0
154963,94
49036,865
99239,492
266056,73
252875,56
132743,145
678432,18
404158,595
-1,2
189959,78
68114,287
-1,0
-1,0
-1,0
-1,0
-1,4
61119,15
-1,1
223625,37
190744,86
-1,0
294618,45
-1,0
440912,14
-1,0
-1,0
57425,353
220088,19
15019,1096
95990,100
63431,97
194307,150
109457,5
98861,22
-1,0
134627,566
71736,93
-1,0
93568,1
-1,4
27263,1411
231216,14
-1,4
501212,100
392043,390
3394,1489
21900,629
103384,1276
