84601,2334,400354889
137011,99,19154438
244559,99,14323756
186450,99,25572534
101530,99,50103476
78690,99,56484185
256463,94,8401914
63993,99,33464229
568247,94,8088428
157799,99,13364760
202196,99,13073191
89587,99,13473820
107364,99,13811352
166660,99,13218033
240259,90,5702876
217190,98,11833317
207773,94,8583241
158910,94,8278320
135655,99,13343477
149161,99,15115146
398977,98,12091084
176090,91,6375430
125136,99,13079234
92448,99,13164047
111954,96,10254601
-1,0
-1,0
-1,0
-1,0
-1,0
-1,0
-1,0
38076,1406
40552,249
27975,366
34958,456
101319,248
73439,79
244203,8
37747,1711
136485,2568
119156,776
84021,374
162999,5198
40548,745
149794,320
15510,2767
61406,94
175781,212
-1,0
689024,71
552157,15
-1,2
-1,0
77420,231
371075,32
56180,451
-1,3
300141,8
-1,0
87587,269
149645,41
-1,0
-1,4
271506,197
512373,6
399289,10
-1,0
158288,94
49331,865
99909,492
269882,73
255123,56
133453,145
681306,18
405540,595
-1,2
191355,78
70109,287
-1,0
54544,41
-1,0
-1,0
-1,4
63344,15
-1,1
227026,37
194063,86
-1,0
297235,45
-1,1
443907,14
-1,0
-1,0
57863,353
221674,19
15195,1096
98417,100
64952,97
199431,150
111500,5
99891,22
-1,0
135367,566
71633,94
-1,0
93710,1
-1,4
27893,1411
232354,14
-1,4
503983,100
393584,390
3562,1489
22156,629
99504,1319
