440373,2050,198562317
845798,90,5422068
848531,88,4404892
951082,95,9396625
794127,98,12084447
707561,98,12539786
474698,85,3271258
944425,93,7382328
244013,99,13234368
108027,99,13897045
512777,90,5448330
785043,80,2151321
624180,90,5492694
434611,89,4925724
492311,84,3067787
613504,84,3005776
371129,88,4505305
525693,80,2066647
449304,85,3423615
628089,88,4577600
6412,99,69203885
545916,75,1307670
293022,89,4845342
518121,83,2907804
-1,1,0
-1,0
-1,0
-1,0
-1,0
-1,0
-1,0
-1,0
44550,1263
39562,250
28681,352
35018,453
220376,137
137231,45
124613,26
-1,492
-1,2500
-1,1
517696,81
-1,0
135324,504
-1,0
-1,0
-1,0
-1,0
-1,0
57566,750
219990,191
343511,5
-1,0
-1,0
-1,0
387732,5
-1,0
-1,0
364015,10
359411,6
-1,0
50481,150
219612,134
99152,478
215868,133
158362,25
-1,0
118816,175
-1,4
128215,350
49479,526
13663,273
100911,200
286375,127
540662,189
136563,94
-1,1
-1,1
-1,0
-1,0
215089,1
-1,0
-1,0
-1,0
377783,5
212370,45
72743,325
-1,0
45094,350
-1,0
-1,3
-1,0
-1,0
236180,130
-1,0
-1,0
-1,0
-1,1
-1,0
-1,1
-1,0
-1,0
-1,0
-1,0
-1,0
-1,0
-1,2
-1,1
-1,0
78102,112
73234,1170
711597,170
-1,0
315718,20
241615,500
