442069,2050,198562317
847682,90,5422068
850255,88,4404892
953218,95,9396625
795859,98,12084447
709142,98,12539786
475697,85,3271258
946225,93,7382328
244639,99,13234368
108465,99,13897045
513717,90,5448330
786677,80,2151321
625419,90,5492694
435692,89,4925724
493550,84,3067787
615204,84,3005776
372110,88,4505305
526968,80,2066647
450351,85,3423615
629491,88,4577600
6441,99,69203885
547168,75,1307670
293829,89,4845342
519538,83,2907804
-1,1,0
-1,0
-1,0
-1,0
-1,0
-1,0
-1,0
-1,0
44736,1263
39755,250
28796,352
35123,453
220857,137
137535,45
124911,26
-1,492
-1,2500
-1,1
519396,81
-1,0
136235,504
-1,0
-1,0
-1,0
-1,0
-1,0
57661,750
222123,191
344115,5
-1,0
-1,0
-1,0
388372,5
-1,0
-1,0
364894,10
360027,6
-1,0
50600,150
219873,134
99263,478
216122,133
159022,25
-1,0
119560,175
-1,4
128485,350
49773,526
13710,273
101068,200
286580,127
541394,189
136787,94
-1,1
-1,1
-1,0
-1,0
215628,1
-1,0
-1,0
-1,0
378399,5
213405,45
73090,325
-1,0
45155,350
-1,0
-1,3
-1,0
-1,0
236847,130
-1,0
-1,0
-1,0
-1,1
-1,0
-1,1
-1,0
-1,0
-1,0
-1,0
-1,0
-1,0
-1,2
-1,1
-1,0
78263,112
73335,1170
712636,170
-1,0
316624,20
242014,500
