446510,2050,198562317
852076,90,5422068
854356,88,4404892
958249,95,9396625
800096,98,12084447
712531,98,12539786
478148,85,3271258
949517,93,7382328
246248,99,13234368
109642,99,13897045
516174,90,5448330
790590,80,2151321
628319,90,5492694
438524,89,4925724
496262,84,3067787
619463,84,3005776
374428,88,4505305
529813,80,2066647
453114,85,3423615
633215,88,4577600
6506,99,69203885
550390,75,1307670
295787,89,4845342
522984,83,2907804
-1,1,0
-1,0
-1,0
-1,0
-1,0
-1,0
-1,0
-1,0
45218,1263
40363,250
29074,352
35381,453
222091,137
138398,45
125689,26
-1,492
-1,2500
-1,1
523679,81
-1,0
138308,504
-1,0
-1,0
-1,0
-1,0
-1,0
57989,750
226706,191
345994,5
-1,0
-1,0
-1,0
389928,5
-1,0
-1,0
367045,10
361528,6
-1,0
50980,150
220703,134
99641,478
216822,133
160895,25
-1,0
121695,175
-1,4
129131,350
50496,526
13829,273
101490,200
287224,127
543491,189
137406,94
-1,1
-1,1
-1,0
-1,0
216840,1
-1,0
-1,0
-1,0
380037,5
215966,45
74093,325
-1,0
45307,350
-1,0
-1,3
-1,0
-1,0
238527,130
-1,0
-1,0
-1,0
-1,1
-1,0
-1,1
-1,0
-1,0
-1,0
-1,0
-1,0
-1,0
-1,2
-1,1
-1,0
78708,112
73580,1170
714860,170
-1,0
318911,20
243208,500
