433850,2050,198562317
838087,90,5422068
841114,88,4404892
942137,95,9396625
786446,98,12084447
701304,98,12539786
470818,85,3271258
937209,93,7382328
241593,99,13234368
106412,99,13897045
509185,90,5448330
778628,80,2151321
619525,90,5492694
430266,89,4925724
487777,84,3067787
607465,84,3005776
367514,88,4505305
520622,80,2066647
445428,85,3423615
622432,88,4577600
6332,99,69203885
540451,75,1307670
289562,89,4845342
512668,83,2907804
-1,1,0
-1,0
-1,0
-1,0
-1,0
-1,0
-1,0
-1,0
43922,1263
38837,250
28336,352
34691,453
218557,137
136055,45
123513,26
-1,492
-1,2500
-1,1
510662,81
-1,0
132189,504
-1,0
-1,0
-1,0
-1,0
-1,0
57138,750
211812,191
341026,5
-1,0
-1,0
-1,0
384676,5
-1,0
-1,0
360655,10
357043,6
-1,0
50041,150
218524,134
98723,478
214931,133
155955,25
-1,0
115987,175
-1,4
127225,350
48422,526
13497,273
100389,200
285462,127
537778,189
135771,94
-1,1
-1,1
-1,0
-1,0
213298,1
-1,0
-1,0
-1,0
375266,5
208604,45
71531,325
-1,0
44823,350
-1,0
-1,3
-1,0
-1,0
233371,130
-1,0
-1,0
-1,0
-1,1
-1,0
-1,1
-1,0
-1,0
-1,0
-1,0
-1,0
-1,0
-1,2
-1,1
-1,0
77482,112
72819,1170
707372,170
-1,0
312228,20
240055,500
