432704,2050,198562317
837140,90,5422068
840242,88,4404892
941123,95,9396625
785476,98,12084447
700662,98,12539786
470429,85,3271258
936510,93,7382328
241235,99,13234368
106128,99,13897045
508881,90,5448330
777845,80,2151321
618897,90,5492694
429646,89,4925724
487152,84,3067787
606473,84,3005776
366999,88,4505305
519773,80,2066647
444900,85,3423615
621537,88,4577600
6316,99,69203885
539655,75,1307670
289049,89,4845342
512108,83,2907804
-1,1,0
-1,0
-1,0
-1,0
-1,0
-1,0
-1,0
-1,0
43811,1263
38712,250
28276,352
34645,453
218271,137
135889,45
123348,26
-1,492
-1,2500
-1,1
509731,81
-1,0
131692,504
-1,0
-1,0
-1,0
-1,0
-1,0
57087,750
210343,191
340690,5
-1,0
-1,0
-1,0
384030,5
-1,0
-1,0
360276,10
356783,6
-1,0
49976,150
218419,134
98694,478
214859,133
155552,25
-1,0
115517,175
-1,4
127104,350
48196,526
13473,273
100351,200
285542,127
537515,189
135706,94
-1,1
-1,1
-1,0
-1,0
212994,1
-1,0
-1,0
-1,0
374964,5
208015,45
71351,325
-1,0
44776,350
-1,0
-1,3
-1,0
-1,0
232911,130
-1,0
-1,0
-1,0
-1,1
-1,0
-1,1
-1,0
-1,0
-1,0
-1,0
-1,0
-1,0
-1,2
-1,1
-1,0
77381,112
72781,1170
706915,170
-1,0
311689,20
239892,500
