444706,2050,198562317
850586,90,5422068
853080,88,4404892
956622,95,9396625
798774,98,12084447
711438,98,12539786
477178,85,3271258
948595,93,7382328
245584,99,13234368
109173,99,13897045
515166,90,5448330
789134,80,2151321
627323,90,5492694
437340,89,4925724
495310,84,3067787
618041,84,3005776
373466,88,4505305
528806,80,2066647
452034,85,3423615
631718,88,4577600
6474,99,69203885
549192,75,1307670
295066,89,4845342
521643,83,2907804
-1,1,0
-1,0
-1,0
-1,0
-1,0
-1,0
-1,0
-1,0
45027,1263
40097,250
28950,352
35262,453
221630,137
138037,45
125380,26
-1,492
-1,2500
-1,1
521966,81
-1,0
137473,504
-1,0
-1,0
-1,0
-1,0
-1,0
57861,750
224896,191
345310,5
-1,0
-1,0
-1,0
389393,5
-1,0
-1,0
366229,10
360923,6
-1,0
50830,150
220358,134
99496,478
216538,133
160116,25
-1,0
120781,175
-1,4
128873,350
50192,526
13774,273
101321,200
287008,127
542618,189
137140,94
-1,1
-1,1
-1,0
-1,0
216366,1
-1,0
-1,0
-1,0
379382,5
214946,45
73648,325
-1,0
45231,350
-1,0
-1,3
-1,0
-1,0
237903,130
-1,0
-1,0
-1,0
-1,1
-1,0
-1,1
-1,0
-1,0
-1,0
-1,0
-1,0
-1,0
-1,2
-1,1
-1,0
78564,112
73495,1170
714089,170
-1,0
318036,20
242734,500
