431366,2050,198340443
835709,90,5422068
838908,88,4403982
939418,95,9396329
784028,98,12084044
699513,98,12539780
469773,85,3271258
935033,93,7382049
240729,99,13234368
105806,99,13897020
508345,90,5447690
776596,80,2151321
618046,90,5492694
428761,89,4925724
486319,84,3067787
605240,84,3005776
366335,88,4505174
518886,80,2066647
444237,85,3423615
620349,88,4577600
6335,99,68984701
538766,75,1307670
288436,89,4845342
511115,83,2907804
-1,1,0
-1,0
-1,0
-1,0
-1,0
-1,0
-1,0
-1,0
43695,1263
38593,250
28233,352
34599,453
217881,137
135705,45
123165,26
-1,492
-1,2500
-1,1
508555,81
-1,0
131160,504
-1,0
-1,0
-1,0
-1,0
-1,0
57026,750
208682,191
340197,5
-1,0
-1,0
-1,0
383496,5
-1,0
-1,0
359691,10
356402,6
-1,0
49886,150
218239,134
98604,478
214701,133
155103,25
-1,0
114993,175
-1,4
126945,350
47974,526
13500,272
100275,200
285377,127
537006,189
135557,94
-1,1
-1,1
-1,0
-1,0
212647,1
-1,0
-1,0
-1,0
374478,5
207299,45
71133,325
-1,0
44709,350
-1,0
-1,3
-1,0
-1,0
232350,130
-1,0
-1,0
-1,0
-1,1
-1,0
-1,1
-1,0
-1,0
-1,0
-1,0
-1,0
-1,0
-1,2
-1,1
-1,0
77248,112
72711,1170
706085,170
-1,0
311069,20
239623,500
