440074,2050,198562317
845383,90,5422068
848170,88,4404892
950580,95,9396625
793743,98,12084447
707204,98,12539786
474493,85,3271258
944049,93,7382328
243889,99,13234368
107949,99,13897045
512618,90,5448330
784747,80,2151321
623918,90,5492694
434412,89,4925724
492086,84,3067787
613182,84,3005776
370924,88,4505305
525438,80,2066647
449129,85,3423615
627800,88,4577600
6412,99,69203885
545644,75,1307670
292843,89,4845342
517831,83,2907804
-1,1,0
-1,0
-1,0
-1,0
-1,0
-1,0
-1,0
-1,0
44516,1263
39517,250
28662,352
35006,453
220288,137
137180,45
124567,26
-1,492
-1,2500
-1,1
517373,81
-1,0
135142,504
-1,0
-1,0
-1,0
-1,0
-1,0
57537,750
219620,191
343359,5
-1,0
-1,0
-1,0
387562,5
-1,0
-1,0
363841,10
359276,6
-1,0
50455,150
219549,134
99127,478
215815,133
158227,25
-1,0
118665,175
-1,4
128166,350
49423,526
13654,273
100873,200
286314,127
540494,189
136510,94
-1,1
-1,1
-1,0
-1,0
214983,1
-1,0
-1,0
-1,0
377633,5
212185,45
72675,325
-1,0
45077,350
-1,0
-1,3
-1,0
-1,0
236036,130
-1,0
-1,0
-1,0
-1,1
-1,0
-1,1
-1,0
-1,0
-1,0
-1,0
-1,0
-1,0
-1,2
-1,1
-1,0
78072,112
73211,1170
711382,170
-1,0
315517,20
241525,500
