433111,2050,198562317
837061,90,5422068
840147,88,4404892
940943,95,9396625
785473,98,12084447
700457,98,12539786
470330,85,3271258
936063,93,7382328
241302,99,13234368
106243,99,13897045
508795,90,5448330
777973,80,2151321
618953,90,5492694
429763,89,4925724
487229,84,3067787
606758,84,3005776
367043,88,4505305
519930,80,2066647
444988,85,3423615
621650,88,4577600
6321,99,69203885
539769,75,1307670
289201,89,4845342
511971,83,2907804
-1,1,0
-1,0
-1,0
-1,0
-1,0
-1,0
-1,0
-1,0
43851,1263
38782,250
28298,352
34650,453
218335,137
135928,45
123397,26
-1,492
-1,2500
-1,1
509926,81
-1,0
131865,504
-1,0
-1,0
-1,0
-1,0
-1,0
57094,750
210884,191
340717,5
-1,0
-1,0
-1,0
384121,5
-1,0
-1,0
360215,10
356702,6
-1,0
49990,150
218367,134
98668,478
214797,133
155695,25
-1,0
115698,175
-1,4
127102,350
48290,526
13480,273
100343,200
285296,127
537399,189
135676,94
-1,1
-1,1
-1,0
-1,0
213065,1
-1,0
-1,0
-1,0
374939,5
208197,45
71390,325
-1,0
44762,350
-1,0
-1,3
-1,0
-1,0
233020,130
-1,0
-1,0
-1,0
-1,1
-1,0
-1,1
-1,0
-1,0
-1,0
-1,0
-1,0
-1,0
-1,2
-1,1
-1,0
77402,112
72759,1170
706868,170
-1,0
311781,20
239848,500
