435447,2050,198562317
839866,90,5422068
842915,88,4404892
944233,95,9396625
788214,98,12084447
702700,98,12539786
471713,85,3271258
938816,93,7382328
242171,99,13234368
106844,99,13897045
510026,90,5448330
780271,80,2151321
620517,90,5492694
431326,89,4925724
488826,84,3067787
608820,84,3005776
368373,88,4505305
521805,80,2066647
446327,85,3423615
623726,88,4577600
6346,99,69203885
541690,75,1307670
290379,89,4845342
513900,83,2907804
-1,1,0
-1,0
-1,0
-1,0
-1,0
-1,0
-1,0
-1,0
44081,1263
39003,250
28419,352
34783,453
218970,137
136306,45
123771,26
-1,492
-1,2500
-1,1
512276,81
-1,0
132852,504
-1,0
-1,0
-1,0
-1,0
-1,0
57223,750
213692,191
341577,5
-1,0
-1,0
-1,0
385411,5
-1,0
-1,0
361397,10
357548,6
-1,0
50127,150
218760,134
98815,478
215124,133
156503,25
-1,0
116627,175
-1,4
127435,350
48673,526
13534,273
100478,200
285630,127
538349,189
135927,94
-1,1
-1,1
-1,0
-1,0
213669,1
-1,0
-1,0
-1,0
375836,5
209422,45
71820,325
-1,0
44908,350
-1,0
-1,3
-1,0
-1,0
234080,130
-1,0
-1,0
-1,0
-1,1
-1,0
-1,1
-1,0
-1,0
-1,0
-1,0
-1,0
-1,0
-1,2
-1,1
-1,0
77685,112
72919,1170
708220,170
-1,0
312990,20
240373,500
