445665,2050,198562317
851122,90,5422068
853462,88,4404892
957199,95,9396625
799167,98,12084447
711768,98,12539786
477679,85,3271258
948642,93,7382328
245955,99,13234368
109408,99,13897045
515679,90,5448330
789830,80,2151321
627690,90,5492694
437961,89,4925724
495746,84,3067787
618584,84,3005776
373961,88,4505305
529179,80,2066647
452590,85,3423615
632543,88,4577600
6497,99,69203885
549728,75,1307670
295379,89,4845342
522313,83,2907804
-1,1,0
-1,0
-1,0
-1,0
-1,0
-1,0
-1,0
-1,0
45131,1263
40245,250
29016,352
35316,453
221873,137
138229,45
125541,26
-1,492
-1,2500
-1,1
522795,81
-1,0
137933,504
-1,0
-1,0
-1,0
-1,0
-1,0
57926,750
225814,191
345663,5
-1,0
-1,0
-1,0
389598,5
-1,0
-1,0
366640,10
361241,6
-1,0
50910,150
220538,134
99569,478
216681,133
160528,25
-1,0
121285,175
-1,4
129015,350
50365,526
13803,273
101406,200
287084,127
543087,189
137287,94
-1,1
-1,1
-1,0
-1,0
216607,1
-1,0
-1,0
-1,0
379733,5
215494,45
73881,325
-1,0
45276,350
-1,0
-1,3
-1,0
-1,0
238190,130
-1,0
-1,0
-1,0
-1,1
-1,0
-1,1
-1,0
-1,0
-1,0
-1,0
-1,0
-1,0
-1,2
-1,1
-1,0
78616,112
73532,1170
714320,170
-1,0
318512,20
242956,500
