444957,2050,198562317
850811,90,5422068
853290,88,4404892
956902,95,9396625
798919,98,12084447
711480,98,12539786
477322,85,3271258
948747,93,7382328
245680,99,13234368
109246,99,13897045
515315,90,5448330
789360,80,2151321
627491,90,5492694
437529,89,4925724
495492,84,3067787
618344,84,3005776
373602,88,4505305
528987,80,2066647
452196,85,3423615
631937,88,4577600
6476,99,69203885
549395,75,1307670
295169,89,4845342
521854,83,2907804
-1,1,0
-1,0
-1,0
-1,0
-1,0
-1,0
-1,0
-1,0
45053,1263
40135,250
28972,352
35282,453
221697,137
138088,45
125428,26
-1,492
-1,2500
-1,1
522237,81
-1,0
137579,504
-1,0
-1,0
-1,0
-1,0
-1,0
57880,750
225078,191
345396,5
-1,0
-1,0
-1,0
389447,5
-1,0
-1,0
366330,10
361011,6
-1,0
50845,150
220394,134
99511,478
216567,133
160208,25
-1,0
120899,175
-1,4
128911,350
50230,526
13781,273
101343,200
287038,127
542742,189
137179,94
-1,1
-1,1
-1,0
-1,0
216435,1
-1,0
-1,0
-1,0
379455,5
215089,45
73714,325
-1,0
45256,350
-1,0
-1,3
-1,0
-1,0
238002,130
-1,0
-1,0
-1,0
-1,1
-1,0
-1,1
-1,0
-1,0
-1,0
-1,0
-1,0
-1,0
-1,2
-1,1
-1,0
78582,112
73503,1170
714255,170
-1,0
318152,20
242780,500
